0 0 1 546.0 1110.0 1.0 Pedestrian
1 12 1 535.0 1090.0 1.0 Pedestrian
2 24 1 526.0 1073.0 1.0 Pedestrian
3 36 1 516.0 1057.0 1.0 Pedestrian
4 48 1 507.0 1038.0 1.0 Pedestrian
5 60 1 502.0 1026.0 1.0 Pedestrian
6 72 1 494.0 1013.0 1.0 Pedestrian
7 84 1 489.0 1001.0 1.0 Pedestrian
8 96 1 481.0 988.0 1.0 Pedestrian
9 108 1 476.0 976.0 1.0 Pedestrian
10 120 1 468.0 964.0 1.0 Pedestrian
11 132 1 463.0 951.0 1.0 Pedestrian
12 144 1 457.0 935.0 1.0 Pedestrian
13 156 1 450.0 918.0 1.0 Pedestrian
14 168 1 444.0 902.0 1.0 Pedestrian
15 180 1 439.0 885.0 1.0 Pedestrian
16 192 1 433.0 869.0 1.0 Pedestrian
17 204 1 427.5 856.0 1.0 Pedestrian
18 216 1 422.0 848.0 1.0 Pedestrian
19 228 1 418.0 836.0 1.0 Pedestrian
20 0 3 559.0 998.5 3.0 Pedestrian
21 12 3 581.0 986.5 3.0 Pedestrian
22 24 3 603.5 978.0 3.0 Pedestrian
23 36 3 626.0 965.5 3.0 Pedestrian
24 48 3 642.5 961.5 3.0 Pedestrian
25 60 3 655.0 953.5 3.0 Pedestrian
26 72 3 666.5 949.5 3.0 Pedestrian
27 84 3 679.5 941.0 3.0 Pedestrian
28 96 3 687.0 937.0 3.0 Pedestrian
29 108 3 689.0 937.0 3.0 Pedestrian
30 120 3 692.5 937.0 3.0 Pedestrian
31 132 3 694.0 934.5 3.0 Pedestrian
32 144 3 696.0 934.5 3.0 Pedestrian
33 156 3 698.0 930.5 3.0 Pedestrian
34 168 3 700.0 930.5 3.0 Pedestrian
35 180 3 700.0 930.5 3.0 Pedestrian
36 192 3 702.0 926.5 3.0 Pedestrian
37 204 3 703.5 926.5 3.0 Pedestrian
38 216 3 703.5 922.5 3.0 Pedestrian
39 228 3 705.0 922.5 3.0 Pedestrian
40 0 5 546.0 1065.0 4.0 Pedestrian
41 12 5 550.0 1065.0 4.0 Pedestrian
42 24 5 553.5 1065.0 4.0 Pedestrian
43 36 5 559.0 1067.0 4.0 Pedestrian
44 48 5 563.0 1067.0 4.0 Pedestrian
45 60 5 568.0 1071.0 4.0 Pedestrian
46 72 5 572.0 1071.0 4.0 Pedestrian
47 84 5 577.5 1075.0 4.0 Pedestrian
48 96 5 583.0 1079.0 4.0 Pedestrian
49 108 5 589.0 1083.0 4.0 Pedestrian
50 120 5 592.0 1088.0 4.0 Pedestrian
51 132 5 598.0 1092.0 4.0 Pedestrian
52 144 5 603.5 1096.0 4.0 Pedestrian
53 156 5 609.0 1100.0 4.0 Pedestrian
54 168 5 616.5 1104.0 4.0 Pedestrian
55 180 5 628.0 1104.0 4.0 Pedestrian
56 192 5 639.0 1104.0 4.0 Pedestrian
57 204 5 646.0 1108.0 4.0 Pedestrian
58 216 5 646.0 1108.0 4.0 Pedestrian
59 228 5 646.0 1108.0 4.0 Pedestrian
60 0 9 1202.5 1075.0 9.0 Pedestrian
61 12 9 1201.0 1071.0 9.0 Pedestrian
62 24 9 1201.0 1071.0 9.0 Pedestrian
63 36 9 1201.0 1071.0 9.0 Pedestrian
64 48 9 1201.0 1071.0 9.0 Pedestrian
65 60 9 1201.0 1071.0 9.0 Pedestrian
66 72 9 1201.0 1071.0 9.0 Pedestrian
67 84 9 1201.0 1071.0 9.0 Pedestrian
68 96 9 1201.0 1071.0 9.0 Pedestrian
69 108 9 1201.0 1071.0 9.0 Pedestrian
70 120 9 1201.0 1071.0 9.0 Pedestrian
71 132 9 1199.5 1067.0 9.0 Pedestrian
72 144 9 1199.5 1067.0 9.0 Pedestrian
73 156 9 1199.5 1067.0 9.0 Pedestrian
74 168 9 1199.5 1067.0 9.0 Pedestrian
75 180 9 1199.5 1067.0 9.0 Pedestrian
76 192 9 1199.5 1067.0 9.0 Pedestrian
77 204 9 1199.5 1067.0 9.0 Pedestrian
78 216 9 1199.5 1067.0 9.0 Pedestrian
79 228 9 1199.5 1067.0 9.0 Pedestrian
80 0 11 1192.0 1032.0 10.0 Pedestrian
81 12 11 1192.0 1032.0 10.0 Pedestrian
82 24 11 1192.0 1032.0 10.0 Pedestrian
83 36 11 1192.0 1032.0 10.0 Pedestrian
84 48 11 1192.0 1032.0 10.0 Pedestrian
85 60 11 1192.0 1032.0 10.0 Pedestrian
86 72 11 1192.0 1032.0 10.0 Pedestrian
87 84 11 1192.0 1032.0 10.0 Pedestrian
88 96 11 1192.0 1032.0 10.0 Pedestrian
89 108 11 1192.0 1032.0 10.0 Pedestrian
90 120 11 1192.0 1032.0 10.0 Pedestrian
91 132 11 1192.0 1032.0 10.0 Pedestrian
92 144 11 1192.0 1032.0 10.0 Pedestrian
93 156 11 1192.0 1032.0 10.0 Pedestrian
94 168 11 1192.0 1032.0 10.0 Pedestrian
95 180 11 1192.0 1032.0 10.0 Pedestrian
96 192 11 1192.0 1032.0 10.0 Pedestrian
97 204 11 1192.0 1032.0 10.0 Pedestrian
98 216 11 1192.0 1032.0 10.0 Pedestrian
99 228 11 1192.0 1032.0 10.0 Pedestrian
100 0 13 1061.0 881.0 13.0 Pedestrian
101 12 13 1061.0 881.0 13.0 Pedestrian
102 24 13 1061.0 881.0 13.0 Pedestrian
103 36 13 1061.0 881.0 13.0 Pedestrian
104 48 13 1061.0 881.0 13.0 Pedestrian
105 60 13 1061.0 881.0 13.0 Pedestrian
106 72 13 1061.0 881.0 13.0 Pedestrian
107 84 13 1061.0 881.0 13.0 Pedestrian
108 96 13 1061.0 881.0 13.0 Pedestrian
109 108 13 1061.0 881.0 13.0 Pedestrian
110 120 13 1061.0 881.0 13.0 Pedestrian
111 132 13 1061.0 881.0 13.0 Pedestrian
112 144 13 1061.0 881.0 13.0 Pedestrian
113 156 13 1061.0 881.0 13.0 Pedestrian
114 168 13 1061.0 881.0 13.0 Pedestrian
115 180 13 1061.0 881.0 13.0 Pedestrian
116 192 13 1061.0 881.0 13.0 Pedestrian
117 204 13 1061.0 881.0 13.0 Pedestrian
118 216 13 1061.0 881.0 13.0 Pedestrian
119 228 13 1061.0 881.0 13.0 Pedestrian
120 0 15 247.5 718.0 14.0 Pedestrian
121 12 15 247.5 718.0 14.0 Pedestrian
122 24 15 247.5 718.0 14.0 Pedestrian
123 36 15 247.5 718.0 14.0 Pedestrian
124 48 15 247.5 718.0 14.0 Pedestrian
125 60 15 247.5 718.0 14.0 Pedestrian
126 72 15 247.5 718.0 14.0 Pedestrian
127 84 15 247.5 718.0 14.0 Pedestrian
128 96 15 247.5 718.0 14.0 Pedestrian
129 108 15 247.5 718.0 14.0 Pedestrian
130 120 15 247.5 718.0 14.0 Pedestrian
131 132 15 247.5 718.0 14.0 Pedestrian
132 144 15 247.5 718.0 14.0 Pedestrian
133 156 15 247.5 718.0 14.0 Pedestrian
134 168 15 247.5 718.0 14.0 Pedestrian
135 180 15 247.5 718.0 14.0 Pedestrian
136 192 15 247.5 718.0 14.0 Pedestrian
137 204 15 247.5 718.0 14.0 Pedestrian
138 216 15 247.5 718.0 14.0 Pedestrian
139 228 15 247.5 718.0 14.0 Pedestrian
140 0 17 236.5 745.0 15.0 Pedestrian
141 12 17 236.5 745.0 15.0 Pedestrian
142 24 17 236.5 745.0 15.0 Pedestrian
143 36 17 236.5 745.0 15.0 Pedestrian
144 48 17 236.5 745.0 15.0 Pedestrian
145 60 17 236.5 745.0 15.0 Pedestrian
146 72 17 236.5 745.0 15.0 Pedestrian
147 84 17 236.5 745.0 15.0 Pedestrian
148 96 17 236.5 745.0 15.0 Pedestrian
149 108 17 236.5 745.0 15.0 Pedestrian
150 120 17 236.5 745.0 15.0 Pedestrian
151 132 17 236.5 745.0 15.0 Pedestrian
152 144 17 236.5 745.0 15.0 Pedestrian
153 156 17 236.5 745.0 15.0 Pedestrian
154 168 17 236.5 745.0 15.0 Pedestrian
155 180 17 236.5 745.0 15.0 Pedestrian
156 192 17 236.5 745.0 15.0 Pedestrian
157 204 17 236.5 745.0 15.0 Pedestrian
158 216 17 236.5 745.0 15.0 Pedestrian
159 228 17 236.5 745.0 15.0 Pedestrian
160 0 19 268.5 749.0 16.0 Pedestrian
161 12 19 268.5 749.0 16.0 Pedestrian
162 24 19 268.5 749.0 16.0 Pedestrian
163 36 19 268.5 749.0 16.0 Pedestrian
164 48 19 268.5 749.0 16.0 Pedestrian
165 60 19 268.5 749.0 16.0 Pedestrian
166 72 19 268.5 749.0 16.0 Pedestrian
167 84 19 268.5 749.0 16.0 Pedestrian
168 96 19 268.5 749.0 16.0 Pedestrian
169 108 19 268.5 749.0 16.0 Pedestrian
170 120 19 268.5 749.0 16.0 Pedestrian
171 132 19 268.5 749.0 16.0 Pedestrian
172 144 19 268.5 749.0 16.0 Pedestrian
173 156 19 268.5 749.0 16.0 Pedestrian
174 168 19 268.5 749.0 16.0 Pedestrian
175 180 19 268.5 749.0 16.0 Pedestrian
176 192 19 268.5 749.0 16.0 Pedestrian
177 204 19 268.5 749.0 16.0 Pedestrian
178 216 19 268.5 749.0 16.0 Pedestrian
179 228 19 268.5 749.0 16.0 Pedestrian
180 0 21 182.5 732.5 17.0 Pedestrian
181 12 21 182.5 732.5 17.0 Pedestrian
182 24 21 182.5 732.5 17.0 Pedestrian
183 36 21 182.5 732.5 17.0 Pedestrian
184 48 21 182.5 732.5 17.0 Pedestrian
185 60 21 182.5 732.5 17.0 Pedestrian
186 72 21 182.5 732.5 17.0 Pedestrian
187 84 21 182.5 732.5 17.0 Pedestrian
188 96 21 182.5 732.5 17.0 Pedestrian
189 108 21 182.5 732.5 17.0 Pedestrian
190 120 21 182.5 732.5 17.0 Pedestrian
191 132 21 182.5 732.5 17.0 Pedestrian
192 144 21 182.5 732.5 17.0 Pedestrian
193 156 21 182.5 732.5 17.0 Pedestrian
194 168 21 182.5 732.5 17.0 Pedestrian
195 180 21 182.5 732.5 17.0 Pedestrian
196 192 21 182.5 732.5 17.0 Pedestrian
197 204 21 182.5 732.5 17.0 Pedestrian
198 216 21 182.5 732.5 17.0 Pedestrian
199 228 21 182.5 732.5 17.0 Pedestrian
200 0 25 1064.0 757.0 21.0 Pedestrian
201 12 25 1049.0 753.0 21.0 Pedestrian
202 24 25 1034.5 751.0 21.0 Pedestrian
203 36 25 1019.5 747.0 21.0 Pedestrian
204 48 25 1004.5 747.0 21.0 Pedestrian
205 60 25 990.0 745.0 21.0 Pedestrian
206 72 25 977.0 745.0 21.0 Pedestrian
207 84 25 965.5 745.0 21.0 Pedestrian
208 96 25 956.5 745.0 21.0 Pedestrian
209 108 25 946.0 745.0 21.0 Pedestrian
210 120 25 937.0 745.0 21.0 Pedestrian
211 132 25 920.5 741.0 21.0 Pedestrian
212 144 25 905.5 736.5 21.0 Pedestrian
213 156 25 890.5 732.5 21.0 Pedestrian
214 168 25 876.0 728.0 21.0 Pedestrian
215 180 25 865.0 728.0 21.0 Pedestrian
216 192 25 853.5 728.0 21.0 Pedestrian
217 204 25 844.5 728.0 21.0 Pedestrian
218 216 25 833.0 728.0 21.0 Pedestrian
219 228 25 822.0 732.5 21.0 Pedestrian
220 0 60 275.5 720.0 45.0 Pedestrian
221 12 60 275.5 720.0 45.0 Pedestrian
222 24 60 275.5 720.0 45.0 Pedestrian
223 36 60 275.5 720.0 45.0 Pedestrian
224 48 60 275.5 720.0 45.0 Pedestrian
225 60 60 275.5 720.0 45.0 Pedestrian
226 72 60 275.5 720.0 45.0 Pedestrian
227 84 60 275.5 720.0 45.0 Pedestrian
228 96 60 275.5 720.0 45.0 Pedestrian
229 108 60 275.5 720.0 45.0 Pedestrian
230 120 60 275.5 720.0 45.0 Pedestrian
231 132 60 275.5 720.0 45.0 Pedestrian
232 144 60 275.5 720.0 45.0 Pedestrian
233 156 60 275.5 720.0 45.0 Pedestrian
234 168 60 275.5 720.0 45.0 Pedestrian
235 180 60 275.5 720.0 45.0 Pedestrian
236 192 60 275.5 720.0 45.0 Pedestrian
237 204 60 275.5 720.0 45.0 Pedestrian
238 216 60 275.5 720.0 45.0 Pedestrian
239 228 60 275.5 720.0 45.0 Pedestrian
240 0 70 156.0 730.0 51.0 Pedestrian
241 12 70 156.0 730.0 51.0 Pedestrian
242 24 70 156.0 730.0 51.0 Pedestrian
243 36 70 156.0 730.0 51.0 Pedestrian
244 48 70 156.0 730.0 51.0 Pedestrian
245 60 70 156.0 730.0 51.0 Pedestrian
246 72 70 156.0 730.0 51.0 Pedestrian
247 84 70 156.0 730.0 51.0 Pedestrian
248 96 70 156.0 730.0 51.0 Pedestrian
249 108 70 156.0 730.0 51.0 Pedestrian
250 120 70 156.0 730.0 51.0 Pedestrian
251 132 70 156.0 730.0 51.0 Pedestrian
252 144 70 156.0 730.0 51.0 Pedestrian
253 156 70 156.0 730.0 51.0 Pedestrian
254 168 70 156.0 730.0 51.0 Pedestrian
255 180 70 156.0 730.0 51.0 Pedestrian
256 192 70 156.0 730.0 51.0 Pedestrian
257 204 70 156.0 730.0 51.0 Pedestrian
258 216 70 156.0 730.0 51.0 Pedestrian
259 228 70 156.0 730.0 51.0 Pedestrian
260 96 92 22.0 680.5 73.0 Pedestrian
261 108 92 25.5 672.5 73.0 Pedestrian
262 120 92 32.0 664.5 73.0 Pedestrian
263 132 92 39.0 656.0 73.0 Pedestrian
264 144 92 48.5 654.0 73.0 Pedestrian
265 156 92 58.0 654.0 73.0 Pedestrian
266 168 92 58.0 654.0 73.0 Pedestrian
267 180 92 58.0 654.0 73.0 Pedestrian
268 192 92 58.0 654.0 73.0 Pedestrian
269 204 92 58.0 654.0 73.0 Pedestrian
270 216 92 58.0 654.0 73.0 Pedestrian
271 228 92 58.0 654.0 73.0 Pedestrian
272 240 92 58.0 654.0 73.0 Pedestrian
273 252 92 58.0 654.0 73.0 Pedestrian
274 264 92 58.0 654.0 73.0 Pedestrian
275 276 92 58.0 654.0 73.0 Pedestrian
276 288 92 58.0 654.0 73.0 Pedestrian
277 300 92 58.0 654.0 73.0 Pedestrian
278 312 92 58.0 654.0 73.0 Pedestrian
279 324 92 58.0 654.0 73.0 Pedestrian
280 240 4 707.0 922.5 3.0 Pedestrian
281 252 4 707.0 918.5 3.0 Pedestrian
282 264 4 709.0 918.5 3.0 Pedestrian
283 276 4 715.0 914.0 3.0 Pedestrian
284 288 4 724.0 914.0 3.0 Pedestrian
285 300 4 733.0 910.0 3.0 Pedestrian
286 312 4 742.5 910.0 3.0 Pedestrian
287 324 4 752.0 905.5 3.0 Pedestrian
288 336 4 761.0 905.5 3.0 Pedestrian
289 348 4 770.0 901.5 3.0 Pedestrian
290 360 4 779.5 897.5 3.0 Pedestrian
291 372 4 789.0 897.5 3.0 Pedestrian
292 384 4 802.0 893.5 3.0 Pedestrian
293 396 4 820.0 889.5 3.0 Pedestrian
294 408 4 839.0 881.0 3.0 Pedestrian
295 420 4 857.0 877.0 3.0 Pedestrian
296 432 4 874.0 864.5 3.0 Pedestrian
297 444 4 892.5 852.5 3.0 Pedestrian
298 456 4 909.0 839.5 3.0 Pedestrian
299 468 4 928.0 827.5 3.0 Pedestrian
300 240 6 655.0 1108.0 4.0 Pedestrian
301 252 6 668.0 1108.0 4.0 Pedestrian
302 264 6 681.0 1108.0 4.0 Pedestrian
303 276 6 692.5 1108.0 4.0 Pedestrian
304 288 6 705.0 1108.0 4.0 Pedestrian
305 300 6 718.0 1108.0 4.0 Pedestrian
306 312 6 731.0 1108.0 4.0 Pedestrian
307 324 6 744.0 1108.0 4.0 Pedestrian
308 336 6 757.0 1108.0 4.0 Pedestrian
309 348 6 770.0 1108.0 4.0 Pedestrian
310 360 6 783.0 1108.0 4.0 Pedestrian
311 372 6 796.0 1108.0 4.0 Pedestrian
312 384 6 809.0 1108.0 4.0 Pedestrian
313 396 6 822.0 1108.0 4.0 Pedestrian
314 408 6 835.0 1108.0 4.0 Pedestrian
315 420 6 848.0 1108.0 4.0 Pedestrian
316 432 6 861.0 1108.0 4.0 Pedestrian
317 444 6 872.0 1108.0 4.0 Pedestrian
318 456 6 889.0 1112.0 4.0 Pedestrian
319 468 6 907.0 1116.0 4.0 Pedestrian
320 240 10 1199.5 1067.0 9.0 Pedestrian
321 252 10 1197.5 1067.0 9.0 Pedestrian
322 264 10 1197.5 1067.0 9.0 Pedestrian
323 276 10 1197.5 1067.0 9.0 Pedestrian
324 288 10 1197.5 1067.0 9.0 Pedestrian
325 300 10 1197.5 1067.0 9.0 Pedestrian
326 312 10 1197.5 1067.0 9.0 Pedestrian
327 324 10 1197.5 1067.0 9.0 Pedestrian
328 336 10 1197.5 1067.0 9.0 Pedestrian
329 348 10 1197.5 1067.0 9.0 Pedestrian
330 360 10 1197.5 1067.0 9.0 Pedestrian
331 372 10 1195.5 1071.0 9.0 Pedestrian
332 384 10 1195.5 1071.0 9.0 Pedestrian
333 396 10 1195.5 1071.0 9.0 Pedestrian
334 408 10 1195.5 1071.0 9.0 Pedestrian
335 420 10 1195.5 1071.0 9.0 Pedestrian
336 432 10 1195.5 1071.0 9.0 Pedestrian
337 444 10 1195.5 1071.0 9.0 Pedestrian
338 456 10 1195.5 1071.0 9.0 Pedestrian
339 468 10 1195.5 1071.0 9.0 Pedestrian
340 240 12 1192.0 1032.0 10.0 Pedestrian
341 252 12 1192.0 1032.0 10.0 Pedestrian
342 264 12 1192.0 1032.0 10.0 Pedestrian
343 276 12 1192.0 1032.0 10.0 Pedestrian
344 288 12 1192.0 1032.0 10.0 Pedestrian
345 300 12 1192.0 1032.0 10.0 Pedestrian
346 312 12 1192.0 1032.0 10.0 Pedestrian
347 324 12 1192.0 1032.0 10.0 Pedestrian
348 336 12 1192.0 1032.0 10.0 Pedestrian
349 348 12 1192.0 1032.0 10.0 Pedestrian
350 360 12 1192.0 1032.0 10.0 Pedestrian
351 372 12 1192.0 1032.0 10.0 Pedestrian
352 384 12 1192.0 1032.0 10.0 Pedestrian
353 396 12 1192.0 1032.0 10.0 Pedestrian
354 408 12 1192.0 1032.0 10.0 Pedestrian
355 420 12 1192.0 1032.0 10.0 Pedestrian
356 432 12 1192.0 1032.0 10.0 Pedestrian
357 444 12 1192.0 1032.0 10.0 Pedestrian
358 456 12 1192.0 1032.0 10.0 Pedestrian
359 468 12 1192.0 1032.0 10.0 Pedestrian
360 240 14 1061.0 881.0 13.0 Pedestrian
361 252 14 1061.0 881.0 13.0 Pedestrian
362 264 14 1061.0 881.0 13.0 Pedestrian
363 276 14 1061.0 881.0 13.0 Pedestrian
364 288 14 1061.0 881.0 13.0 Pedestrian
365 300 14 1061.0 881.0 13.0 Pedestrian
366 312 14 1061.0 881.0 13.0 Pedestrian
367 324 14 1061.0 881.0 13.0 Pedestrian
368 336 14 1061.0 881.0 13.0 Pedestrian
369 348 14 1061.0 881.0 13.0 Pedestrian
370 360 14 1061.0 881.0 13.0 Pedestrian
371 372 14 1061.0 881.0 13.0 Pedestrian
372 384 14 1061.0 881.0 13.0 Pedestrian
373 396 14 1061.0 881.0 13.0 Pedestrian
374 408 14 1061.0 881.0 13.0 Pedestrian
375 420 14 1061.0 881.0 13.0 Pedestrian
376 432 14 1061.0 881.0 13.0 Pedestrian
377 444 14 1061.0 881.0 13.0 Pedestrian
378 456 14 1061.0 881.0 13.0 Pedestrian
379 468 14 1061.0 881.0 13.0 Pedestrian
380 240 16 247.5 718.0 14.0 Pedestrian
381 252 16 247.5 718.0 14.0 Pedestrian
382 264 16 247.5 718.0 14.0 Pedestrian
383 276 16 247.5 718.0 14.0 Pedestrian
384 288 16 247.5 718.0 14.0 Pedestrian
385 300 16 247.5 718.0 14.0 Pedestrian
386 312 16 247.5 718.0 14.0 Pedestrian
387 324 16 247.5 718.0 14.0 Pedestrian
388 336 16 247.5 718.0 14.0 Pedestrian
389 348 16 247.5 718.0 14.0 Pedestrian
390 360 16 247.5 718.0 14.0 Pedestrian
391 372 16 247.5 718.0 14.0 Pedestrian
392 384 16 247.5 718.0 14.0 Pedestrian
393 396 16 247.5 718.0 14.0 Pedestrian
394 408 16 247.5 718.0 14.0 Pedestrian
395 420 16 247.5 718.0 14.0 Pedestrian
396 432 16 247.5 718.0 14.0 Pedestrian
397 444 16 247.5 718.0 14.0 Pedestrian
398 456 16 247.5 718.0 14.0 Pedestrian
399 468 16 247.5 718.0 14.0 Pedestrian
400 240 18 236.5 745.0 15.0 Pedestrian
401 252 18 236.5 745.0 15.0 Pedestrian
402 264 18 236.5 745.0 15.0 Pedestrian
403 276 18 236.5 745.0 15.0 Pedestrian
404 288 18 236.5 745.0 15.0 Pedestrian
405 300 18 236.5 745.0 15.0 Pedestrian
406 312 18 236.5 745.0 15.0 Pedestrian
407 324 18 236.5 745.0 15.0 Pedestrian
408 336 18 236.5 745.0 15.0 Pedestrian
409 348 18 236.5 745.0 15.0 Pedestrian
410 360 18 236.5 745.0 15.0 Pedestrian
411 372 18 236.5 745.0 15.0 Pedestrian
412 384 18 236.5 745.0 15.0 Pedestrian
413 396 18 236.5 745.0 15.0 Pedestrian
414 408 18 236.5 745.0 15.0 Pedestrian
415 420 18 236.5 745.0 15.0 Pedestrian
416 432 18 236.5 745.0 15.0 Pedestrian
417 444 18 236.5 745.0 15.0 Pedestrian
418 456 18 236.5 745.0 15.0 Pedestrian
419 468 18 236.5 745.0 15.0 Pedestrian
420 240 20 268.5 749.0 16.0 Pedestrian
421 252 20 268.5 749.0 16.0 Pedestrian
422 264 20 268.5 749.0 16.0 Pedestrian
423 276 20 268.5 749.0 16.0 Pedestrian
424 288 20 268.5 749.0 16.0 Pedestrian
425 300 20 268.5 749.0 16.0 Pedestrian
426 312 20 268.5 749.0 16.0 Pedestrian
427 324 20 268.5 749.0 16.0 Pedestrian
428 336 20 268.5 749.0 16.0 Pedestrian
429 348 20 268.5 749.0 16.0 Pedestrian
430 360 20 268.5 749.0 16.0 Pedestrian
431 372 20 268.5 749.0 16.0 Pedestrian
432 384 20 268.5 749.0 16.0 Pedestrian
433 396 20 268.5 749.0 16.0 Pedestrian
434 408 20 268.5 749.0 16.0 Pedestrian
435 420 20 268.5 749.0 16.0 Pedestrian
436 432 20 268.5 749.0 16.0 Pedestrian
437 444 20 268.5 749.0 16.0 Pedestrian
438 456 20 268.5 749.0 16.0 Pedestrian
439 468 20 268.5 749.0 16.0 Pedestrian
440 240 22 182.5 732.5 17.0 Pedestrian
441 252 22 182.5 732.5 17.0 Pedestrian
442 264 22 182.5 732.5 17.0 Pedestrian
443 276 22 182.5 732.5 17.0 Pedestrian
444 288 22 182.5 732.5 17.0 Pedestrian
445 300 22 182.5 732.5 17.0 Pedestrian
446 312 22 182.5 732.5 17.0 Pedestrian
447 324 22 182.5 732.5 17.0 Pedestrian
448 336 22 182.5 732.5 17.0 Pedestrian
449 348 22 182.5 732.5 17.0 Pedestrian
450 360 22 182.5 732.5 17.0 Pedestrian
451 372 22 182.5 732.5 17.0 Pedestrian
452 384 22 182.5 732.5 17.0 Pedestrian
453 396 22 182.5 732.5 17.0 Pedestrian
454 408 22 182.5 732.5 17.0 Pedestrian
455 420 22 182.5 732.5 17.0 Pedestrian
456 432 22 182.5 732.5 17.0 Pedestrian
457 444 22 182.5 732.5 17.0 Pedestrian
458 456 22 182.5 732.5 17.0 Pedestrian
459 468 22 182.5 732.5 17.0 Pedestrian
460 240 26 809.0 732.5 21.0 Pedestrian
461 252 26 796.0 736.5 21.0 Pedestrian
462 264 26 783.0 736.5 21.0 Pedestrian
463 276 26 772.0 736.5 21.0 Pedestrian
464 288 26 763.0 732.5 21.0 Pedestrian
465 300 26 752.0 728.0 21.0 Pedestrian
466 312 26 737.0 728.0 21.0 Pedestrian
467 324 26 724.0 728.0 21.0 Pedestrian
468 336 26 711.0 732.5 21.0 Pedestrian
469 348 26 698.0 736.5 21.0 Pedestrian
470 360 26 685.0 745.0 21.0 Pedestrian
471 372 26 672.0 745.0 21.0 Pedestrian
472 384 26 661.0 745.0 21.0 Pedestrian
473 396 26 648.0 745.0 21.0 Pedestrian
474 408 26 637.0 745.0 21.0 Pedestrian
475 420 26 626.0 745.0 21.0 Pedestrian
476 432 26 614.5 745.0 21.0 Pedestrian
477 444 26 603.5 749.0 21.0 Pedestrian
478 456 26 592.5 753.0 21.0 Pedestrian
479 468 26 581.0 757.0 21.0 Pedestrian
480 240 61 275.5 720.0 45.0 Pedestrian
481 252 61 275.5 720.0 45.0 Pedestrian
482 264 61 275.5 720.0 45.0 Pedestrian
483 276 61 275.5 720.0 45.0 Pedestrian
484 288 61 275.5 720.0 45.0 Pedestrian
485 300 61 275.5 720.0 45.0 Pedestrian
486 312 61 275.5 720.0 45.0 Pedestrian
487 324 61 275.5 720.0 45.0 Pedestrian
488 336 61 275.5 720.0 45.0 Pedestrian
489 348 61 275.5 720.0 45.0 Pedestrian
490 360 61 275.5 720.0 45.0 Pedestrian
491 372 61 275.5 720.0 45.0 Pedestrian
492 384 61 275.5 720.0 45.0 Pedestrian
493 396 61 275.5 720.0 45.0 Pedestrian
494 408 61 275.5 720.0 45.0 Pedestrian
495 420 61 275.5 720.0 45.0 Pedestrian
496 432 61 275.5 720.0 45.0 Pedestrian
497 444 61 275.5 720.0 45.0 Pedestrian
498 456 61 275.5 720.0 45.0 Pedestrian
499 468 61 275.5 720.0 45.0 Pedestrian
500 240 71 156.0 730.0 51.0 Pedestrian
501 252 71 156.0 730.0 51.0 Pedestrian
502 264 71 156.0 730.0 51.0 Pedestrian
503 276 71 156.0 730.0 51.0 Pedestrian
504 288 71 156.0 730.0 51.0 Pedestrian
505 300 71 156.0 730.0 51.0 Pedestrian
506 312 71 156.0 730.0 51.0 Pedestrian
507 324 71 156.0 730.0 51.0 Pedestrian
508 336 71 156.0 730.0 51.0 Pedestrian
509 348 71 156.0 730.0 51.0 Pedestrian
510 360 71 156.0 730.0 51.0 Pedestrian
511 372 71 156.0 730.0 51.0 Pedestrian
512 384 71 156.0 730.0 51.0 Pedestrian
513 396 71 156.0 730.0 51.0 Pedestrian
514 408 71 156.0 730.0 51.0 Pedestrian
515 420 71 156.0 730.0 51.0 Pedestrian
516 432 71 156.0 730.0 51.0 Pedestrian
517 444 71 156.0 730.0 51.0 Pedestrian
518 456 71 156.0 730.0 51.0 Pedestrian
519 468 71 156.0 730.0 51.0 Pedestrian
520 336 93 52.52 648.97 73.0 Pedestrian
521 348 93 52.3 648.64 73.0 Pedestrian
522 360 93 52.08 648.32 73.0 Pedestrian
523 372 93 51.85 647.99 73.0 Pedestrian
524 384 93 51.63 647.67 73.0 Pedestrian
525 396 93 51.4 647.34 73.0 Pedestrian
526 408 93 51.18 647.02 73.0 Pedestrian
527 420 93 50.95 646.69 73.0 Pedestrian
528 432 93 50.73 646.37 73.0 Pedestrian
529 444 93 50.51 646.04 73.0 Pedestrian
530 456 93 50.28 645.72 73.0 Pedestrian
531 468 93 50.06 645.39 73.0 Pedestrian
532 480 93 49.83 645.07 73.0 Pedestrian
533 492 93 49.61 644.74 73.0 Pedestrian
534 504 93 49.39 644.42 73.0 Pedestrian
535 516 93 49.16 644.1 73.0 Pedestrian
536 528 93 48.94 643.77 73.0 Pedestrian
537 540 93 48.71 643.45 73.0 Pedestrian
538 552 93 48.49 643.12 73.0 Pedestrian
539 564 93 48.26 642.8 73.0 Pedestrian
540 396 91 738.0 709.5 66.0 Pedestrian
541 408 91 730.0 709.5 66.0 Pedestrian
542 420 91 721.0 714.0 66.0 Pedestrian
543 432 91 712.0 718.0 66.0 Pedestrian
544 444 91 702.0 720.0 66.0 Pedestrian
545 456 91 692.5 724.5 66.0 Pedestrian
546 468 91 681.0 724.5 66.0 Pedestrian
547 480 91 668.0 724.5 66.0 Pedestrian
548 492 91 657.0 720.0 66.0 Pedestrian
549 504 91 646.0 720.5 66.0 Pedestrian
550 516 91 635.0 726.5 66.0 Pedestrian
551 528 91 623.0 724.0 66.0 Pedestrian
552 540 91 610.0 724.0 66.0 Pedestrian
553 552 91 597.0 720.0 66.0 Pedestrian
554 564 91 584.0 716.0 66.0 Pedestrian
555 576 91 571.0 716.0 66.0 Pedestrian
556 588 91 558.0 712.0 66.0 Pedestrian
557 600 91 545.0 712.0 66.0 Pedestrian
558 612 91 532.0 707.5 66.0 Pedestrian
559 624 91 519.0 703.5 66.0 Pedestrian
560 480 27 572.0 761.0 21.0 Pedestrian
561 492 27 555.5 757.0 21.0 Pedestrian
562 504 27 538.5 757.0 21.0 Pedestrian
563 516 27 525.5 759.0 21.0 Pedestrian
564 528 27 513.0 761.0 21.0 Pedestrian
565 540 27 501.5 763.0 21.0 Pedestrian
566 552 27 488.5 767.5 21.0 Pedestrian
567 564 27 475.5 772.0 21.0 Pedestrian
568 576 27 462.5 774.0 21.0 Pedestrian
569 588 27 450.0 778.0 21.0 Pedestrian
570 600 27 437.0 778.0 21.0 Pedestrian
571 612 27 425.0 782.0 21.0 Pedestrian
572 624 27 412.5 782.0 21.0 Pedestrian
573 636 27 400.5 786.0 21.0 Pedestrian
574 648 27 389.0 786.0 21.0 Pedestrian
575 660 27 377.0 786.0 21.0 Pedestrian
576 672 27 364.0 790.0 21.0 Pedestrian
577 684 27 352.0 790.0 21.0 Pedestrian
578 696 27 340.0 792.0 21.0 Pedestrian
579 708 27 328.5 794.0 21.0 Pedestrian
580 480 62 275.5 720.0 45.0 Pedestrian
581 492 62 275.5 720.0 45.0 Pedestrian
582 504 62 273.5 720.0 45.0 Pedestrian
583 516 62 273.5 720.0 45.0 Pedestrian
584 528 62 273.5 720.0 45.0 Pedestrian
585 540 62 272.5 720.0 45.0 Pedestrian
586 552 62 272.5 720.0 45.0 Pedestrian
587 564 62 272.5 720.0 45.0 Pedestrian
588 576 62 272.0 720.0 45.0 Pedestrian
589 588 62 272.0 720.0 45.0 Pedestrian
590 600 62 272.0 720.0 45.0 Pedestrian
591 612 62 271.0 720.0 45.0 Pedestrian
592 624 62 271.0 720.0 45.0 Pedestrian
593 636 62 271.0 720.0 45.0 Pedestrian
594 648 62 270.0 720.0 45.0 Pedestrian
595 660 62 270.0 720.0 45.0 Pedestrian
596 672 62 270.0 720.0 45.0 Pedestrian
597 684 62 269.0 720.0 45.0 Pedestrian
598 696 62 269.0 720.0 45.0 Pedestrian
599 708 62 269.0 720.0 45.0 Pedestrian
600 480 72 156.0 730.0 51.0 Pedestrian
601 492 72 156.0 730.0 51.0 Pedestrian
602 504 72 156.0 728.0 51.0 Pedestrian
603 516 72 156.0 728.0 51.0 Pedestrian
604 528 72 156.0 728.0 51.0 Pedestrian
605 540 72 156.0 728.0 51.0 Pedestrian
606 552 72 156.0 728.0 51.0 Pedestrian
607 564 72 156.0 728.0 51.0 Pedestrian
608 576 72 156.0 728.0 51.0 Pedestrian
609 588 72 156.0 728.0 51.0 Pedestrian
610 600 72 157.0 728.0 51.0 Pedestrian
611 612 72 157.0 726.0 51.0 Pedestrian
612 624 72 157.0 726.0 51.0 Pedestrian
613 636 72 157.0 726.0 51.0 Pedestrian
614 648 72 157.0 726.0 51.0 Pedestrian
615 660 72 157.0 726.0 51.0 Pedestrian
616 672 72 157.0 726.0 51.0 Pedestrian
617 684 72 157.0 726.0 51.0 Pedestrian
618 696 72 157.0 726.0 51.0 Pedestrian
619 708 72 158.0 724.0 51.0 Pedestrian
620 504 95 1036.0 1098.0 79.0 Pedestrian
621 516 95 1027.0 1098.0 79.0 Pedestrian
622 528 95 1017.5 1098.0 79.0 Pedestrian
623 540 95 1010.0 1098.0 79.0 Pedestrian
624 552 95 1001.0 1098.0 79.0 Pedestrian
625 564 95 991.5 1098.0 79.0 Pedestrian
626 576 95 982.5 1098.0 79.0 Pedestrian
627 588 95 973.0 1098.0 79.0 Pedestrian
628 600 95 965.5 1098.0 79.0 Pedestrian
629 612 95 956.5 1098.0 79.0 Pedestrian
630 624 95 949.0 1098.0 79.0 Pedestrian
631 636 95 940.0 1098.0 79.0 Pedestrian
632 648 95 930.5 1098.0 79.0 Pedestrian
633 660 95 919.5 1098.0 79.0 Pedestrian
634 672 95 908.5 1098.0 79.0 Pedestrian
635 684 95 899.0 1098.0 79.0 Pedestrian
636 696 95 891.5 1098.0 79.0 Pedestrian
637 708 95 882.5 1098.0 79.0 Pedestrian
638 720 95 873.0 1098.0 79.0 Pedestrian
639 732 95 873.0 1098.0 79.0 Pedestrian
640 576 94 48.04 642.47 73.0 Pedestrian
641 588 94 47.82 642.15 73.0 Pedestrian
642 600 94 47.59 641.82 73.0 Pedestrian
643 612 94 47.37 641.5 73.0 Pedestrian
644 624 94 47.14 641.17 73.0 Pedestrian
645 636 94 46.92 640.85 73.0 Pedestrian
646 648 94 46.69 640.52 73.0 Pedestrian
647 660 94 46.47 640.2 73.0 Pedestrian
648 672 94 46.25 639.87 73.0 Pedestrian
649 684 94 46.02 639.55 73.0 Pedestrian
650 696 94 45.8 639.22 73.0 Pedestrian
651 708 94 45.57 638.9 73.0 Pedestrian
652 720 94 45.35 638.57 73.0 Pedestrian
653 732 94 45.13 638.25 73.0 Pedestrian
654 744 94 44.9 637.93 73.0 Pedestrian
655 756 94 44.68 637.6 73.0 Pedestrian
656 768 94 44.45 637.28 73.0 Pedestrian
657 780 94 44.23 636.95 73.0 Pedestrian
658 792 94 44.0 636.63 73.0 Pedestrian
659 804 94 43.78 636.3 73.0 Pedestrian
660 684 30 329.5 1069.0 23.0 Pedestrian
661 696 30 325.5 1056.5 23.0 Pedestrian
662 708 30 324.0 1040.0 23.0 Pedestrian
663 720 30 320.0 1023.5 23.0 Pedestrian
664 732 30 316.5 1007.0 23.0 Pedestrian
665 744 30 314.5 995.0 23.0 Pedestrian
666 756 30 311.0 978.0 23.0 Pedestrian
667 768 30 309.0 962.0 23.0 Pedestrian
668 780 30 305.0 945.0 23.0 Pedestrian
669 792 30 301.5 933.0 23.0 Pedestrian
670 804 30 299.5 916.0 23.0 Pedestrian
671 816 30 296.0 904.0 23.0 Pedestrian
672 828 30 290.5 891.0 23.0 Pedestrian
673 840 30 286.5 883.0 23.0 Pedestrian
674 852 30 281.0 871.0 23.0 Pedestrian
675 864 30 275.5 858.0 23.0 Pedestrian
676 876 30 272.0 850.0 23.0 Pedestrian
677 888 30 266.5 838.0 23.0 Pedestrian
678 900 30 262.5 829.5 23.0 Pedestrian
679 912 30 257.0 817.0 23.0 Pedestrian
680 720 28 315.5 794.0 21.0 Pedestrian
681 732 28 304.0 796.0 21.0 Pedestrian
682 744 28 292.0 798.5 21.0 Pedestrian
683 756 28 279.5 798.5 21.0 Pedestrian
684 768 28 267.5 801.0 21.0 Pedestrian
685 780 28 256.0 803.0 21.0 Pedestrian
686 792 28 244.0 805.0 21.0 Pedestrian
687 804 28 231.0 805.0 21.0 Pedestrian
688 816 28 219.5 807.0 21.0 Pedestrian
689 828 28 207.0 809.0 21.0 Pedestrian
690 840 28 195.0 809.0 21.0 Pedestrian
691 852 28 182.5 813.0 21.0 Pedestrian
692 864 28 170.5 813.0 21.0 Pedestrian
693 876 28 159.0 813.0 21.0 Pedestrian
694 888 28 146.5 817.0 21.0 Pedestrian
695 900 28 134.5 817.0 21.0 Pedestrian
696 912 28 122.5 819.0 21.0 Pedestrian
697 924 28 109.5 821.0 21.0 Pedestrian
698 936 28 98.5 821.0 21.0 Pedestrian
699 948 28 86.5 821.0 21.0 Pedestrian
700 720 63 268.0 720.0 45.0 Pedestrian
701 732 63 268.0 720.0 45.0 Pedestrian
702 744 63 268.0 720.0 45.0 Pedestrian
703 756 63 267.0 720.0 45.0 Pedestrian
704 768 63 267.0 720.0 45.0 Pedestrian
705 780 63 267.0 720.0 45.0 Pedestrian
706 792 63 266.5 720.0 45.0 Pedestrian
707 804 63 266.5 720.0 45.0 Pedestrian
708 816 63 266.5 720.0 45.0 Pedestrian
709 828 63 265.5 720.0 45.0 Pedestrian
710 840 63 265.5 720.0 45.0 Pedestrian
711 852 63 265.5 720.0 45.0 Pedestrian
712 864 63 264.5 720.0 45.0 Pedestrian
713 876 63 264.5 720.0 45.0 Pedestrian
714 888 63 264.5 720.0 45.0 Pedestrian
715 900 63 263.5 720.0 45.0 Pedestrian
716 912 63 263.5 720.0 45.0 Pedestrian
717 924 63 263.5 720.0 45.0 Pedestrian
718 936 63 262.5 720.0 45.0 Pedestrian
719 948 63 262.5 720.0 45.0 Pedestrian
720 720 73 158.0 724.0 51.0 Pedestrian
721 732 73 158.0 724.0 51.0 Pedestrian
722 744 73 158.0 724.0 51.0 Pedestrian
723 756 73 158.0 724.0 51.0 Pedestrian
724 768 73 158.0 724.0 51.0 Pedestrian
725 780 73 158.0 724.0 51.0 Pedestrian
726 792 73 158.0 724.0 51.0 Pedestrian
727 804 73 158.5 722.0 51.0 Pedestrian
728 816 73 158.5 722.0 51.0 Pedestrian
729 828 73 158.5 722.0 51.0 Pedestrian
730 840 73 158.5 722.0 51.0 Pedestrian
731 852 73 158.5 722.0 51.0 Pedestrian
732 864 73 158.5 722.0 51.0 Pedestrian
733 876 73 158.5 722.0 51.0 Pedestrian
734 888 73 158.5 722.0 51.0 Pedestrian
735 900 73 159.5 722.0 51.0 Pedestrian
736 912 73 159.5 720.0 51.0 Pedestrian
737 924 73 159.5 720.0 51.0 Pedestrian
738 936 73 159.5 720.0 51.0 Pedestrian
739 948 73 159.5 720.0 51.0 Pedestrian
740 744 96 873.0 1098.0 79.0 Pedestrian
741 756 96 867.5 1098.0 79.0 Pedestrian
742 768 96 856.5 1098.0 79.0 Pedestrian
743 780 96 845.5 1098.0 79.0 Pedestrian
744 792 96 834.0 1098.0 79.0 Pedestrian
745 804 96 823.0 1098.0 79.0 Pedestrian
746 816 96 812.0 1098.0 79.0 Pedestrian
747 828 96 801.0 1098.0 79.0 Pedestrian
748 840 96 789.5 1098.0 79.0 Pedestrian
749 852 96 778.5 1098.0 79.0 Pedestrian
750 864 96 767.5 1098.0 79.0 Pedestrian
751 876 96 756.5 1098.0 79.0 Pedestrian
752 888 96 745.0 1098.0 79.0 Pedestrian
753 900 96 734.0 1098.0 79.0 Pedestrian
754 912 96 723.0 1098.0 79.0 Pedestrian
755 924 96 712.0 1098.0 79.0 Pedestrian
756 936 96 701.0 1098.0 79.0 Pedestrian
757 948 96 689.5 1094.0 79.0 Pedestrian
758 960 96 680.5 1089.5 79.0 Pedestrian
759 972 96 669.5 1085.5 79.0 Pedestrian
760 792 86 157.0 726.0 55.0 Pedestrian
761 804 86 157.0 734.5 55.0 Pedestrian
762 816 86 157.0 743.0 55.0 Pedestrian
763 828 86 155.0 751.0 55.0 Pedestrian
764 840 86 155.0 759.0 55.0 Pedestrian
765 852 86 157.0 767.5 55.0 Pedestrian
766 864 86 162.5 784.0 55.0 Pedestrian
767 876 86 166.0 796.5 55.0 Pedestrian
768 888 86 172.0 809.0 55.0 Pedestrian
769 900 86 175.5 821.0 55.0 Pedestrian
770 912 86 181.0 833.5 55.0 Pedestrian
771 924 86 185.0 846.0 55.0 Pedestrian
772 936 86 190.5 862.5 55.0 Pedestrian
773 948 86 194.0 875.0 55.0 Pedestrian
774 960 86 199.5 887.0 55.0 Pedestrian
775 972 86 205.0 900.0 55.0 Pedestrian
776 984 86 209.0 912.0 55.0 Pedestrian
777 996 86 214.5 924.5 55.0 Pedestrian
778 1008 86 220.0 941.0 55.0 Pedestrian
779 1020 86 228.5 953.0 55.0 Pedestrian
780 960 64 262.5 720.0 45.0 Pedestrian
781 972 64 261.5 720.0 45.0 Pedestrian
782 984 64 261.5 720.0 45.0 Pedestrian
783 996 64 261.5 720.0 45.0 Pedestrian
784 1008 64 259.5 720.0 45.0 Pedestrian
785 1020 64 259.5 720.0 45.0 Pedestrian
786 1032 64 258.5 720.0 45.0 Pedestrian
787 1044 64 258.5 720.0 45.0 Pedestrian
788 1056 64 258.5 720.0 45.0 Pedestrian
789 1068 64 258.0 720.0 45.0 Pedestrian
790 1080 64 258.0 720.0 45.0 Pedestrian
791 1092 64 257.0 720.0 45.0 Pedestrian
792 1104 64 257.0 720.0 45.0 Pedestrian
793 1116 64 257.0 720.0 45.0 Pedestrian
794 1128 64 256.0 718.0 45.0 Pedestrian
795 1140 64 256.0 718.0 45.0 Pedestrian
796 1152 64 255.0 718.0 45.0 Pedestrian
797 1164 64 255.0 718.0 45.0 Pedestrian
798 1176 64 255.0 718.0 45.0 Pedestrian
799 1188 64 254.0 718.0 45.0 Pedestrian
800 960 74 159.5 720.0 51.0 Pedestrian
801 972 74 159.5 720.0 51.0 Pedestrian
802 984 74 159.5 720.0 51.0 Pedestrian
803 996 74 159.5 720.0 51.0 Pedestrian
804 1008 74 159.5 720.0 51.0 Pedestrian
805 1020 74 159.5 720.0 51.0 Pedestrian
806 1032 74 159.5 720.0 51.0 Pedestrian
807 1044 74 159.5 720.0 51.0 Pedestrian
808 1056 74 159.5 720.0 51.0 Pedestrian
809 1068 74 159.5 720.0 51.0 Pedestrian
810 1080 74 159.5 720.0 51.0 Pedestrian
811 1092 74 159.5 720.0 51.0 Pedestrian
812 1104 74 158.5 720.0 51.0 Pedestrian
813 1116 74 158.5 720.0 51.0 Pedestrian
814 1128 74 158.5 718.0 51.0 Pedestrian
815 1140 74 158.5 718.0 51.0 Pedestrian
816 1152 74 158.5 718.0 51.0 Pedestrian
817 1164 74 158.5 718.0 51.0 Pedestrian
818 1176 74 158.5 718.0 51.0 Pedestrian
819 1188 74 158.5 718.0 51.0 Pedestrian
820 984 29 24.0 900.0 22.0 Pedestrian
821 996 29 27.0 879.0 22.0 Pedestrian
822 1008 29 33.5 865.0 22.0 Pedestrian
823 1020 29 42.5 848.0 22.0 Pedestrian
824 1032 29 49.5 833.5 22.0 Pedestrian
825 1044 29 55.0 817.0 22.0 Pedestrian
826 1056 29 62.5 796.5 22.0 Pedestrian
827 1068 29 68.0 780.0 22.0 Pedestrian
828 1080 29 73.5 763.5 22.0 Pedestrian
829 1092 29 75.5 759.0 22.0 Pedestrian
830 1104 29 79.0 751.0 22.0 Pedestrian
831 1116 29 81.0 747.0 22.0 Pedestrian
832 1128 29 85.0 734.5 22.0 Pedestrian
833 1140 29 87.5 722.0 22.0 Pedestrian
834 1152 29 90.5 710.0 22.0 Pedestrian
835 1164 29 93.0 697.0 22.0 Pedestrian
836 1176 29 96.5 685.0 22.0 Pedestrian
837 1188 29 99.5 672.5 22.0 Pedestrian
838 1200 29 103.5 664.0 22.0 Pedestrian
839 1212 29 105.5 652.0 22.0 Pedestrian
840 996 23 279.0 707.5 20.0 Pedestrian
841 1008 23 279.0 707.5 20.0 Pedestrian
842 1020 23 279.0 707.5 20.0 Pedestrian
843 1032 23 279.0 707.5 20.0 Pedestrian
844 1044 23 279.0 707.5 20.0 Pedestrian
845 1056 23 279.0 707.5 20.0 Pedestrian
846 1068 23 279.0 707.5 20.0 Pedestrian
847 1080 23 279.0 707.5 20.0 Pedestrian
848 1092 23 279.0 707.5 20.0 Pedestrian
849 1104 23 279.0 707.5 20.0 Pedestrian
850 1116 23 279.0 707.5 20.0 Pedestrian
851 1128 23 279.0 707.5 20.0 Pedestrian
852 1140 23 279.0 707.5 20.0 Pedestrian
853 1152 23 279.0 707.5 20.0 Pedestrian
854 1164 23 279.0 707.5 20.0 Pedestrian
855 1176 23 279.0 707.5 20.0 Pedestrian
856 1188 23 279.0 707.5 20.0 Pedestrian
857 1200 23 279.0 707.5 20.0 Pedestrian
858 1212 23 279.0 707.5 20.0 Pedestrian
859 1224 23 279.0 707.5 20.0 Pedestrian
860 996 31 184.0 724.0 24.0 Pedestrian
861 1008 31 184.0 724.0 24.0 Pedestrian
862 1020 31 184.0 724.0 24.0 Pedestrian
863 1032 31 184.0 724.0 24.0 Pedestrian
864 1044 31 184.0 724.0 24.0 Pedestrian
865 1056 31 184.0 724.0 24.0 Pedestrian
866 1068 31 184.0 724.0 24.0 Pedestrian
867 1080 31 184.0 724.0 24.0 Pedestrian
868 1092 31 184.0 724.0 24.0 Pedestrian
869 1104 31 184.0 724.0 24.0 Pedestrian
870 1116 31 184.0 724.0 24.0 Pedestrian
871 1128 31 184.0 724.0 24.0 Pedestrian
872 1140 31 184.0 724.0 24.0 Pedestrian
873 1152 31 184.0 724.0 24.0 Pedestrian
874 1164 31 184.0 724.0 24.0 Pedestrian
875 1176 31 184.0 724.0 24.0 Pedestrian
876 1188 31 184.0 724.0 24.0 Pedestrian
877 1200 31 184.0 724.0 24.0 Pedestrian
878 1212 31 184.0 724.0 24.0 Pedestrian
879 1224 31 184.0 724.0 24.0 Pedestrian
880 996 33 894.5 825.0 25.0 Pedestrian
881 1008 33 901.5 800.5 25.0 Pedestrian
882 1020 33 914.5 796.5 25.0 Pedestrian
883 1032 33 927.5 788.0 25.0 Pedestrian
884 1044 33 939.0 784.0 25.0 Pedestrian
885 1056 33 952.0 776.0 25.0 Pedestrian
886 1068 33 964.5 771.5 25.0 Pedestrian
887 1080 33 976.0 763.5 25.0 Pedestrian
888 1092 33 983.5 763.5 25.0 Pedestrian
889 1104 33 990.5 763.5 25.0 Pedestrian
890 1116 33 998.0 763.5 25.0 Pedestrian
891 1128 33 1003.5 759.0 25.0 Pedestrian
892 1140 33 1009.5 751.0 25.0 Pedestrian
893 1152 33 1013.0 747.0 25.0 Pedestrian
894 1164 33 1018.5 743.0 25.0 Pedestrian
895 1176 33 1024.0 738.5 25.0 Pedestrian
896 1188 33 1027.5 730.5 25.0 Pedestrian
897 1200 33 1027.5 718.0 25.0 Pedestrian
898 1212 33 1028.5 701.5 25.0 Pedestrian
899 1224 33 1030.5 689.0 25.0 Pedestrian
900 996 35 724.0 1060.0 28.0 Pedestrian
901 1008 35 711.0 1040.0 28.0 Pedestrian
902 1020 35 702.0 1036.0 28.0 Pedestrian
903 1032 35 692.0 1036.0 28.0 Pedestrian
904 1044 35 681.0 1032.0 28.0 Pedestrian
905 1056 35 674.0 1032.0 28.0 Pedestrian
906 1068 35 672.0 1032.0 28.0 Pedestrian
907 1080 35 668.0 1032.0 28.0 Pedestrian
908 1092 35 666.5 1036.0 28.0 Pedestrian
909 1104 35 665.0 1036.0 28.0 Pedestrian
910 1116 35 661.0 1036.0 28.0 Pedestrian
911 1128 35 659.0 1040.0 28.0 Pedestrian
912 1140 35 657.0 1040.0 28.0 Pedestrian
913 1152 35 654.0 1040.0 28.0 Pedestrian
914 1164 35 652.0 1040.0 28.0 Pedestrian
915 1176 35 650.0 1040.0 28.0 Pedestrian
916 1188 35 648.0 1040.0 28.0 Pedestrian
917 1200 35 644.0 1038.0 28.0 Pedestrian
918 1212 35 642.0 1038.0 28.0 Pedestrian
919 1224 35 641.0 1036.0 28.0 Pedestrian
920 996 37 729.0 1033.5 31.0 Pedestrian
921 1008 37 715.0 1011.0 31.0 Pedestrian
922 1020 37 706.0 1011.0 31.0 Pedestrian
923 1032 37 698.0 1009.0 31.0 Pedestrian
924 1044 37 691.5 1009.0 31.0 Pedestrian
925 1056 37 691.5 1013.5 31.0 Pedestrian
926 1068 37 691.5 1021.5 31.0 Pedestrian
927 1080 37 691.5 1025.5 31.0 Pedestrian
928 1092 37 691.5 1034.0 31.0 Pedestrian
929 1104 37 689.5 1034.0 31.0 Pedestrian
930 1116 37 688.0 1034.0 31.0 Pedestrian
931 1128 37 686.0 1032.0 31.0 Pedestrian
932 1140 37 684.0 1027.5 31.0 Pedestrian
933 1152 37 681.5 1027.5 31.0 Pedestrian
934 1164 37 678.5 1025.5 31.0 Pedestrian
935 1176 37 676.5 1021.5 31.0 Pedestrian
936 1188 37 675.0 1021.5 31.0 Pedestrian
937 1200 37 673.0 1019.5 31.0 Pedestrian
938 1212 37 670.0 1017.5 31.0 Pedestrian
939 1224 37 668.5 1015.0 31.0 Pedestrian
940 996 42 579.5 858.0 37.0 Pedestrian
941 1008 42 586.0 858.0 37.0 Pedestrian
942 1020 42 597.0 858.0 37.0 Pedestrian
943 1032 42 608.0 858.0 37.0 Pedestrian
944 1044 42 617.5 862.5 37.0 Pedestrian
945 1056 42 628.5 867.0 37.0 Pedestrian
946 1068 42 638.0 871.0 37.0 Pedestrian
947 1080 42 649.0 875.0 37.0 Pedestrian
948 1092 42 660.0 875.0 37.0 Pedestrian
949 1104 42 673.0 871.0 37.0 Pedestrian
950 1116 42 684.0 871.0 37.0 Pedestrian
951 1128 42 695.0 871.0 37.0 Pedestrian
952 1140 42 704.5 875.0 37.0 Pedestrian
953 1152 42 713.5 875.0 37.0 Pedestrian
954 1164 42 723.0 879.0 37.0 Pedestrian
955 1176 42 732.5 879.0 37.0 Pedestrian
956 1188 42 743.5 883.0 37.0 Pedestrian
957 1200 42 752.5 883.0 37.0 Pedestrian
958 1212 42 762.0 883.0 37.0 Pedestrian
959 1224 42 773.0 883.0 37.0 Pedestrian
960 996 55 270.0 757.0 44.0 Pedestrian
961 1008 55 270.0 757.0 44.0 Pedestrian
962 1020 55 270.0 757.0 44.0 Pedestrian
963 1032 55 270.0 757.0 44.0 Pedestrian
964 1044 55 270.0 757.0 44.0 Pedestrian
965 1056 55 270.0 757.0 44.0 Pedestrian
966 1068 55 270.0 757.0 44.0 Pedestrian
967 1080 55 270.0 757.0 44.0 Pedestrian
968 1092 55 270.0 757.0 44.0 Pedestrian
969 1104 55 270.0 757.0 44.0 Pedestrian
970 1116 55 270.0 757.0 44.0 Pedestrian
971 1128 55 270.0 757.0 44.0 Pedestrian
972 1140 55 270.0 757.0 44.0 Pedestrian
973 1152 55 270.0 757.0 44.0 Pedestrian
974 1164 55 270.0 757.0 44.0 Pedestrian
975 1176 55 270.0 757.0 44.0 Pedestrian
976 1188 55 270.0 757.0 44.0 Pedestrian
977 1200 55 270.0 757.0 44.0 Pedestrian
978 1212 55 270.0 757.0 44.0 Pedestrian
979 1224 55 270.0 757.0 44.0 Pedestrian
980 1032 87 234.5 968.0 55.0 Pedestrian
981 1044 87 242.5 982.0 55.0 Pedestrian
982 1056 87 250.5 995.0 55.0 Pedestrian
983 1068 87 257.5 1009.0 55.0 Pedestrian
984 1080 87 264.5 1021.5 55.0 Pedestrian
985 1092 87 272.5 1038.0 55.0 Pedestrian
986 1104 87 279.5 1050.0 55.0 Pedestrian
987 1116 87 285.0 1065.0 55.0 Pedestrian
988 1128 87 290.5 1081.5 55.0 Pedestrian
989 1140 87 294.0 1102.0 55.0 Pedestrian
990 1152 87 297.5 1118.5 55.0 Pedestrian
991 1164 87 299.5 1122.5 55.0 Pedestrian
992 1176 87 299.5 1122.5 55.0 Pedestrian
993 1188 87 299.5 1122.5 55.0 Pedestrian
994 1200 87 299.5 1122.5 55.0 Pedestrian
995 1212 87 299.5 1122.5 55.0 Pedestrian
996 1224 87 299.5 1122.5 55.0 Pedestrian
997 1236 87 299.5 1122.5 55.0 Pedestrian
998 1248 87 299.5 1122.5 55.0 Pedestrian
999 1260 87 299.5 1122.5 55.0 Pedestrian
1000 1044 82 1179.0 1015.0 54.0 Pedestrian
1001 1056 82 1179.0 1015.0 54.0 Pedestrian
1002 1068 82 1179.0 1015.0 54.0 Pedestrian
1003 1080 82 1179.0 1015.0 54.0 Pedestrian
1004 1092 82 1179.0 1015.0 54.0 Pedestrian
1005 1104 82 1179.0 1015.0 54.0 Pedestrian
1006 1116 82 1179.0 1015.0 54.0 Pedestrian
1007 1128 82 1179.0 1015.0 54.0 Pedestrian
1008 1140 82 1179.0 1015.0 54.0 Pedestrian
1009 1152 82 1179.0 1015.0 54.0 Pedestrian
1010 1164 82 1179.0 1015.0 54.0 Pedestrian
1011 1176 82 1179.0 1015.0 54.0 Pedestrian
1012 1188 82 1179.0 1015.0 54.0 Pedestrian
1013 1200 82 1179.0 1015.0 54.0 Pedestrian
1014 1212 82 1179.0 1015.0 54.0 Pedestrian
1015 1224 82 1179.0 1015.0 54.0 Pedestrian
1016 1236 82 1179.0 1015.0 54.0 Pedestrian
1017 1248 82 1179.0 1015.0 54.0 Pedestrian
1018 1260 82 1179.0 1015.0 54.0 Pedestrian
1019 1272 82 1179.0 1015.0 54.0 Pedestrian
1020 1056 39 634.0 1106.0 32.0 Pedestrian
1021 1068 39 632.0 1102.0 32.0 Pedestrian
1022 1080 39 630.0 1102.0 32.0 Pedestrian
1023 1092 39 628.5 1102.0 32.0 Pedestrian
1024 1104 39 627.0 1102.0 32.0 Pedestrian
1025 1116 39 625.0 1102.0 32.0 Pedestrian
1026 1128 39 623.0 1102.0 32.0 Pedestrian
1027 1140 39 621.0 1102.0 32.0 Pedestrian
1028 1152 39 619.0 1102.0 32.0 Pedestrian
1029 1164 39 617.5 1102.0 32.0 Pedestrian
1030 1176 39 615.5 1102.0 32.0 Pedestrian
1031 1188 39 614.0 1102.0 32.0 Pedestrian
1032 1200 39 612.0 1102.0 32.0 Pedestrian
1033 1212 39 612.0 1102.0 32.0 Pedestrian
1034 1224 39 610.0 1102.0 32.0 Pedestrian
1035 1236 39 608.0 1102.0 32.0 Pedestrian
1036 1248 39 606.0 1102.0 32.0 Pedestrian
1037 1260 39 597.0 1106.0 32.0 Pedestrian
1038 1272 39 586.0 1106.0 32.0 Pedestrian
1039 1284 39 577.0 1102.0 32.0 Pedestrian
1040 1164 40 1203.0 732.5 36.0 Pedestrian
1041 1176 40 1193.5 732.5 36.0 Pedestrian
1042 1188 40 1180.5 732.5 36.0 Pedestrian
1043 1200 40 1169.5 732.5 36.0 Pedestrian
1044 1212 40 1156.5 732.5 36.0 Pedestrian
1045 1224 40 1145.5 732.5 36.0 Pedestrian
1046 1236 40 1132.5 732.5 36.0 Pedestrian
1047 1248 40 1119.5 732.5 36.0 Pedestrian
1048 1260 40 1108.5 728.5 36.0 Pedestrian
1049 1272 40 1095.5 728.5 36.0 Pedestrian
1050 1284 40 1082.5 728.5 36.0 Pedestrian
1051 1296 40 1069.5 724.0 36.0 Pedestrian
1052 1308 40 1056.5 724.0 36.0 Pedestrian
1053 1320 40 1042.5 720.0 36.0 Pedestrian
1054 1332 40 1029.5 720.0 36.0 Pedestrian
1055 1344 40 1016.5 720.0 36.0 Pedestrian
1056 1356 40 1003.5 716.0 36.0 Pedestrian
1057 1368 40 990.5 716.0 36.0 Pedestrian
1058 1380 40 977.5 712.0 36.0 Pedestrian
1059 1392 40 964.5 712.0 36.0 Pedestrian
1060 1200 65 254.0 718.0 45.0 Pedestrian
1061 1212 65 253.0 718.0 45.0 Pedestrian
1062 1224 65 253.0 718.0 45.0 Pedestrian
1063 1236 65 252.0 718.0 45.0 Pedestrian
1064 1248 65 252.0 718.0 45.0 Pedestrian
1065 1260 65 252.0 716.0 45.0 Pedestrian
1066 1272 65 251.5 716.0 45.0 Pedestrian
1067 1284 65 251.5 716.0 45.0 Pedestrian
1068 1296 65 250.5 716.0 45.0 Pedestrian
1069 1308 65 250.5 716.0 45.0 Pedestrian
1070 1320 65 250.5 716.0 45.0 Pedestrian
1071 1332 65 249.5 716.0 45.0 Pedestrian
1072 1344 65 249.5 716.0 45.0 Pedestrian
1073 1356 65 248.5 716.0 45.0 Pedestrian
1074 1368 65 248.5 716.0 45.0 Pedestrian
1075 1380 65 248.5 714.0 45.0 Pedestrian
1076 1392 65 247.5 714.0 45.0 Pedestrian
1077 1404 65 247.5 714.0 45.0 Pedestrian
1078 1416 65 246.5 714.0 45.0 Pedestrian
1079 1428 65 246.5 714.0 45.0 Pedestrian
1080 1200 75 158.5 718.0 51.0 Pedestrian
1081 1212 75 158.0 718.0 51.0 Pedestrian
1082 1224 75 158.0 718.0 51.0 Pedestrian
1083 1236 75 158.0 718.0 51.0 Pedestrian
1084 1248 75 158.0 718.0 51.0 Pedestrian
1085 1260 75 158.0 716.0 51.0 Pedestrian
1086 1272 75 158.0 716.0 51.0 Pedestrian
1087 1284 75 158.0 716.0 51.0 Pedestrian
1088 1296 75 158.0 716.0 51.0 Pedestrian
1089 1308 75 157.0 716.0 51.0 Pedestrian
1090 1320 75 157.0 716.0 51.0 Pedestrian
1091 1332 75 157.0 716.0 51.0 Pedestrian
1092 1344 75 157.0 716.0 51.0 Pedestrian
1093 1356 75 157.0 716.0 51.0 Pedestrian
1094 1368 75 157.0 716.0 51.0 Pedestrian
1095 1380 75 157.0 714.0 51.0 Pedestrian
1096 1392 75 157.0 714.0 51.0 Pedestrian
1097 1404 75 156.0 714.0 51.0 Pedestrian
1098 1416 75 156.0 714.0 51.0 Pedestrian
1099 1428 75 156.0 714.0 51.0 Pedestrian
1100 1236 24 279.0 707.5 20.0 Pedestrian
1101 1248 24 279.0 707.5 20.0 Pedestrian
1102 1260 24 279.0 707.5 20.0 Pedestrian
1103 1272 24 279.0 707.5 20.0 Pedestrian
1104 1284 24 279.0 707.5 20.0 Pedestrian
1105 1296 24 279.0 707.5 20.0 Pedestrian
1106 1308 24 279.0 707.5 20.0 Pedestrian
1107 1320 24 279.0 707.5 20.0 Pedestrian
1108 1332 24 279.0 707.5 20.0 Pedestrian
1109 1344 24 279.0 707.5 20.0 Pedestrian
1110 1356 24 279.0 707.5 20.0 Pedestrian
1111 1368 24 279.0 707.5 20.0 Pedestrian
1112 1380 24 279.0 707.5 20.0 Pedestrian
1113 1392 24 279.0 707.5 20.0 Pedestrian
1114 1404 24 279.0 707.5 20.0 Pedestrian
1115 1416 24 279.0 707.5 20.0 Pedestrian
1116 1428 24 279.0 707.5 20.0 Pedestrian
1117 1440 24 279.0 707.5 20.0 Pedestrian
1118 1452 24 279.0 707.5 20.0 Pedestrian
1119 1464 24 279.0 707.5 20.0 Pedestrian
1120 1236 32 184.0 724.0 24.0 Pedestrian
1121 1248 32 184.0 724.0 24.0 Pedestrian
1122 1260 32 184.0 724.0 24.0 Pedestrian
1123 1272 32 184.0 724.0 24.0 Pedestrian
1124 1284 32 184.0 724.0 24.0 Pedestrian
1125 1296 32 184.0 724.0 24.0 Pedestrian
1126 1308 32 184.0 724.0 24.0 Pedestrian
1127 1320 32 184.0 724.0 24.0 Pedestrian
1128 1332 32 184.0 724.0 24.0 Pedestrian
1129 1344 32 184.0 724.0 24.0 Pedestrian
1130 1356 32 184.0 724.0 24.0 Pedestrian
1131 1368 32 184.0 724.0 24.0 Pedestrian
1132 1380 32 184.0 724.0 24.0 Pedestrian
1133 1392 32 184.0 724.0 24.0 Pedestrian
1134 1404 32 184.0 724.0 24.0 Pedestrian
1135 1416 32 184.0 724.0 24.0 Pedestrian
1136 1428 32 184.0 724.0 24.0 Pedestrian
1137 1440 32 184.0 724.0 24.0 Pedestrian
1138 1452 32 184.0 724.0 24.0 Pedestrian
1139 1464 32 184.0 724.0 24.0 Pedestrian
1140 1236 34 1030.5 668.5 25.0 Pedestrian
1141 1248 34 1032.5 656.0 25.0 Pedestrian
1142 1260 34 1032.5 656.0 25.0 Pedestrian
1143 1272 34 1032.5 656.0 25.0 Pedestrian
1144 1284 34 1032.5 656.0 25.0 Pedestrian
1145 1296 34 1032.5 656.0 25.0 Pedestrian
1146 1308 34 1032.5 656.0 25.0 Pedestrian
1147 1320 34 1032.5 656.0 25.0 Pedestrian
1148 1332 34 1032.5 656.0 25.0 Pedestrian
1149 1344 34 1032.5 656.0 25.0 Pedestrian
1150 1356 34 1032.5 656.0 25.0 Pedestrian
1151 1368 34 1032.5 656.0 25.0 Pedestrian
1152 1380 34 1032.5 656.0 25.0 Pedestrian
1153 1392 34 1032.5 656.0 25.0 Pedestrian
1154 1404 34 1032.5 656.0 25.0 Pedestrian
1155 1416 34 1032.5 656.0 25.0 Pedestrian
1156 1428 34 1032.5 656.0 25.0 Pedestrian
1157 1440 34 1032.5 656.0 25.0 Pedestrian
1158 1452 34 1032.5 656.0 25.0 Pedestrian
1159 1464 34 1032.5 656.0 25.0 Pedestrian
1160 1236 36 639.0 1034.0 28.0 Pedestrian
1161 1248 36 637.0 1034.0 28.0 Pedestrian
1162 1260 36 633.0 1034.0 28.0 Pedestrian
1163 1272 36 631.0 1030.0 28.0 Pedestrian
1164 1284 36 628.0 1021.5 28.0 Pedestrian
1165 1296 36 624.0 1015.0 28.0 Pedestrian
1166 1308 36 620.0 1007.0 28.0 Pedestrian
1167 1320 36 616.5 1001.0 28.0 Pedestrian
1168 1332 36 603.5 999.0 28.0 Pedestrian
1169 1344 36 592.0 999.0 28.0 Pedestrian
1170 1356 36 581.0 1001.0 28.0 Pedestrian
1171 1368 36 568.0 1001.0 28.0 Pedestrian
1172 1380 36 552.0 1003.0 28.0 Pedestrian
1173 1392 36 528.0 1003.0 28.0 Pedestrian
1174 1404 36 503.0 1007.0 28.0 Pedestrian
1175 1416 36 481.0 1007.0 28.0 Pedestrian
1176 1428 36 459.0 999.0 28.0 Pedestrian
1177 1440 36 439.0 990.5 28.0 Pedestrian
1178 1452 36 416.0 982.0 28.0 Pedestrian
1179 1464 36 389.0 982.0 28.0 Pedestrian
1180 1236 38 666.5 1013.0 31.0 Pedestrian
1181 1248 38 664.5 1011.0 31.0 Pedestrian
1182 1260 38 662.0 1009.0 31.0 Pedestrian
1183 1272 38 659.0 1005.0 31.0 Pedestrian
1184 1284 38 650.0 988.0 31.0 Pedestrian
1185 1296 38 640.5 976.0 31.0 Pedestrian
1186 1308 38 631.0 960.0 31.0 Pedestrian
1187 1320 38 624.0 947.0 31.0 Pedestrian
1188 1332 38 609.0 947.0 31.0 Pedestrian
1189 1344 38 596.0 951.0 31.0 Pedestrian
1190 1356 38 581.0 951.0 31.0 Pedestrian
1191 1368 38 563.0 951.0 31.0 Pedestrian
1192 1380 38 544.0 951.0 31.0 Pedestrian
1193 1392 38 526.0 951.0 31.0 Pedestrian
1194 1404 38 507.0 951.0 31.0 Pedestrian
1195 1416 38 485.0 951.0 31.0 Pedestrian
1196 1428 38 464.5 939.0 31.0 Pedestrian
1197 1440 38 442.0 943.0 31.0 Pedestrian
1198 1452 38 418.0 947.0 31.0 Pedestrian
1199 1464 38 390.5 943.0 31.0 Pedestrian
1200 1236 43 784.0 883.0 37.0 Pedestrian
1201 1248 43 793.5 879.0 37.0 Pedestrian
1202 1260 43 804.5 875.0 37.0 Pedestrian
1203 1272 43 814.0 871.0 37.0 Pedestrian
1204 1284 43 823.0 871.0 37.0 Pedestrian
1205 1296 43 834.0 867.0 37.0 Pedestrian
1206 1308 43 843.5 862.5 37.0 Pedestrian
1207 1320 43 852.5 858.0 37.0 Pedestrian
1208 1332 43 864.0 854.0 37.0 Pedestrian
1209 1344 43 871.0 850.0 37.0 Pedestrian
1210 1356 43 878.5 842.0 37.0 Pedestrian
1211 1368 43 886.0 833.5 37.0 Pedestrian
1212 1380 43 893.5 829.5 37.0 Pedestrian
1213 1392 43 899.0 821.0 37.0 Pedestrian
1214 1404 43 906.5 813.0 37.0 Pedestrian
1215 1416 43 915.5 809.0 37.0 Pedestrian
1216 1428 43 925.0 809.0 37.0 Pedestrian
1217 1440 43 934.0 805.0 37.0 Pedestrian
1218 1452 43 943.5 805.0 37.0 Pedestrian
1219 1464 43 953.0 800.5 37.0 Pedestrian
1220 1236 56 270.0 757.0 44.0 Pedestrian
1221 1248 56 270.0 757.0 44.0 Pedestrian
1222 1260 56 270.0 757.0 44.0 Pedestrian
1223 1272 56 270.0 757.0 44.0 Pedestrian
1224 1284 56 270.0 757.0 44.0 Pedestrian
1225 1296 56 270.0 757.0 44.0 Pedestrian
1226 1308 56 270.0 757.0 44.0 Pedestrian
1227 1320 56 270.0 757.0 44.0 Pedestrian
1228 1332 56 270.0 757.0 44.0 Pedestrian
1229 1344 56 270.0 757.0 44.0 Pedestrian
1230 1356 56 270.0 757.0 44.0 Pedestrian
1231 1368 56 270.0 757.0 44.0 Pedestrian
1232 1380 56 270.0 757.0 44.0 Pedestrian
1233 1392 56 270.0 757.0 44.0 Pedestrian
1234 1404 56 270.0 757.0 44.0 Pedestrian
1235 1416 56 270.0 757.0 44.0 Pedestrian
1236 1428 56 270.0 757.0 44.0 Pedestrian
1237 1440 56 270.0 757.0 44.0 Pedestrian
1238 1452 56 270.0 757.0 44.0 Pedestrian
1239 1464 56 270.0 757.0 44.0 Pedestrian
1240 1272 88 291.91 1115.17 55.0 Pedestrian
1241 1284 88 291.35 1114.84 55.0 Pedestrian
1242 1296 88 290.78 1114.5 55.0 Pedestrian
1243 1308 88 290.22 1114.17 55.0 Pedestrian
1244 1320 88 289.65 1113.83 55.0 Pedestrian
1245 1332 88 289.09 1113.49 55.0 Pedestrian
1246 1344 88 288.53 1113.16 55.0 Pedestrian
1247 1356 88 287.96 1112.82 55.0 Pedestrian
1248 1368 88 287.4 1112.49 55.0 Pedestrian
1249 1380 88 286.84 1112.15 55.0 Pedestrian
1250 1392 88 286.27 1111.82 55.0 Pedestrian
1251 1404 88 285.71 1111.48 55.0 Pedestrian
1252 1416 88 285.14 1111.15 55.0 Pedestrian
1253 1428 88 284.58 1110.81 55.0 Pedestrian
1254 1440 88 284.02 1110.47 55.0 Pedestrian
1255 1452 88 283.45 1110.14 55.0 Pedestrian
1256 1464 88 282.89 1109.8 55.0 Pedestrian
1257 1476 88 282.33 1109.47 55.0 Pedestrian
1258 1488 88 281.76 1109.13 55.0 Pedestrian
1259 1500 88 281.2 1108.8 55.0 Pedestrian
1260 1284 83 1179.0 1015.0 54.0 Pedestrian
1261 1296 83 1179.0 1015.0 54.0 Pedestrian
1262 1308 83 1179.0 1015.0 54.0 Pedestrian
1263 1320 83 1179.0 1015.0 54.0 Pedestrian
1264 1332 83 1179.0 1015.0 54.0 Pedestrian
1265 1344 83 1179.0 1015.0 54.0 Pedestrian
1266 1356 83 1179.0 1015.0 54.0 Pedestrian
1267 1368 83 1179.0 1015.0 54.0 Pedestrian
1268 1380 83 1179.0 1015.0 54.0 Pedestrian
1269 1392 83 1179.0 1015.0 54.0 Pedestrian
1270 1404 83 1179.0 1015.0 54.0 Pedestrian
1271 1416 83 1179.0 1015.0 54.0 Pedestrian
1272 1428 83 1179.0 1015.0 54.0 Pedestrian
1273 1440 83 1179.0 1015.0 54.0 Pedestrian
1274 1452 83 1179.0 1015.0 54.0 Pedestrian
1275 1464 83 1179.0 1015.0 54.0 Pedestrian
1276 1476 83 1179.0 1015.0 54.0 Pedestrian
1277 1488 83 1179.0 1015.0 54.0 Pedestrian
1278 1500 83 1179.0 1015.0 54.0 Pedestrian
1279 1512 83 1179.0 1015.0 54.0 Pedestrian
1280 1308 50 497.0 1127.0 41.0 Pedestrian
1281 1320 50 508.0 1127.0 41.0 Pedestrian
1282 1332 50 519.0 1127.0 41.0 Pedestrian
1283 1344 50 530.0 1127.0 41.0 Pedestrian
1284 1356 50 542.0 1122.5 41.0 Pedestrian
1285 1368 50 557.0 1122.5 41.0 Pedestrian
1286 1380 50 570.0 1122.5 41.0 Pedestrian
1287 1392 50 585.0 1118.5 41.0 Pedestrian
1288 1404 50 596.0 1118.5 41.0 Pedestrian
1289 1416 50 609.0 1118.5 41.0 Pedestrian
1290 1428 50 620.0 1118.5 41.0 Pedestrian
1291 1440 50 631.0 1118.5 41.0 Pedestrian
1292 1452 50 639.0 1118.5 41.0 Pedestrian
1293 1464 50 648.0 1122.5 41.0 Pedestrian
1294 1476 50 659.0 1122.5 41.0 Pedestrian
1295 1488 50 674.0 1122.5 41.0 Pedestrian
1296 1500 50 691.0 1122.5 41.0 Pedestrian
1297 1512 50 700.0 1118.5 41.0 Pedestrian
1298 1524 50 709.0 1118.5 41.0 Pedestrian
1299 1536 50 719.5 1118.5 41.0 Pedestrian
1300 1392 79 11.5 978.0 53.0 Pedestrian
1301 1404 79 23.0 978.0 53.0 Pedestrian
1302 1416 79 33.0 980.0 53.0 Pedestrian
1303 1428 79 44.0 980.0 53.0 Pedestrian
1304 1440 79 57.0 984.0 53.0 Pedestrian
1305 1452 79 68.0 992.5 53.0 Pedestrian
1306 1464 79 81.0 997.0 53.0 Pedestrian
1307 1476 79 94.0 1001.0 53.0 Pedestrian
1308 1488 79 105.0 1005.0 53.0 Pedestrian
1309 1500 79 116.0 1009.0 53.0 Pedestrian
1310 1512 79 127.5 1005.0 53.0 Pedestrian
1311 1524 79 138.5 1003.0 53.0 Pedestrian
1312 1536 79 150.5 1003.0 53.0 Pedestrian
1313 1548 79 162.5 1001.0 53.0 Pedestrian
1314 1560 79 174.5 1001.0 53.0 Pedestrian
1315 1572 79 185.5 999.0 53.0 Pedestrian
1316 1584 79 197.5 999.0 53.0 Pedestrian
1317 1596 79 210.0 997.0 53.0 Pedestrian
1318 1608 79 221.0 997.0 53.0 Pedestrian
1319 1620 79 233.0 994.5 53.0 Pedestrian
1320 1404 41 952.0 712.0 36.0 Pedestrian
1321 1416 41 935.0 712.0 36.0 Pedestrian
1322 1428 41 920.5 712.0 36.0 Pedestrian
1323 1440 41 903.5 712.0 36.0 Pedestrian
1324 1452 41 889.0 712.0 36.0 Pedestrian
1325 1464 41 872.0 712.0 36.0 Pedestrian
1326 1476 41 857.5 712.0 36.0 Pedestrian
1327 1488 41 840.5 712.0 36.0 Pedestrian
1328 1500 41 826.0 712.0 36.0 Pedestrian
1329 1512 41 813.0 714.0 36.0 Pedestrian
1330 1524 41 801.0 720.0 36.0 Pedestrian
1331 1536 41 789.5 722.5 36.0 Pedestrian
1332 1548 41 776.5 726.5 36.0 Pedestrian
1333 1560 41 764.0 726.5 36.0 Pedestrian
1334 1572 41 750.0 726.5 36.0 Pedestrian
1335 1584 41 737.0 726.5 36.0 Pedestrian
1336 1596 41 722.0 726.5 36.0 Pedestrian
1337 1608 41 709.0 726.5 36.0 Pedestrian
1338 1620 41 694.5 722.5 36.0 Pedestrian
1339 1632 41 679.5 722.5 36.0 Pedestrian
1340 1440 66 246.5 714.0 45.0 Pedestrian
1341 1452 66 245.5 714.0 45.0 Pedestrian
1342 1464 66 245.5 714.0 45.0 Pedestrian
1343 1476 66 245.0 714.0 45.0 Pedestrian
1344 1488 66 245.0 714.0 45.0 Pedestrian
1345 1500 66 245.0 714.0 45.0 Pedestrian
1346 1512 66 243.5 714.0 45.0 Pedestrian
1347 1524 66 243.5 714.0 45.0 Pedestrian
1348 1536 66 243.5 714.0 45.0 Pedestrian
1349 1548 66 243.5 716.0 45.0 Pedestrian
1350 1560 66 243.5 716.0 45.0 Pedestrian
1351 1572 66 243.5 716.0 45.0 Pedestrian
1352 1584 66 242.5 718.0 45.0 Pedestrian
1353 1596 66 242.5 718.0 45.0 Pedestrian
1354 1608 66 241.5 718.0 45.0 Pedestrian
1355 1620 66 241.5 720.0 45.0 Pedestrian
1356 1632 66 241.5 720.0 45.0 Pedestrian
1357 1644 66 241.5 720.0 45.0 Pedestrian
1358 1656 66 241.5 722.0 45.0 Pedestrian
1359 1668 66 240.5 722.0 45.0 Pedestrian
1360 1440 76 156.0 714.0 51.0 Pedestrian
1361 1452 76 156.0 714.0 51.0 Pedestrian
1362 1464 76 156.0 714.0 51.0 Pedestrian
1363 1476 76 156.0 714.0 51.0 Pedestrian
1364 1488 76 156.0 714.0 51.0 Pedestrian
1365 1500 76 156.0 714.0 51.0 Pedestrian
1366 1512 76 156.0 714.0 51.0 Pedestrian
1367 1524 76 157.0 714.0 51.0 Pedestrian
1368 1536 76 159.0 714.0 51.0 Pedestrian
1369 1548 76 160.0 718.0 51.0 Pedestrian
1370 1560 76 160.0 718.0 51.0 Pedestrian
1371 1572 76 162.0 718.0 51.0 Pedestrian
1372 1584 76 163.0 722.0 51.0 Pedestrian
1373 1596 76 163.5 722.0 51.0 Pedestrian
1374 1608 76 165.0 722.0 51.0 Pedestrian
1375 1620 76 165.0 726.0 51.0 Pedestrian
1376 1632 76 166.0 726.0 51.0 Pedestrian
1377 1644 76 168.0 726.0 51.0 Pedestrian
1378 1656 76 169.0 726.0 51.0 Pedestrian
1379 1668 76 170.0 730.5 51.0 Pedestrian
1380 1476 44 962.0 800.5 37.0 Pedestrian
1381 1488 44 971.5 796.5 37.0 Pedestrian
1382 1500 44 980.5 796.5 37.0 Pedestrian
1383 1512 44 989.0 790.0 37.0 Pedestrian
1384 1524 44 997.5 786.0 37.0 Pedestrian
1385 1536 44 1006.5 782.0 37.0 Pedestrian
1386 1548 44 1014.5 778.0 37.0 Pedestrian
1387 1560 44 1024.0 776.0 37.0 Pedestrian
1388 1572 44 1033.5 767.5 37.0 Pedestrian
1389 1584 44 1044.5 759.0 37.0 Pedestrian
1390 1596 44 1053.5 755.0 37.0 Pedestrian
1391 1608 44 1063.0 751.0 37.0 Pedestrian
1392 1620 44 1072.0 747.0 37.0 Pedestrian
1393 1632 44 1079.5 738.5 37.0 Pedestrian
1394 1644 44 1089.0 730.5 37.0 Pedestrian
1395 1656 44 1100.0 730.5 37.0 Pedestrian
1396 1668 44 1113.0 734.5 37.0 Pedestrian
1397 1680 44 1126.0 743.0 37.0 Pedestrian
1398 1692 44 1133.5 734.5 37.0 Pedestrian
1399 1704 44 1142.5 730.5 37.0 Pedestrian
1400 1476 57 270.0 757.0 44.0 Pedestrian
1401 1488 57 270.0 757.0 44.0 Pedestrian
1402 1500 57 270.0 757.0 44.0 Pedestrian
1403 1512 57 270.0 755.0 44.0 Pedestrian
1404 1524 57 270.0 755.0 44.0 Pedestrian
1405 1536 57 270.0 755.0 44.0 Pedestrian
1406 1548 57 270.0 753.0 44.0 Pedestrian
1407 1560 57 270.0 753.0 44.0 Pedestrian
1408 1572 57 270.0 753.0 44.0 Pedestrian
1409 1584 57 270.0 753.0 44.0 Pedestrian
1410 1596 57 270.0 751.0 44.0 Pedestrian
1411 1608 57 270.0 751.0 44.0 Pedestrian
1412 1620 57 270.0 751.0 44.0 Pedestrian
1413 1632 57 270.0 753.0 44.0 Pedestrian
1414 1644 57 270.0 751.0 44.0 Pedestrian
1415 1656 57 270.0 751.0 44.0 Pedestrian
1416 1668 57 270.0 751.0 44.0 Pedestrian
1417 1680 57 270.0 751.0 44.0 Pedestrian
1418 1692 57 270.0 749.0 44.0 Pedestrian
1419 1704 57 270.0 749.0 44.0 Pedestrian
1420 1500 46 967.5 1116.5 39.0 Pedestrian
1421 1512 46 957.5 1112.5 39.0 Pedestrian
1422 1524 46 948.0 1108.5 39.0 Pedestrian
1423 1536 46 938.0 1106.5 39.0 Pedestrian
1424 1548 46 928.5 1106.5 39.0 Pedestrian
1425 1560 46 919.5 1106.5 39.0 Pedestrian
1426 1572 46 909.5 1106.5 39.0 Pedestrian
1427 1584 46 899.0 1106.5 39.0 Pedestrian
1428 1596 46 889.0 1106.5 39.0 Pedestrian
1429 1608 46 881.5 1106.5 39.0 Pedestrian
1430 1620 46 874.0 1106.5 39.0 Pedestrian
1431 1632 46 864.5 1106.5 39.0 Pedestrian
1432 1644 46 850.0 1106.5 39.0 Pedestrian
1433 1656 46 833.5 1110.5 39.0 Pedestrian
1434 1668 46 818.5 1114.5 39.0 Pedestrian
1435 1680 46 803.5 1116.5 39.0 Pedestrian
1436 1692 46 788.5 1118.5 39.0 Pedestrian
1437 1704 46 774.0 1122.5 39.0 Pedestrian
1438 1716 46 759.0 1126.5 39.0 Pedestrian
1439 1728 46 742.5 1128.5 39.0 Pedestrian
1440 1500 48 917.0 1104.5 40.0 Pedestrian
1441 1512 48 909.0 1099.5 40.0 Pedestrian
1442 1524 48 904.0 1099.5 40.0 Pedestrian
1443 1536 48 898.0 1099.5 40.0 Pedestrian
1444 1548 48 889.0 1095.5 40.0 Pedestrian
1445 1560 48 879.5 1095.5 40.0 Pedestrian
1446 1572 48 870.0 1091.5 40.0 Pedestrian
1447 1584 48 861.0 1091.5 40.0 Pedestrian
1448 1596 48 852.0 1087.5 40.0 Pedestrian
1449 1608 48 842.5 1087.5 40.0 Pedestrian
1450 1620 48 820.0 1083.5 40.0 Pedestrian
1451 1632 48 796.0 1083.5 40.0 Pedestrian
1452 1644 48 770.0 1083.5 40.0 Pedestrian
1453 1656 48 755.5 1079.5 40.0 Pedestrian
1454 1668 48 752.0 1079.5 40.0 Pedestrian
1455 1680 48 748.0 1079.5 40.0 Pedestrian
1456 1692 48 744.0 1079.5 40.0 Pedestrian
1457 1704 48 741.0 1079.5 40.0 Pedestrian
1458 1716 48 735.0 1079.5 40.0 Pedestrian
1459 1728 48 731.0 1079.5 40.0 Pedestrian
1460 1500 51 705.5 1081.5 42.0 Pedestrian
1461 1512 51 698.0 1081.5 42.0 Pedestrian
1462 1524 51 690.5 1085.5 42.0 Pedestrian
1463 1536 51 685.0 1085.5 42.0 Pedestrian
1464 1548 51 677.5 1089.5 42.0 Pedestrian
1465 1560 51 672.0 1089.5 42.0 Pedestrian
1466 1572 51 664.5 1094.0 42.0 Pedestrian
1467 1584 51 657.0 1094.0 42.0 Pedestrian
1468 1596 51 651.5 1098.0 42.0 Pedestrian
1469 1608 51 644.5 1098.0 42.0 Pedestrian
1470 1620 51 633.0 1098.0 42.0 Pedestrian
1471 1632 51 620.0 1098.0 42.0 Pedestrian
1472 1644 51 609.0 1098.0 42.0 Pedestrian
1473 1656 51 596.0 1098.0 42.0 Pedestrian
1474 1668 51 583.0 1098.0 42.0 Pedestrian
1475 1680 51 572.0 1094.0 42.0 Pedestrian
1476 1692 51 559.0 1094.0 42.0 Pedestrian
1477 1704 51 546.0 1094.0 42.0 Pedestrian
1478 1716 51 535.0 1094.0 42.0 Pedestrian
1479 1728 51 522.0 1094.0 42.0 Pedestrian
1480 1500 53 34.0 1064.5 43.0 Pedestrian
1481 1512 53 34.0 1064.5 43.0 Pedestrian
1482 1524 53 34.0 1064.5 43.0 Pedestrian
1483 1536 53 34.5 1064.5 43.0 Pedestrian
1484 1548 53 34.5 1064.5 43.0 Pedestrian
1485 1560 53 34.5 1064.5 43.0 Pedestrian
1486 1572 53 36.5 1060.5 43.0 Pedestrian
1487 1584 53 36.5 1056.5 43.0 Pedestrian
1488 1596 53 34.5 1052.5 43.0 Pedestrian
1489 1608 53 34.5 1052.5 43.0 Pedestrian
1490 1620 53 34.5 1052.5 43.0 Pedestrian
1491 1632 53 34.5 1052.5 43.0 Pedestrian
1492 1644 53 34.5 1052.5 43.0 Pedestrian
1493 1656 53 34.5 1052.5 43.0 Pedestrian
1494 1668 53 34.5 1052.5 43.0 Pedestrian
1495 1680 53 34.5 1052.5 43.0 Pedestrian
1496 1692 53 34.5 1052.5 43.0 Pedestrian
1497 1704 53 34.5 1052.5 43.0 Pedestrian
1498 1716 53 34.5 1052.5 43.0 Pedestrian
1499 1728 53 33.0 1048.5 43.0 Pedestrian
1500 1512 89 296.0 1118.5 55.0 Pedestrian
1501 1524 89 293.5 1116.5 55.0 Pedestrian
1502 1536 89 290.5 1114.5 55.0 Pedestrian
1503 1548 89 287.5 1112.5 55.0 Pedestrian
1504 1560 89 285.5 1112.5 55.0 Pedestrian
1505 1572 89 282.5 1108.0 55.0 Pedestrian
1506 1584 89 279.5 1106.0 55.0 Pedestrian
1507 1596 89 276.5 1106.0 55.0 Pedestrian
1508 1608 89 271.0 1106.0 55.0 Pedestrian
1509 1620 89 261.5 1108.5 55.0 Pedestrian
1510 1632 89 254.5 1112.5 55.0 Pedestrian
1511 1644 89 247.0 1114.5 55.0 Pedestrian
1512 1656 89 237.5 1114.5 55.0 Pedestrian
1513 1668 89 226.5 1110.5 55.0 Pedestrian
1514 1680 89 217.5 1110.5 55.0 Pedestrian
1515 1692 89 206.0 1110.5 55.0 Pedestrian
1516 1704 89 197.0 1110.5 55.0 Pedestrian
1517 1716 89 187.5 1110.5 55.0 Pedestrian
1518 1728 89 177.5 1110.5 55.0 Pedestrian
1519 1740 89 168.0 1110.5 55.0 Pedestrian
1520 1524 84 1179.0 1015.0 54.0 Pedestrian
1521 1536 84 1179.0 1015.0 54.0 Pedestrian
1522 1548 84 1179.0 1015.0 54.0 Pedestrian
1523 1560 84 1179.0 1015.0 54.0 Pedestrian
1524 1572 84 1180.0 1015.0 54.0 Pedestrian
1525 1584 84 1180.0 1017.0 54.0 Pedestrian
1526 1596 84 1180.0 1017.0 54.0 Pedestrian
1527 1608 84 1180.0 1017.0 54.0 Pedestrian
1528 1620 84 1180.0 1017.0 54.0 Pedestrian
1529 1632 84 1180.0 1017.0 54.0 Pedestrian
1530 1644 84 1180.5 1017.0 54.0 Pedestrian
1531 1656 84 1180.5 1017.0 54.0 Pedestrian
1532 1668 84 1180.5 1019.5 54.0 Pedestrian
1533 1680 84 1180.5 1019.5 54.0 Pedestrian
1534 1692 84 1180.5 1019.5 54.0 Pedestrian
1535 1704 84 1180.5 1019.5 54.0 Pedestrian
1536 1716 84 1181.5 1019.5 54.0 Pedestrian
1537 1728 84 1181.5 1019.5 54.0 Pedestrian
1538 1740 84 1181.5 1019.5 54.0 Pedestrian
1539 1752 84 1181.5 1021.5 54.0 Pedestrian
1540 1632 80 244.0 994.5 53.0 Pedestrian
1541 1644 80 253.5 999.0 53.0 Pedestrian
1542 1656 80 259.0 1011.0 53.0 Pedestrian
1543 1668 80 264.5 1023.5 53.0 Pedestrian
1544 1680 80 270.0 1036.0 53.0 Pedestrian
1545 1692 80 281.0 1046.5 53.0 Pedestrian
1546 1704 80 294.0 1058.5 53.0 Pedestrian
1547 1716 80 309.0 1062.5 53.0 Pedestrian
1548 1728 80 322.0 1062.5 53.0 Pedestrian
1549 1740 80 333.0 1062.5 53.0 Pedestrian
1550 1752 80 344.0 1062.5 53.0 Pedestrian
1551 1764 80 355.5 1062.5 53.0 Pedestrian
1552 1776 80 366.5 1062.5 53.0 Pedestrian
1553 1788 80 379.5 1058.5 53.0 Pedestrian
1554 1800 80 392.5 1058.5 53.0 Pedestrian
1555 1812 80 405.5 1054.5 53.0 Pedestrian
1556 1824 80 418.5 1054.5 53.0 Pedestrian
1557 1836 80 429.5 1050.5 53.0 Pedestrian
1558 1848 80 440.5 1050.5 53.0 Pedestrian
1559 1860 80 451.5 1046.5 53.0 Pedestrian
1560 1680 67 240.5 722.0 45.0 Pedestrian
1561 1692 67 240.5 722.0 45.0 Pedestrian
1562 1704 67 239.5 724.0 45.0 Pedestrian
1563 1716 67 239.5 724.0 45.0 Pedestrian
1564 1728 67 239.5 724.0 45.0 Pedestrian
1565 1740 67 239.5 726.0 45.0 Pedestrian
1566 1752 67 238.5 726.0 45.0 Pedestrian
1567 1764 67 238.5 726.0 45.0 Pedestrian
1568 1776 67 238.5 728.5 45.0 Pedestrian
1569 1788 67 238.5 728.5 45.0 Pedestrian
1570 1800 67 238.5 728.5 45.0 Pedestrian
1571 1812 67 237.5 730.5 45.0 Pedestrian
1572 1824 67 237.5 730.5 45.0 Pedestrian
1573 1836 67 236.5 730.5 45.0 Pedestrian
1574 1848 67 236.5 732.5 45.0 Pedestrian
1575 1860 67 236.5 732.5 45.0 Pedestrian
1576 1872 67 236.5 732.5 45.0 Pedestrian
1577 1884 67 236.5 732.5 45.0 Pedestrian
1578 1896 67 236.5 734.5 45.0 Pedestrian
1579 1908 67 235.5 734.5 45.0 Pedestrian
1580 1680 77 171.0 730.5 51.0 Pedestrian
1581 1692 77 172.0 730.5 51.0 Pedestrian
1582 1704 77 173.5 734.5 51.0 Pedestrian
1583 1716 77 173.5 734.5 51.0 Pedestrian
1584 1728 77 173.5 734.5 51.0 Pedestrian
1585 1740 77 173.5 734.5 51.0 Pedestrian
1586 1752 77 173.5 734.5 51.0 Pedestrian
1587 1764 77 173.5 734.5 51.0 Pedestrian
1588 1776 77 173.5 734.5 51.0 Pedestrian
1589 1788 77 173.5 734.5 51.0 Pedestrian
1590 1800 77 173.5 734.5 51.0 Pedestrian
1591 1812 77 173.5 734.5 51.0 Pedestrian
1592 1824 77 173.5 734.5 51.0 Pedestrian
1593 1836 77 173.5 734.5 51.0 Pedestrian
1594 1848 77 173.5 734.5 51.0 Pedestrian
1595 1860 77 173.5 734.5 51.0 Pedestrian
1596 1872 77 173.5 734.5 51.0 Pedestrian
1597 1884 77 173.5 734.5 51.0 Pedestrian
1598 1896 77 173.5 734.5 51.0 Pedestrian
1599 1908 77 173.5 734.5 51.0 Pedestrian
1600 1716 45 1154.0 730.5 37.0 Pedestrian
1601 1728 45 1165.0 730.5 37.0 Pedestrian
1602 1740 45 1176.0 734.5 37.0 Pedestrian
1603 1752 45 1187.0 738.5 37.0 Pedestrian
1604 1764 45 1204.0 738.5 37.0 Pedestrian
1605 1776 45 1215.0 738.5 37.0 Pedestrian
1606 1788 45 1220.5 738.5 37.0 Pedestrian
1607 1800 45 1236.5 738.5 37.0 Pedestrian
1608 1812 45 1254.5 747.0 37.0 Pedestrian
1609 1824 45 1252.0 747.0 37.0 Pedestrian
1610 1836 45 1257.5 747.0 37.0 Pedestrian
1611 1848 45 1270.5 749.0 37.0 Pedestrian
1612 1860 45 1268.5 747.0 37.0 Pedestrian
1613 1872 45 1268.5 747.0 37.0 Pedestrian
1614 1884 45 1268.5 747.0 37.0 Pedestrian
1615 1896 45 1268.5 747.0 37.0 Pedestrian
1616 1908 45 1268.5 747.0 37.0 Pedestrian
1617 1920 45 1268.5 747.0 37.0 Pedestrian
1618 1932 45 1268.5 747.0 37.0 Pedestrian
1619 1944 45 1268.5 747.0 37.0 Pedestrian
1620 1716 58 270.0 749.0 44.0 Pedestrian
1621 1728 58 270.0 747.0 44.0 Pedestrian
1622 1740 58 270.0 747.0 44.0 Pedestrian
1623 1752 58 270.0 749.0 44.0 Pedestrian
1624 1764 58 270.0 749.0 44.0 Pedestrian
1625 1776 58 270.0 747.0 44.0 Pedestrian
1626 1788 58 270.0 747.0 44.0 Pedestrian
1627 1800 58 270.0 747.0 44.0 Pedestrian
1628 1812 58 270.0 747.0 44.0 Pedestrian
1629 1824 58 270.0 744.5 44.0 Pedestrian
1630 1836 58 270.0 744.5 44.0 Pedestrian
1631 1848 58 270.0 744.5 44.0 Pedestrian
1632 1860 58 270.0 744.5 44.0 Pedestrian
1633 1872 58 270.0 742.5 44.0 Pedestrian
1634 1884 58 270.0 744.5 44.0 Pedestrian
1635 1896 58 270.0 744.5 44.0 Pedestrian
1636 1908 58 270.0 744.5 44.0 Pedestrian
1637 1920 58 270.0 742.5 44.0 Pedestrian
1638 1932 58 270.0 742.5 44.0 Pedestrian
1639 1944 58 270.0 742.5 44.0 Pedestrian
1640 1740 47 727.5 1133.0 39.0 Pedestrian
1641 1752 47 712.5 1135.0 39.0 Pedestrian
1642 1764 47 698.0 1137.0 39.0 Pedestrian
1643 1776 47 683.5 1141.5 39.0 Pedestrian
1644 1788 47 666.5 1145.5 39.0 Pedestrian
1645 1800 47 651.5 1145.5 39.0 Pedestrian
1646 1812 47 642.5 1145.5 39.0 Pedestrian
1647 1824 47 633.0 1141.5 39.0 Pedestrian
1648 1836 47 624.0 1137.0 39.0 Pedestrian
1649 1848 47 614.5 1137.0 39.0 Pedestrian
1650 1860 47 603.5 1133.0 39.0 Pedestrian
1651 1872 47 594.5 1128.5 39.0 Pedestrian
1652 1884 47 585.0 1124.5 39.0 Pedestrian
1653 1896 47 575.5 1124.5 39.0 Pedestrian
1654 1908 47 564.5 1124.5 39.0 Pedestrian
1655 1920 47 553.5 1124.5 39.0 Pedestrian
1656 1932 47 540.5 1120.5 39.0 Pedestrian
1657 1944 47 529.5 1120.5 39.0 Pedestrian
1658 1956 47 518.5 1120.5 39.0 Pedestrian
1659 1968 47 503.5 1112.5 39.0 Pedestrian
1660 1740 49 728.0 1079.5 40.0 Pedestrian
1661 1752 49 724.0 1079.5 40.0 Pedestrian
1662 1764 49 718.0 1079.5 40.0 Pedestrian
1663 1776 49 715.0 1079.5 40.0 Pedestrian
1664 1788 49 703.5 1075.5 40.0 Pedestrian
1665 1800 49 689.0 1075.5 40.0 Pedestrian
1666 1812 49 672.0 1071.5 40.0 Pedestrian
1667 1824 49 659.0 1071.5 40.0 Pedestrian
1668 1836 49 653.5 1071.5 40.0 Pedestrian
1669 1848 49 646.0 1071.5 40.0 Pedestrian
1670 1860 49 640.5 1071.5 40.0 Pedestrian
1671 1872 49 633.0 1071.5 40.0 Pedestrian
1672 1884 49 625.0 1069.0 40.0 Pedestrian
1673 1896 49 614.5 1069.0 40.0 Pedestrian
1674 1908 49 603.5 1069.0 40.0 Pedestrian
1675 1920 49 594.5 1071.0 40.0 Pedestrian
1676 1932 49 579.5 1071.0 40.0 Pedestrian
1677 1944 49 568.5 1071.0 40.0 Pedestrian
1678 1956 49 559.0 1075.5 40.0 Pedestrian
1679 1968 49 549.5 1075.5 40.0 Pedestrian
1680 1740 52 511.0 1094.0 42.0 Pedestrian
1681 1752 52 496.0 1094.0 42.0 Pedestrian
1682 1764 52 481.0 1094.0 42.0 Pedestrian
1683 1776 52 466.5 1098.0 42.0 Pedestrian
1684 1788 52 451.5 1098.0 42.0 Pedestrian
1685 1800 52 438.5 1098.0 42.0 Pedestrian
1686 1812 52 435.0 1094.0 42.0 Pedestrian
1687 1824 52 433.0 1094.0 42.0 Pedestrian
1688 1836 52 431.0 1094.0 42.0 Pedestrian
1689 1848 52 429.5 1094.0 42.0 Pedestrian
1690 1860 52 427.5 1094.0 42.0 Pedestrian
1691 1872 52 425.5 1094.0 42.0 Pedestrian
1692 1884 52 424.0 1094.0 42.0 Pedestrian
1693 1896 52 422.0 1094.0 42.0 Pedestrian
1694 1908 52 405.0 1089.5 42.0 Pedestrian
1695 1920 52 383.0 1089.5 42.0 Pedestrian
1696 1932 52 361.0 1085.5 42.0 Pedestrian
1697 1944 52 338.5 1085.5 42.0 Pedestrian
1698 1956 52 316.5 1085.5 42.0 Pedestrian
1699 1968 52 294.0 1081.5 42.0 Pedestrian
1700 1740 54 33.0 1048.5 43.0 Pedestrian
1701 1752 54 33.0 1048.5 43.0 Pedestrian
1702 1764 54 33.0 1048.5 43.0 Pedestrian
1703 1776 54 33.0 1048.5 43.0 Pedestrian
1704 1788 54 33.0 1048.5 43.0 Pedestrian
1705 1800 54 33.0 1048.5 43.0 Pedestrian
1706 1812 54 33.0 1048.5 43.0 Pedestrian
1707 1824 54 33.0 1048.5 43.0 Pedestrian
1708 1836 54 33.0 1048.5 43.0 Pedestrian
1709 1848 54 33.0 1048.5 43.0 Pedestrian
1710 1860 54 33.0 1048.5 43.0 Pedestrian
1711 1872 54 31.0 1044.5 43.0 Pedestrian
1712 1884 54 31.0 1044.5 43.0 Pedestrian
1713 1896 54 31.0 1044.5 43.0 Pedestrian
1714 1908 54 31.0 1044.5 43.0 Pedestrian
1715 1920 54 31.0 1044.5 43.0 Pedestrian
1716 1932 54 31.0 1044.5 43.0 Pedestrian
1717 1944 54 31.0 1044.5 43.0 Pedestrian
1718 1956 54 31.0 1044.5 43.0 Pedestrian
1719 1968 54 31.0 1044.5 43.0 Pedestrian
1720 1752 90 158.5 1110.5 55.0 Pedestrian
1721 1764 90 148.5 1110.5 55.0 Pedestrian
1722 1776 90 138.5 1110.5 55.0 Pedestrian
1723 1788 90 131.0 1110.5 55.0 Pedestrian
1724 1800 90 127.5 1110.5 55.0 Pedestrian
1725 1812 90 121.5 1110.5 55.0 Pedestrian
1726 1824 90 118.0 1110.5 55.0 Pedestrian
1727 1836 90 112.5 1110.5 55.0 Pedestrian
1728 1848 90 112.5 1110.5 55.0 Pedestrian
1729 1860 90 116.5 1110.5 55.0 Pedestrian
1730 1872 90 116.5 1110.5 55.0 Pedestrian
1731 1884 90 116.5 1110.5 55.0 Pedestrian
1732 1896 90 116.5 1110.5 55.0 Pedestrian
1733 1908 90 116.5 1110.5 55.0 Pedestrian
1734 1920 90 116.5 1110.5 55.0 Pedestrian
1735 1932 90 116.5 1110.5 55.0 Pedestrian
1736 1944 90 116.5 1110.5 55.0 Pedestrian
1737 1956 90 116.5 1110.5 55.0 Pedestrian
1738 1968 90 116.5 1110.5 55.0 Pedestrian
1739 1980 90 116.5 1110.5 55.0 Pedestrian
1740 1764 85 1181.5 1021.5 54.0 Pedestrian
1741 1776 85 1181.5 1021.5 54.0 Pedestrian
1742 1788 85 1182.5 1021.5 54.0 Pedestrian
1743 1800 85 1182.5 1021.5 54.0 Pedestrian
1744 1812 85 1182.5 1021.5 54.0 Pedestrian
1745 1824 85 1182.5 1021.5 54.0 Pedestrian
1746 1836 85 1182.5 1023.5 54.0 Pedestrian
1747 1848 85 1182.5 1023.5 54.0 Pedestrian
1748 1860 85 1183.5 1023.5 54.0 Pedestrian
1749 1872 85 1183.5 1023.5 54.0 Pedestrian
1750 1884 85 1183.5 1023.5 54.0 Pedestrian
1751 1896 85 1183.5 1023.5 54.0 Pedestrian
1752 1908 85 1183.5 1023.5 54.0 Pedestrian
1753 1920 85 1183.5 1025.5 54.0 Pedestrian
1754 1932 85 1184.5 1025.5 54.0 Pedestrian
1755 1944 85 1184.5 1025.5 54.0 Pedestrian
1756 1956 85 1184.5 1025.5 54.0 Pedestrian
1757 1968 85 1184.5 1025.5 54.0 Pedestrian
1758 1980 85 1184.5 1025.5 54.0 Pedestrian
1759 1992 85 1184.5 1025.5 54.0 Pedestrian
1760 1872 81 462.5 1046.5 53.0 Pedestrian
1761 1884 81 473.5 1042.5 53.0 Pedestrian
1762 1896 81 485.0 1042.5 53.0 Pedestrian
1763 1908 81 496.0 1038.0 53.0 Pedestrian
1764 1920 81 507.0 1038.0 53.0 Pedestrian
1765 1932 81 518.5 1038.0 53.0 Pedestrian
1766 1944 81 531.5 1038.0 53.0 Pedestrian
1767 1956 81 544.5 1038.0 53.0 Pedestrian
1768 1968 81 557.5 1042.5 53.0 Pedestrian
1769 1980 81 568.5 1042.5 53.0 Pedestrian
1770 1992 81 581.5 1042.5 53.0 Pedestrian
1771 2004 81 592.5 1050.5 53.0 Pedestrian
1772 2016 81 600.5 1069.0 53.0 Pedestrian
1773 2028 81 612.0 1085.5 53.0 Pedestrian
1774 2040 81 619.5 1089.5 53.0 Pedestrian
1775 2052 81 626.5 1102.0 53.0 Pedestrian
1776 2064 81 632.0 1102.0 53.0 Pedestrian
1777 2076 81 641.5 1102.0 53.0 Pedestrian
1778 2088 81 645.0 1102.0 53.0 Pedestrian
1779 2100 81 645.0 1102.0 53.0 Pedestrian
1780 1920 68 234.5 734.5 45.0 Pedestrian
1781 1932 68 234.5 736.5 45.0 Pedestrian
1782 1944 68 234.5 736.5 45.0 Pedestrian
1783 1956 68 234.5 736.5 45.0 Pedestrian
1784 1968 68 234.5 738.5 45.0 Pedestrian
1785 1980 68 234.5 738.5 45.0 Pedestrian
1786 1992 68 234.5 738.5 45.0 Pedestrian
1787 2004 68 234.5 738.5 45.0 Pedestrian
1788 2016 68 234.5 738.5 45.0 Pedestrian
1789 2028 68 235.5 738.5 45.0 Pedestrian
1790 2040 68 235.5 740.5 45.0 Pedestrian
1791 2052 68 236.5 738.5 45.0 Pedestrian
1792 2064 68 236.5 738.5 45.0 Pedestrian
1793 2076 68 238.5 740.5 45.0 Pedestrian
1794 2088 68 238.5 738.5 45.0 Pedestrian
1795 2100 68 239.5 738.5 45.0 Pedestrian
1796 2112 68 240.5 740.5 45.0 Pedestrian
1797 2124 68 240.5 738.5 45.0 Pedestrian
1798 2136 68 242.0 741.0 45.0 Pedestrian
1799 2148 68 242.0 741.0 45.0 Pedestrian
1800 1920 78 173.5 734.5 51.0 Pedestrian
1801 1932 78 173.5 734.5 51.0 Pedestrian
1802 1944 78 173.5 734.5 51.0 Pedestrian
1803 1956 78 173.5 734.5 51.0 Pedestrian
1804 1968 78 173.5 734.5 51.0 Pedestrian
1805 1980 78 173.5 734.5 51.0 Pedestrian
1806 1992 78 173.5 734.5 51.0 Pedestrian
1807 2004 78 173.0 734.5 51.0 Pedestrian
1808 2016 78 173.0 734.5 51.0 Pedestrian
1809 2028 78 173.0 734.5 51.0 Pedestrian
1810 2040 78 173.0 734.5 51.0 Pedestrian
1811 2052 78 174.0 736.5 51.0 Pedestrian
1812 2064 78 174.0 736.5 51.0 Pedestrian
1813 2076 78 174.0 736.5 51.0 Pedestrian
1814 2088 78 174.0 739.0 51.0 Pedestrian
1815 2100 78 174.0 739.0 51.0 Pedestrian
1816 2112 78 175.0 739.0 51.0 Pedestrian
1817 2124 78 175.0 741.0 51.0 Pedestrian
1818 2136 78 175.0 741.0 51.0 Pedestrian
1819 2148 78 175.0 741.0 51.0 Pedestrian
1820 1944 69 1039.0 699.5 48.0 Pedestrian
1821 1956 69 1044.5 699.5 48.0 Pedestrian
1822 1968 69 1051.5 699.5 48.0 Pedestrian
1823 1980 69 1059.5 699.5 48.0 Pedestrian
1824 1992 69 1064.5 699.5 48.0 Pedestrian
1825 2004 69 1072.5 699.5 48.0 Pedestrian
1826 2016 69 1081.5 705.5 48.0 Pedestrian
1827 2028 69 1089.0 709.5 48.0 Pedestrian
1828 2040 69 1098.5 709.5 48.0 Pedestrian
1829 2052 69 1109.5 709.5 48.0 Pedestrian
1830 2064 69 1120.5 714.0 48.0 Pedestrian
1831 2076 69 1133.5 714.0 48.0 Pedestrian
1832 2088 69 1144.5 714.0 48.0 Pedestrian
1833 2100 69 1153.5 714.0 48.0 Pedestrian
1834 2112 69 1163.0 714.0 48.0 Pedestrian
1835 2124 69 1170.5 722.0 48.0 Pedestrian
1836 2136 69 1185.5 726.5 48.0 Pedestrian
1837 2148 69 1196.5 726.5 48.0 Pedestrian
1838 2160 69 1209.5 726.5 48.0 Pedestrian
1839 2172 69 1222.5 726.5 48.0 Pedestrian
1840 1956 59 270.0 740.5 44.0 Pedestrian
1841 1968 59 270.0 740.5 44.0 Pedestrian
1842 1980 59 270.0 740.5 44.0 Pedestrian
1843 1992 59 270.0 740.5 44.0 Pedestrian
1844 2004 59 270.0 740.5 44.0 Pedestrian
1845 2016 59 270.0 740.5 44.0 Pedestrian
1846 2028 59 270.0 742.5 44.0 Pedestrian
1847 2040 59 270.0 740.5 44.0 Pedestrian
1848 2052 59 270.0 742.5 44.0 Pedestrian
1849 2064 59 270.0 740.5 44.0 Pedestrian
1850 2076 59 270.0 742.5 44.0 Pedestrian
1851 2088 59 270.0 740.5 44.0 Pedestrian
1852 2100 59 270.0 740.5 44.0 Pedestrian
1853 2112 59 269.0 743.0 44.0 Pedestrian
1854 2124 59 269.0 741.0 44.0 Pedestrian
1855 2136 59 269.0 743.0 44.0 Pedestrian
1856 2148 59 269.0 741.0 44.0 Pedestrian
1857 2160 59 269.0 743.0 44.0 Pedestrian
1858 2172 59 269.0 743.0 44.0 Pedestrian
1859 2184 59 269.0 743.0 44.0 Pedestrian
