0 94.0 28.137 -1.173
12 94.0 28.137 -1.173
24 94.0 28.137 -1.173
36 94.0 28.137 -1.173
48 94.0 28.137 -1.173
60 94.0 28.137 -1.173
72 94.0 28.137 -1.173
84 94.0 28.137 -1.173
0 97.0 27.498 -1.243
12 97.0 27.428 -1.243
24 97.0 27.428 -1.196
36 97.0 27.359 -1.196
48 97.0 27.359 -1.15
60 97.0 27.359 -1.15
72 97.0 27.3 -1.092
84 97.0 27.3 -1.092
0 223.0 -11.02 -5.423
12 223.0 -11.345 -5.586
24 223.0 -11.601 -5.748
36 223.0 -11.856 -5.853
48 223.0 -12.112 -6.004
60 223.0 -12.367 -6.12
72 223.0 -12.623 -6.271
84 223.0 -12.901 -6.375
240 95.0 28.137 -1.173
252 95.0 28.137 -1.173
264 95.0 28.137 -1.173
276 95.0 28.137 -1.173
288 95.0 28.137 -1.173
300 95.0 28.137 -1.173
312 95.0 28.137 -1.173
324 95.0 28.137 -1.173
240 98.0 27.3 -0.929
252 98.0 27.3 -0.929
264 98.0 27.242 -0.929
276 98.0 27.242 -0.929
288 98.0 27.242 -0.987
300 98.0 27.242 -1.033
312 98.0 27.242 -1.068
324 98.0 27.173 -1.092
480 96.0 28.137 -1.173
492 96.0 28.137 -1.173
504 96.0 28.067 -1.173
516 96.0 27.962 -1.115
528 96.0 27.881 -1.068
540 96.0 27.684 -0.952
552 96.0 27.486 -0.906
564 96.0 27.3 -0.801
480 99.0 27.045 -1.533
492 99.0 27.045 -1.591
504 99.0 27.045 -1.626
516 99.0 27.045 -1.626
528 99.0 27.045 -1.626
540 99.0 27.068 -1.626
552 99.0 27.068 -1.591
564 99.0 27.068 -1.614
780 100.0 19.927 -12.193
792 100.0 19.404 -12.193
804 100.0 18.905 -12.193
816 100.0 18.452 -12.216
828 100.0 18.011 -12.239
840 100.0 17.593 -12.274
852 100.0 17.151 -12.297
864 100.0 16.675 -12.297
996 153.0 27.149 -6.224
1008 153.0 26.476 -6.48
1020 153.0 25.93 -6.596
1032 153.0 25.582 -6.689
1044 153.0 24.978 -6.991
1056 153.0 24.258 -7.246
1068 153.0 23.817 -7.525
1080 153.0 23.376 -7.827
1236 154.0 16.478 -9.638
1248 154.0 16.037 -9.685
1260 154.0 15.526 -9.801
1272 154.0 14.945 -9.894
1284 154.0 14.434 -10.01
1296 154.0 13.853 -10.056
1308 154.0 13.343 -10.056
1320 154.0 12.832 -10.056
1500 84.0 11.647 7.188
1512 84.0 11.647 7.188
1524 84.0 11.647 7.188
1536 84.0 11.647 7.188
1548 84.0 11.647 7.188
1560 84.0 11.647 7.188
1572 84.0 11.647 7.188
1584 84.0 11.647 7.188
1740 85.0 11.647 7.188
1752 85.0 11.647 7.188
1764 85.0 11.647 7.188
1776 85.0 11.647 7.188
1788 85.0 11.647 7.188
1800 85.0 11.647 7.188
1812 85.0 11.647 7.188
1824 85.0 11.647 7.188
2208 204.0 -5.783 12.39
2220 204.0 -5.62 12.239
2232 204.0 -5.655 12.054
2244 204.0 -5.562 11.833
2256 204.0 -5.4 11.566
2268 204.0 -5.307 11.334
2280 204.0 -5.202 11.066
2292 204.0 -5.144 10.834
2316 49.0 29.275 -9.023
2328 49.0 28.706 -9.023
2340 49.0 28.346 -8.965
2352 49.0 28.009 -8.918
2364 49.0 27.684 -8.872
2376 49.0 27.335 -8.802
2388 49.0 27.01 -8.756
2400 49.0 26.627 -8.663
2316 66.0 29.089 -9.708
2328 66.0 28.543 -9.708
2340 66.0 28.229 -9.661
2352 66.0 27.846 -9.638
2364 66.0 27.521 -9.569
2376 66.0 27.138 -9.545
2388 66.0 26.824 -9.522
2400 66.0 26.441 -9.429
2316 180.0 29.182 -8.001
2328 180.0 28.578 -8.001
2340 180.0 28.253 -8.001
2352 180.0 27.939 -7.931
2364 180.0 27.556 -7.931
2376 180.0 27.231 -7.885
2388 180.0 26.917 -7.885
2400 180.0 26.662 -7.838
2448 205.0 -4.761 5.028
2460 205.0 -4.668 4.657
2472 205.0 -4.54 4.25
2484 205.0 -4.54 3.913
2496 205.0 -4.54 3.542
2508 205.0 -4.471 3.24
2520 205.0 -4.471 3.008
2532 205.0 -4.448 2.74
2496 193.0 11.74 7.629
2508 193.0 11.74 7.339
2520 193.0 11.74 7.339
2532 193.0 11.74 7.339
2544 193.0 11.74 7.339
2556 193.0 11.74 7.339
2568 193.0 11.74 7.339
2580 193.0 11.74 7.339
2520 41.0 29.031 -9.429
2532 41.0 28.706 -9.522
2544 41.0 28.45 -9.522
2556 41.0 28.067 -9.569
2568 41.0 27.614 -9.638
2580 41.0 27.242 -9.731
2592 41.0 26.79 -9.847
2604 41.0 26.337 -9.94
2532 133.0 28.961 -8.291
2544 133.0 28.578 -8.291
2556 133.0 28.195 -8.338
2568 133.0 27.811 -8.384
2580 133.0 27.428 -8.5
2592 133.0 27.045 -8.547
2604 133.0 26.662 -8.593
2616 133.0 26.279 -8.709
2532 224.0 28.74 -8.837
2544 224.0 28.415 -8.883
2556 224.0 28.102 -8.941
2568 224.0 27.649 -9.046
2580 224.0 27.266 -9.162
2592 224.0 26.952 -9.209
2604 224.0 26.627 -9.255
2616 224.0 26.186 -9.371
2556 50.0 25.257 -8.303
2568 50.0 25.257 -8.361
2580 50.0 25.257 -8.361
2592 50.0 25.257 -8.419
2604 50.0 25.315 -8.419
2616 50.0 25.315 -8.419
2628 50.0 25.315 -8.419
2640 50.0 25.315 -8.419
2556 67.0 25.965 -8.21
2568 67.0 25.965 -8.047
2580 67.0 25.965 -7.838
2592 67.0 25.965 -7.78
2604 67.0 25.965 -7.78
2616 67.0 25.965 -7.838
2628 67.0 25.965 -7.838
2640 67.0 25.965 -7.838
2556 181.0 25.442 -7.676
2568 181.0 25.442 -7.676
2580 181.0 25.442 -7.722
2592 181.0 25.442 -7.722
2604 181.0 25.442 -7.722
2616 181.0 25.442 -7.78
2628 181.0 25.442 -7.78
2640 181.0 25.442 -7.78
2688 206.0 -4.54 1.986
2700 206.0 -4.54 1.986
2712 206.0 -4.633 2.009
2724 206.0 -4.633 2.009
2736 206.0 -4.575 2.009
2748 206.0 -4.506 1.951
2760 206.0 -4.506 1.916
2772 206.0 -4.54 1.87
2736 194.0 11.74 7.339
2748 194.0 11.74 7.339
2760 194.0 11.554 7.397
2772 194.0 11.299 7.455
2784 194.0 11.299 7.502
2796 194.0 11.299 7.502
2808 194.0 11.299 7.502
2820 194.0 11.299 7.502
2760 42.0 21.552 -9.94
2772 42.0 21.169 -9.94
2784 42.0 20.786 -9.94
2796 42.0 20.53 -9.94
2808 42.0 20.147 -9.94
2820 42.0 19.694 -9.94
2832 42.0 19.253 -9.94
2844 42.0 18.87 -9.94
2772 134.0 21.483 -8.756
2784 134.0 21.111 -8.709
2796 134.0 20.716 -8.663
2808 134.0 20.345 -8.663
2820 134.0 19.95 -8.663
2832 134.0 19.578 -8.663
2844 134.0 19.253 -8.593
2856 134.0 18.87 -8.547
2772 225.0 21.39 -9.313
2784 225.0 21.007 -9.313
2796 225.0 20.623 -9.313
2808 225.0 20.24 -9.313
2820 225.0 19.857 -9.313
2832 225.0 19.474 -9.313
2844 225.0 19.091 -9.313
2856 225.0 18.707 -9.313
2796 51.0 25.315 -8.419
2808 51.0 25.315 -8.419
2820 51.0 25.315 -8.419
2832 51.0 25.315 -8.419
2844 51.0 25.315 -8.419
2856 51.0 25.315 -8.419
2868 51.0 25.315 -8.419
2880 51.0 25.315 -8.419
2796 68.0 25.965 -7.989
2808 68.0 25.965 -7.989
2820 68.0 25.965 -7.989
2832 68.0 25.965 -7.989
2844 68.0 25.965 -7.989
2856 68.0 25.965 -7.989
2868 68.0 25.965 -7.989
2880 68.0 25.965 -7.989
2796 182.0 25.442 -7.78
2808 182.0 25.442 -7.78
2820 182.0 25.442 -7.78
2832 182.0 25.442 -7.78
2844 182.0 25.442 -7.78
2856 182.0 25.442 -7.78
2868 182.0 25.442 -7.78
2880 182.0 25.442 -7.78
2928 207.0 -2.973 -2.52
2940 207.0 -2.973 -2.938
2952 207.0 -2.915 -3.309
2964 207.0 -2.915 -3.728
2976 207.0 -2.915 -4.157
2988 207.0 -2.915 -4.587
3000 207.0 -2.973 -4.958
3012 207.0 -3.17 -5.376
2976 195.0 11.299 7.502
2988 195.0 11.299 7.502
3000 195.0 11.299 7.502
3012 195.0 11.264 7.478
3024 195.0 11.264 7.478
3036 195.0 11.264 7.478
3048 195.0 11.264 7.478
3060 195.0 11.264 7.478
3000 43.0 14.074 -9.789
3012 43.0 13.598 -9.87
3024 43.0 13.18 -9.894
3036 43.0 12.762 -9.928
3048 43.0 12.321 -9.952
3060 43.0 11.903 -9.998
3072 43.0 11.531 -9.998
3084 43.0 11.206 -9.998
3012 135.0 13.761 -8.477
3024 135.0 13.412 -8.477
3036 135.0 13.087 -8.477
3048 135.0 12.739 -8.477
3060 135.0 12.39 -8.477
3072 135.0 11.937 -8.477
3084 135.0 11.554 -8.477
3096 135.0 11.113 -8.477
3012 226.0 13.946 -9.139
3024 226.0 13.575 -9.139
3036 226.0 13.18 -9.139
3048 226.0 12.866 -9.185
3060 226.0 12.483 -9.185
3072 226.0 12.1 -9.232
3084 226.0 11.717 -9.232
3096 226.0 11.334 -9.278
3036 52.0 25.28 -8.442
3048 52.0 25.28 -8.442
3060 52.0 25.28 -8.442
3072 52.0 25.28 -8.442
3084 52.0 25.28 -8.442
3096 52.0 25.28 -8.442
3108 52.0 25.28 -8.477
3120 52.0 25.28 -8.477
3036 69.0 25.93 -7.989
3048 69.0 25.93 -7.989
3060 69.0 25.93 -7.966
3072 69.0 25.93 -7.966
3084 69.0 25.93 -7.966
3096 69.0 25.93 -7.966
3108 69.0 25.93 -7.943
3120 69.0 25.93 -7.943
3036 183.0 25.419 -7.78
3048 183.0 25.419 -7.78
3060 183.0 25.419 -7.78
3072 183.0 25.384 -7.78
3084 183.0 25.384 -7.78
3096 183.0 25.384 -7.78
3108 183.0 25.384 -7.757
3120 183.0 25.384 -7.757
3168 208.0 -4.529 -10.451
3180 208.0 -4.575 -10.927
3192 208.0 -4.506 -11.299
3204 208.0 -4.668 -11.798
3216 208.0 -4.796 -12.088
3228 208.0 -4.738 -12.112
3240 208.0 -4.343 -12.112
3252 208.0 -3.971 -12.112
3216 196.0 11.334 7.42
3228 196.0 11.334 7.397
3240 196.0 11.334 7.397
3252 196.0 11.334 7.397
3264 196.0 11.334 7.397
3276 196.0 11.334 7.397
3288 196.0 11.334 7.397
3300 196.0 11.368 7.362
3240 44.0 6.456 -9.836
3252 44.0 6.131 -9.789
3264 44.0 5.69 -9.789
3276 44.0 5.295 -9.789
3288 44.0 4.924 -9.789
3300 44.0 4.529 -9.789
3312 44.0 4.157 -9.743
3324 44.0 3.762 -9.743
3252 136.0 6.201 -8.036
3264 136.0 5.876 -8.036
3276 136.0 5.481 -8.105
3288 136.0 5.179 -8.105
3300 136.0 4.784 -8.152
3312 136.0 4.459 -8.152
3324 136.0 4.157 -8.152
3336 136.0 3.762 -8.198
3252 227.0 6.282 -9.023
3264 227.0 5.911 -9.023
3276 227.0 5.516 -9.023
3288 227.0 5.144 -9.023
3300 227.0 4.691 -9.023
3312 227.0 4.308 -9.023
3324 227.0 3.925 -9.023
3336 227.0 3.542 -9.023
3276 53.0 25.257 -8.5
3288 53.0 25.257 -8.5
3300 53.0 25.257 -8.5
3312 53.0 25.257 -8.523
3324 53.0 25.257 -8.523
3336 53.0 25.222 -8.523
3348 53.0 25.222 -8.523
3360 53.0 25.222 -8.523
3276 70.0 25.93 -7.862
3288 70.0 25.93 -7.862
3300 70.0 25.93 -7.838
3312 70.0 25.93 -7.838
3324 70.0 25.93 -7.838
3336 70.0 25.895 -7.838
3348 70.0 25.895 -7.838
3360 70.0 25.895 -7.815
3276 184.0 25.315 -7.676
3288 184.0 25.292 -7.676
3300 184.0 25.292 -7.652
3312 184.0 25.292 -7.652
3324 184.0 25.292 -7.652
3336 184.0 25.292 -7.652
3348 184.0 25.292 -7.652
3360 184.0 25.257 -7.652
3444 6.0 -16.06 -4.32
3456 6.0 -16.06 -4.215
3468 6.0 -16.002 -3.995
3480 6.0 -15.967 -3.786
3492 6.0 -15.56 -3.472
3504 6.0 -15.421 -2.915
3516 6.0 -15.27 -2.752
3528 6.0 -15.142 -2.624
3456 197.0 11.368 7.374
3468 197.0 11.368 7.374
3480 197.0 11.299 7.374
3492 197.0 11.299 7.374
3504 197.0 11.334 7.374
3516 197.0 11.496 7.397
3528 197.0 11.496 7.397
3540 197.0 11.496 7.397
3480 45.0 -1.277 -9.58
3492 45.0 -1.672 -9.58
3504 45.0 -2.079 -9.557
3516 45.0 -2.462 -9.557
3528 45.0 -2.845 -9.557
3540 45.0 -3.228 -9.522
3552 45.0 -3.646 -9.522
3564 45.0 -4.029 -9.522
3492 137.0 -1.533 -8.198
3504 137.0 -1.951 -8.221
3516 137.0 -2.299 -8.256
3528 137.0 -2.648 -8.256
3540 137.0 -3.031 -8.28
3552 137.0 -3.414 -8.291
3564 137.0 -3.809 -8.291
3576 137.0 -4.18 -8.291
3492 228.0 -1.637 -8.976
3504 228.0 -2.044 -8.907
3516 228.0 -2.357 -8.883
3528 228.0 -2.717 -8.837
3540 228.0 -3.077 -8.802
3552 228.0 -3.426 -8.756
3564 228.0 -3.797 -8.756
3576 228.0 -4.192 -8.756
3516 54.0 25.187 -8.512
3528 54.0 25.187 -8.512
3540 54.0 25.187 -8.512
3552 54.0 25.187 -8.512
3564 54.0 25.187 -8.512
3576 54.0 25.152 -8.512
3588 54.0 25.152 -8.512
3600 54.0 25.187 -8.489
3516 71.0 25.895 -7.757
3528 71.0 25.895 -7.757
3540 71.0 25.895 -7.757
3552 71.0 25.895 -7.757
3564 71.0 25.895 -7.757
3576 71.0 25.895 -7.757
3588 71.0 25.895 -7.757
3600 71.0 25.895 -7.757
3516 128.0 28.636 -12.007
3528 128.0 28.16 -11.984
3540 128.0 27.649 -11.984
3552 128.0 27.335 -12.054
3564 128.0 27.08 -12.135
3576 128.0 26.697 -12.135
3588 128.0 26.244 -12.135
3600 128.0 25.802 -12.112
3516 185.0 25.187 -7.548
3528 185.0 25.187 -7.548
3540 185.0 25.187 -7.525
3552 185.0 25.187 -7.525
3564 185.0 25.187 -7.525
3576 185.0 25.187 -7.525
3588 185.0 25.187 -7.49
3600 185.0 25.187 -7.49
3684 7.0 -14.434 -1.753
3696 7.0 -14.469 -1.753
3708 7.0 -14.469 -1.753
3720 7.0 -14.469 -1.753
3732 7.0 -14.492 -1.719
3744 7.0 -14.492 -1.719
3756 7.0 -14.492 -1.719
3768 7.0 -14.527 -1.695
3696 198.0 11.496 7.397
3708 198.0 11.496 7.397
3720 198.0 11.496 7.397
3732 198.0 11.496 7.397
3744 198.0 11.496 7.397
3756 198.0 11.496 7.397
3768 198.0 11.496 7.397
3780 198.0 11.496 7.397
3720 46.0 -9.069 -9.394
3732 46.0 -9.452 -9.394
3744 46.0 -9.836 -9.371
3756 46.0 -10.254 -9.371
3768 46.0 -10.637 -9.336
3780 46.0 -11.02 -9.336
3792 46.0 -11.403 -9.336
3804 46.0 -11.821 -9.313
3732 138.0 -9.325 -8.221
3744 138.0 -9.708 -8.221
3756 138.0 -10.091 -8.221
3768 138.0 -10.544 -8.198
3780 138.0 -10.997 -8.175
3792 138.0 -11.461 -8.175
3804 138.0 -11.914 -8.152
3816 138.0 -12.367 -8.129
3732 229.0 -9.162 -8.628
3744 229.0 -9.557 -8.628
3756 229.0 -9.928 -8.593
3768 229.0 -10.323 -8.593
3780 229.0 -10.695 -8.593
3792 229.0 -11.09 -8.57
3804 229.0 -11.461 -8.57
3816 229.0 -11.856 -8.57
3756 55.0 25.164 -8.442
3768 55.0 25.164 -8.442
3780 55.0 25.164 -8.442
3792 55.0 25.129 -8.442
3804 55.0 25.164 -8.419
3816 55.0 25.164 -8.419
3828 55.0 25.164 -8.419
3840 55.0 25.164 -8.396
3756 72.0 25.93 -7.757
3768 72.0 25.93 -7.757
3780 72.0 25.93 -7.757
3792 72.0 25.93 -7.757
3804 72.0 25.93 -7.757
3816 72.0 25.93 -7.757
3828 72.0 25.93 -7.757
3840 72.0 25.93 -7.757
3756 129.0 19.985 -11.903
3768 129.0 19.543 -11.903
3780 129.0 19.091 -11.903
3792 129.0 18.649 -11.926
3804 129.0 18.196 -11.926
3816 129.0 17.755 -11.926
3828 129.0 17.302 -11.926
3840 129.0 16.861 -11.926
3756 186.0 25.222 -7.385
3768 186.0 25.222 -7.385
3780 186.0 25.222 -7.362
3792 186.0 25.222 -7.362
3804 186.0 25.222 -7.362
3816 186.0 25.222 -7.339
3828 186.0 25.222 -7.339
3840 186.0 25.222 -7.339
3876 209.0 27.509 -12.321
3888 209.0 27.208 -12.216
3900 209.0 26.79 -12.135
3912 209.0 26.279 -12.135
3924 209.0 25.826 -12.135
3936 209.0 25.315 -12.135
3948 209.0 24.873 -12.135
3960 209.0 24.363 -12.135
3924 8.0 -14.62 -1.602
3936 8.0 -14.62 -1.602
3948 8.0 -14.62 -1.602
3960 8.0 -14.62 -1.602
3972 8.0 -14.62 -1.602
3984 8.0 -14.62 -1.602
3996 8.0 -14.62 -1.602
4008 8.0 -14.341 -1.614
3936 199.0 11.496 7.397
3948 199.0 11.496 7.397
3960 199.0 11.496 7.397
3972 199.0 11.496 7.397
3984 199.0 11.496 7.397
3996 199.0 11.496 7.397
4008 199.0 11.426 7.339
4020 199.0 11.426 7.316
3960 218.0 28.833 -12.344
3972 218.0 28.508 -12.239
3984 218.0 28.264 -12.216
3996 218.0 27.811 -12.135
4008 218.0 27.498 -12.112
4020 218.0 27.173 -12.065
4032 218.0 26.824 -11.984
4044 218.0 26.534 -11.903
3972 139.0 -15.897 -7.815
3984 139.0 -16.025 -7.676
3996 139.0 -16.025 -7.571
4008 139.0 -16.095 -6.909
4020 139.0 -16.104 -6.458
4032 139.0 -16.114 -6.055
4044 139.0 -16.124 -5.652
4056 139.0 -16.134 -5.249
3996 56.0 25.129 -8.361
4008 56.0 25.129 -8.314
4020 56.0 25.129 -8.314
4032 56.0 25.129 -8.314
4044 56.0 25.129 -8.314
4056 56.0 25.129 -8.314
4068 56.0 25.129 -8.314
4080 56.0 25.129 -8.314
3996 73.0 25.93 -7.757
4008 73.0 25.93 -7.78
4020 73.0 25.93 -7.78
4032 73.0 25.93 -7.78
4044 73.0 25.93 -7.78
4056 73.0 25.93 -7.78
4068 73.0 25.93 -7.78
4080 73.0 25.93 -7.78
3996 130.0 10.602 -11.949
4008 130.0 10.242 -12.03
4020 130.0 9.928 -12.17
4032 130.0 9.603 -12.239
4044 130.0 9.092 -12.239
4056 130.0 8.581 -12.239
4068 130.0 8.071 -12.239
4080 130.0 7.629 -12.239
3996 187.0 25.222 -7.234
4008 187.0 25.222 -7.234
4020 187.0 25.222 -7.234
4032 187.0 25.222 -7.234
4044 187.0 25.222 -7.234
4056 187.0 25.222 -7.234
4068 187.0 25.222 -7.258
4080 187.0 25.222 -7.258
4044 213.0 26.418 -12.344
4056 213.0 25.93 -12.297
4068 213.0 25.547 -12.251
4080 213.0 25.164 -12.135
4092 213.0 24.711 -12.088
4104 213.0 24.328 -11.995
4116 213.0 23.945 -11.926
4128 213.0 23.561 -11.903
4116 210.0 18.452 -11.856
4128 210.0 17.941 -11.81
4140 210.0 17.5 -11.74
4152 210.0 17.047 -11.694
4164 210.0 16.536 -11.647
4176 210.0 16.095 -11.531
4188 210.0 15.584 -11.485
4200 210.0 15.131 -11.438
4164 9.0 -14.341 -1.614
4176 9.0 -14.341 -1.614
4188 9.0 -14.341 -1.614
4200 9.0 -14.341 -1.614
4212 9.0 -14.341 -1.614
4224 9.0 -14.341 -1.614
4236 9.0 -14.341 -1.614
4248 9.0 -14.341 -1.614
4176 200.0 11.357 6.84
4188 200.0 11.357 6.816
4200 200.0 11.357 6.793
4212 200.0 11.334 6.758
4224 200.0 11.334 6.712
4236 200.0 11.334 6.689
4248 200.0 11.334 6.631
4260 200.0 11.334 6.607
4200 219.0 21.239 -10.823
4212 219.0 20.786 -10.776
4224 219.0 20.403 -10.707
4236 219.0 20.147 -10.707
4248 219.0 19.706 -10.707
4260 219.0 19.195 -10.66
4272 219.0 18.684 -10.614
4284 219.0 18.104 -10.556
4212 140.0 -15.967 -0.186
4224 140.0 -16.095 0.209
4236 140.0 -15.897 0.523
4248 140.0 -15.677 0.848
4260 140.0 -15.421 1.045
4272 140.0 -15.328 1.393
4284 140.0 -14.922 1.533
4296 140.0 -14.399 1.846
4236 57.0 25.071 -8.314
4248 57.0 25.071 -8.314
4260 57.0 25.071 -8.314
4272 57.0 25.071 -8.314
4284 57.0 25.071 -8.314
4296 57.0 25.071 -8.314
4308 57.0 25.036 -8.314
4320 57.0 25.036 -8.314
4236 74.0 25.895 -7.803
4248 74.0 25.895 -7.803
4260 74.0 25.895 -7.803
4272 74.0 25.895 -7.838
4284 74.0 25.895 -7.838
4296 74.0 25.895 -7.838
4308 74.0 25.895 -7.838
4320 74.0 25.895 -7.838
4236 131.0 1.684 -12.321
4248 131.0 1.173 -12.321
4260 131.0 0.732 -12.321
4272 131.0 0.406 -12.297
4284 131.0 0.255 -12.274
4296 131.0 0.128 -12.239
4308 131.0 -0.197 -12.274
4320 131.0 -0.639 -12.321
4236 188.0 25.222 -7.304
4248 188.0 25.222 -7.304
4260 188.0 25.257 -7.339
4272 188.0 25.257 -7.339
4284 188.0 25.257 -7.339
4296 188.0 25.257 -7.339
4308 188.0 25.257 -7.339
4320 188.0 25.257 -7.362
4248 127.0 28.88 -2.23
4260 127.0 28.485 -1.904
4272 127.0 28.287 -1.533
4284 127.0 28.032 -1.161
4296 127.0 27.718 -0.743
4308 127.0 27.335 -0.43
4320 127.0 26.882 -0.116
4332 127.0 26.499 0.209
4284 214.0 17.848 -11.543
4296 214.0 17.395 -11.473
4308 214.0 16.884 -11.473
4320 214.0 16.513 -11.473
4332 214.0 16.188 -11.473
4344 214.0 15.804 -11.473
4356 214.0 15.491 -11.473
4368 214.0 15.096 -11.473
4356 211.0 8.872 -11.531
4368 211.0 8.361 -11.485
4380 211.0 7.85 -11.485
4392 211.0 7.409 -11.438
4404 211.0 6.898 -11.438
4416 211.0 6.445 -11.438
4428 211.0 6.062 -11.438
4440 211.0 5.62 -11.438
4404 10.0 -14.341 -1.614
4416 10.0 -14.341 -1.614
4428 10.0 -14.341 -1.614
4440 10.0 -14.341 -1.614
4452 10.0 -14.341 -1.614
4464 10.0 -14.341 -1.614
4476 10.0 -14.341 -1.614
4488 10.0 -14.341 -1.614
4416 201.0 14.341 3.751
4428 201.0 14.597 3.693
4440 201.0 14.852 3.646
4452 201.0 14.968 3.646
4464 201.0 15.108 3.646
4476 201.0 15.293 3.646
4488 201.0 15.421 3.646
4500 201.0 15.619 3.646
4440 220.0 12.414 -10.614
4452 220.0 11.972 -10.66
4464 220.0 11.589 -10.66
4476 220.0 11.276 -10.556
4488 220.0 10.95 -10.451
4500 220.0 10.509 -10.405
4512 220.0 9.928 -10.37
4524 220.0 9.383 -10.3
4452 141.0 -12.681 4.146
4464 141.0 -12.808 3.855
4476 141.0 -12.901 3.6
4488 141.0 -13.284 3.321
4500 141.0 -13.157 2.845
4512 141.0 -14.016 2.775
4524 141.0 -14.237 2.404
4536 141.0 -14.446 2.055
4476 58.0 25.001 -8.314
4488 58.0 25.001 -8.314
4500 58.0 25.001 -8.314
4512 58.0 24.978 -8.314
4524 58.0 24.978 -8.314
4536 58.0 24.978 -8.314
4548 58.0 24.978 -8.314
4560 58.0 24.978 -8.314
4476 75.0 25.919 -7.815
4488 75.0 25.919 -7.815
4500 75.0 25.919 -7.815
4512 75.0 25.895 -7.838
4524 75.0 25.895 -7.838
4536 75.0 25.895 -7.838
4548 75.0 25.895 -7.838
4560 75.0 25.895 -7.838
4476 132.0 -7.351 -12.321
4488 132.0 -7.92 -12.321
4500 132.0 -8.372 -12.321
4512 132.0 -8.814 -12.321
4524 132.0 -9.267 -12.297
4536 132.0 -9.685 -12.274
4548 132.0 -10.126 -12.239
4560 132.0 -10.532 -12.239
4476 189.0 25.257 -7.42
4488 189.0 25.257 -7.42
4500 189.0 25.292 -7.42
4512 189.0 25.222 -7.42
4524 189.0 25.222 -7.42
4536 189.0 25.222 -7.42
4548 189.0 25.222 -7.42
4560 189.0 25.222 -7.42
4500 142.0 26.824 -1.301
4512 142.0 26.824 -1.301
4524 142.0 26.824 -1.301
4536 142.0 26.824 -1.301
4548 142.0 26.824 -1.301
4560 142.0 26.824 -1.301
4572 142.0 26.824 -1.301
4584 142.0 26.824 -1.301
4524 215.0 9.394 -11.345
4536 215.0 8.93 -11.322
4548 215.0 8.628 -11.276
4560 215.0 8.233 -11.171
4572 215.0 7.908 -11.113
4584 215.0 7.467 -11.055
4596 215.0 7.025 -11.055
4608 215.0 6.584 -11.055
4560 166.0 -16.002 -5.69
4572 166.0 -16.002 -5.69
4584 166.0 -15.874 -5.771
4596 166.0 -15.642 -5.911
4608 166.0 -15.526 -5.911
4620 166.0 -15.038 -5.876
4632 166.0 -14.411 -5.934
4644 166.0 -14.016 -5.957
4596 171.0 -16.025 -6.77
4608 171.0 -15.897 -7.223
4620 171.0 -15.677 -7.409
4632 171.0 -15.456 -7.513
4644 171.0 -14.945 -7.513
4656 171.0 -14.434 -7.513
4668 171.0 -13.923 -7.49
4680 171.0 -13.482 -7.49
4596 212.0 -0.674 -11.322
4608 212.0 -1.15 -11.322
4620 212.0 -1.661 -11.299
4632 212.0 -2.171 -11.299
4644 212.0 -2.682 -11.299
4656 212.0 -3.1 -11.241
4668 212.0 -3.484 -11.194
4680 212.0 -3.867 -11.194
4644 11.0 -14.411 -1.614
4656 11.0 -14.411 -1.614
4668 11.0 -14.411 -1.614
4680 11.0 -14.411 -1.614
4692 11.0 -14.411 -1.614
4704 11.0 -14.446 -1.614
4716 11.0 -14.446 -1.614
4728 11.0 -14.446 -1.614
4656 202.0 17.558 2.021
4668 202.0 17.558 1.556
4680 202.0 17.627 1.068
4692 202.0 17.627 0.604
4704 202.0 17.627 0.116
4716 202.0 17.5 -0.255
4728 202.0 17.372 -0.604
4740 202.0 17.244 -0.975
4680 221.0 3.762 -10.045
4692 221.0 3.379 -9.998
4704 221.0 2.996 -9.998
4716 221.0 2.613 -9.952
4728 221.0 2.102 -9.952
4740 221.0 1.661 -9.905
4752 221.0 1.208 -9.836
4764 221.0 0.766 -9.836
4692 175.0 28.798 -3.368
4704 175.0 28.45 -3.368
4716 175.0 28.067 -3.368
4728 175.0 27.718 -3.368
4740 175.0 27.335 -3.437
4752 175.0 26.952 -3.553
4764 175.0 26.569 -3.646
4776 175.0 26.186 -3.762
4716 59.0 25.036 -8.314
4728 59.0 25.036 -8.314
4740 59.0 25.036 -8.314
4752 59.0 25.036 -8.314
4764 59.0 25.036 -8.314
4776 59.0 25.036 -8.314
4788 59.0 25.036 -8.314
4800 59.0 25.071 -8.314
4716 76.0 25.895 -7.838
4728 76.0 25.895 -7.838
4740 76.0 25.895 -7.838
4752 76.0 25.895 -7.838
4764 76.0 25.895 -7.838
4776 76.0 25.895 -7.838
4788 76.0 25.895 -7.838
4800 76.0 25.895 -7.838
4716 190.0 25.222 -7.42
4728 190.0 25.222 -7.42
4740 190.0 25.222 -7.42
4752 190.0 25.152 -7.42
4764 190.0 25.152 -7.42
4776 190.0 25.152 -7.42
4788 190.0 25.152 -7.42
4800 190.0 25.152 -7.42
4740 143.0 26.824 -1.301
4752 143.0 26.824 -1.301
4764 143.0 26.824 -1.301
4776 143.0 26.824 -1.301
4788 143.0 26.824 -1.301
4800 143.0 26.824 -1.301
4812 143.0 26.824 -1.301
4824 143.0 26.824 -1.301
4764 216.0 0.755 -10.579
4776 216.0 0.314 -10.579
4788 216.0 -0.128 -10.532
4800 216.0 -0.569 -10.532
4812 216.0 -0.964 -10.474
4824 216.0 -1.405 -10.474
4836 216.0 -1.846 -10.428
4848 216.0 -2.311 -10.428
4800 167.0 -8.558 -5.771
4812 167.0 -8.152 -5.748
4824 167.0 -7.699 -5.748
4836 167.0 -7.281 -5.69
4848 167.0 -6.874 -5.69
4860 167.0 -6.456 -5.69
4872 167.0 -6.062 -5.69
4884 167.0 -5.655 -5.748
4836 172.0 -6.77 -7.409
4848 172.0 -6.294 -7.409
4860 172.0 -5.783 -7.409
4872 172.0 -5.4 -7.385
4884 172.0 -4.982 -7.327
4896 172.0 -4.448 -7.327
4908 172.0 -4.088 -7.304
4920 172.0 -3.611 -7.2
4884 12.0 -14.469 -1.591
4896 12.0 -14.469 -1.591
4908 12.0 -14.504 -1.591
4920 12.0 -14.504 -1.591
4932 12.0 -14.504 -1.591
4944 12.0 -14.504 -1.591
4956 12.0 -14.504 -1.591
4968 12.0 -14.504 -1.591
4896 203.0 15.073 -6.062
4908 203.0 14.875 -6.48
4920 203.0 14.69 -6.898
4932 203.0 14.492 -7.339
4944 203.0 14.306 -7.757
4956 203.0 14.109 -8.129
4968 203.0 13.923 -8.547
4980 203.0 13.726 -8.965
4920 222.0 -5.051 -9.371
4932 222.0 -5.493 -9.325
4944 222.0 -5.945 -9.255
4956 222.0 -6.387 -9.255
4968 222.0 -6.84 -9.209
4980 222.0 -7.223 -9.162
4992 222.0 -7.606 -9.092
5004 222.0 -7.989 -9.046
4932 176.0 20.054 -5.295
4944 176.0 19.671 -5.342
4956 176.0 19.218 -5.458
4968 176.0 18.777 -5.504
4980 176.0 18.394 -5.62
4992 176.0 17.941 -5.667
5004 176.0 17.523 -5.771
5016 176.0 17.082 -5.876
4956 60.0 25.106 -8.314
4968 60.0 25.106 -8.314
4980 60.0 25.106 -8.314
4992 60.0 25.106 -8.314
5004 60.0 25.071 -8.303
5016 60.0 25.071 -8.303
5028 60.0 25.071 -8.28
5040 60.0 25.071 -8.256
4956 77.0 25.895 -7.838
4968 77.0 25.895 -7.838
4980 77.0 25.895 -7.838
4992 77.0 25.895 -7.838
5004 77.0 25.895 -7.838
5016 77.0 25.895 -7.803
5028 77.0 25.895 -7.803
5040 77.0 25.895 -7.78
4956 144.0 1.08 12.623
4968 144.0 1.208 12.286
4980 144.0 1.475 12.181
4992 144.0 1.753 12.077
5004 144.0 2.16 12.007
5016 144.0 2.555 11.937
5028 144.0 2.961 11.914
5040 144.0 3.344 11.868
4956 191.0 25.152 -7.42
4968 191.0 25.152 -7.42
4980 191.0 25.152 -7.42
4992 191.0 25.152 -7.42
5004 191.0 25.129 -7.42
5016 191.0 25.129 -7.385
5028 191.0 25.129 -7.385
5040 191.0 25.094 -7.409
5004 217.0 -7.896 -9.998
5016 217.0 -8.245 -9.952
5028 217.0 -8.663 -9.87
5040 217.0 -9.011 -9.789
5052 217.0 -9.418 -9.708
5064 217.0 -9.812 -9.708
5076 217.0 -10.254 -9.708
5088 217.0 -10.637 -9.603
5016 148.0 2.752 12.402
5028 148.0 3.008 12.263
5040 148.0 3.193 12.286
5052 148.0 3.704 12.239
5064 148.0 4.215 12.193
5076 148.0 4.726 12.239
5088 148.0 5.098 12.158
5100 148.0 5.493 12.193
5040 168.0 -0.523 -6.247
5052 168.0 -0.128 -6.329
5064 168.0 0.244 -6.375
5076 168.0 0.639 -6.433
5088 168.0 1.01 -6.538
5100 168.0 1.405 -6.642
5112 168.0 1.777 -6.747
5124 168.0 2.171 -6.851
5076 173.0 2.624 -7.571
5088 173.0 3.066 -7.548
5100 173.0 3.577 -7.548
5112 173.0 4.018 -7.548
5124 173.0 4.459 -7.548
5136 173.0 4.924 -7.548
5148 173.0 5.365 -7.548
5160 173.0 5.876 -7.432
5124 13.0 -14.562 -1.626
5136 13.0 -14.562 -1.626
5148 13.0 -14.562 -1.626
5160 13.0 -14.562 -1.626
5172 13.0 -14.597 -1.626
5184 13.0 -14.597 -1.626
5196 13.0 -14.597 -1.626
5208 13.0 -14.597 -1.626
5172 177.0 11.206 -7.037
5184 177.0 10.765 -7.153
5196 177.0 10.37 -7.2
5208 177.0 9.928 -7.304
5220 177.0 9.545 -7.455
5232 177.0 9.092 -7.618
5244 177.0 8.721 -7.78
5256 177.0 8.268 -7.943
5196 61.0 24.966 -8.152
5208 61.0 24.966 -8.152
5220 61.0 24.966 -8.152
5232 61.0 24.966 -8.152
5244 61.0 24.966 -8.152
5256 61.0 24.966 -8.152
5268 61.0 24.966 -8.152
5280 61.0 24.966 -8.152
5196 78.0 25.768 -7.78
5208 78.0 25.768 -7.78
5220 78.0 25.768 -7.78
5232 78.0 25.698 -7.78
5244 78.0 25.698 -7.78
5256 78.0 25.698 -7.78
5268 78.0 25.698 -7.78
5280 78.0 25.698 -7.78
5196 145.0 8.814 11.229
5208 145.0 9.185 11.183
5220 145.0 9.58 11.125
5232 145.0 10.021 11.02
5244 145.0 10.416 10.962
5256 145.0 10.788 10.916
5268 145.0 11.183 10.857
5280 145.0 11.554 10.707
5196 192.0 25.233 -7.281
5208 192.0 25.233 -7.281
5220 192.0 25.28 -7.281
5232 192.0 25.233 -7.281
5244 192.0 25.233 -7.281
5256 192.0 25.28 -7.281
5268 192.0 25.28 -7.223
5280 192.0 25.35 -7.223
5256 149.0 11.148 11.74
5268 149.0 11.589 11.67
5280 149.0 12.03 11.531
5292 149.0 12.425 11.322
5304 149.0 12.797 11.159
5316 149.0 13.192 10.95
5328 149.0 13.563 10.788
5340 149.0 14.016 10.625
5280 169.0 3.379 -5.318
5292 169.0 3.124 -5.005
5304 169.0 2.868 -4.633
5316 169.0 2.682 -4.32
5328 169.0 2.427 -3.948
5340 169.0 2.171 -3.577
5352 169.0 1.916 -3.263
5364 169.0 1.73 -2.891
5316 174.0 11.868 -6.596
5328 174.0 12.379 -6.538
5340 174.0 12.843 -6.48
5352 174.0 13.284 -6.433
5364 174.0 13.795 -6.375
5376 174.0 14.237 -6.329
5388 174.0 14.748 -6.271
5400 174.0 15.189 -6.224
5364 14.0 -14.655 -1.672
5376 14.0 -14.655 -1.672
5388 14.0 -14.655 -1.672
5400 14.0 -14.655 -1.672
5412 14.0 -14.655 -1.672
5424 14.0 -14.69 -1.672
5436 14.0 -14.69 -1.672
5448 14.0 -14.69 -1.672
5412 178.0 2.845 -8.628
5424 178.0 2.45 -8.686
5436 178.0 2.079 -8.686
5448 178.0 1.626 -8.686
5460 178.0 1.173 -8.732
5472 178.0 0.662 -8.779
5484 178.0 0.151 -8.837
5496 178.0 -0.36 -8.837
5436 62.0 23.248 -8.314
5448 62.0 23.108 -8.361
5460 62.0 22.992 -8.361
5472 62.0 22.807 -8.361
5484 62.0 22.412 -8.361
5496 62.0 22.04 -8.361
5508 62.0 21.622 -8.361
5520 62.0 21.204 -8.396
5436 79.0 23.468 -7.455
5448 79.0 23.213 -7.525
5460 79.0 22.888 -7.525
5472 79.0 22.516 -7.525
5484 79.0 22.191 -7.525
5496 79.0 21.808 -7.525
5508 79.0 21.459 -7.571
5520 79.0 21.041 -7.571
5436 146.0 15.711 7.583
5448 146.0 15.967 7.211
5460 146.0 16.222 6.898
5472 146.0 16.408 6.526
5484 146.0 16.664 6.155
5496 146.0 16.849 5.841
5508 146.0 17.116 5.493
5520 146.0 17.337 5.121
5496 150.0 17.465 6.654
5508 150.0 17.627 6.305
5520 150.0 17.848 6.004
5532 150.0 18.069 5.655
5544 150.0 18.289 5.365
5556 150.0 18.324 4.889
5568 150.0 18.58 4.598
5580 150.0 18.777 4.331
5520 170.0 -0.894 2.032
5532 170.0 -1.126 2.404
5544 170.0 -1.312 2.764
5556 170.0 -1.533 3.135
5568 170.0 -1.753 3.565
5580 170.0 -2.009 3.878
5592 170.0 -2.241 4.227
5604 170.0 -2.497 4.564
5604 15.0 -14.655 -1.719
5616 15.0 -14.655 -1.719
5628 15.0 -14.655 -1.753
5640 15.0 -14.655 -1.753
5652 15.0 -14.655 -1.753
5664 15.0 -14.655 -1.753
5676 15.0 -14.655 -1.753
5688 15.0 -14.655 -1.753
5652 179.0 -6.131 -9.371
5664 179.0 -6.642 -9.371
5676 179.0 -7.223 -9.371
5688 179.0 -7.409 -9.371
5700 179.0 -7.85 -9.371
5712 179.0 -8.245 -9.371
5724 179.0 -8.756 -9.371
5736 179.0 -9.267 -9.371
5676 63.0 15.131 -8.5
5688 63.0 14.69 -8.5
5700 63.0 14.248 -8.5
5712 63.0 13.784 -8.5
5724 63.0 13.343 -8.5
5736 63.0 12.901 -8.5
5748 63.0 12.46 -8.5
5760 63.0 11.995 -8.5
5676 80.0 15.549 -7.629
5688 80.0 15.108 -7.629
5700 80.0 14.655 -7.629
5712 80.0 14.202 -7.629
5724 80.0 13.761 -7.571
5736 80.0 13.319 -7.571
5748 80.0 12.924 -7.571
5760 80.0 12.553 -7.571
5676 147.0 20.275 0.964
5688 147.0 20.53 0.755
5700 147.0 20.786 0.499
5712 147.0 21.041 0.174
5724 147.0 21.297 -0.139
5736 147.0 21.552 -0.453
5748 147.0 21.75 -0.778
5760 147.0 21.936 -1.092
5736 151.0 21.425 0.766
5748 151.0 21.61 0.488
5760 151.0 21.866 0.128
5772 151.0 22.121 -0.244
5784 151.0 22.319 -0.615
5796 151.0 22.574 -0.975
5808 151.0 22.83 -1.417
5820 151.0 22.957 -1.777
5844 16.0 -14.655 -1.8
5856 16.0 -14.655 -1.8
5868 16.0 -14.655 -1.8
5880 16.0 -14.655 -1.823
5892 16.0 -14.655 -1.823
5904 16.0 -14.655 -1.823
5916 16.0 -14.655 -1.823
5928 16.0 -14.655 -1.823
5916 64.0 6.514 -8.129
5928 64.0 6.073 -8.071
5940 64.0 5.609 -8.012
5952 64.0 5.167 -7.966
5964 64.0 4.726 -7.92
5976 64.0 4.285 -7.862
5988 64.0 3.82 -7.803
6000 64.0 3.379 -7.757
5916 81.0 6.793 -7.304
5928 81.0 6.352 -7.258
5940 81.0 5.911 -7.2
5952 81.0 5.458 -7.2
5964 81.0 5.075 -7.142
5976 81.0 4.633 -7.095
5988 81.0 4.238 -7.049
6000 81.0 3.867 -6.979
6000 47.0 -6.108 12.344
6012 47.0 -6.166 12.344
6024 47.0 -6.224 12.367
6036 47.0 -6.294 12.367
6048 47.0 -6.294 12.39
6060 47.0 -6.364 12.39
6072 47.0 -6.387 12.39
6084 47.0 -6.387 12.135
6060 152.0 28.996 -8.117
6072 152.0 28.729 -8.372
6084 152.0 28.322 -8.489
6096 152.0 27.881 -8.593
6108 152.0 27.428 -8.709
6120 152.0 26.94 -8.849
6132 152.0 26.464 -8.941
6144 152.0 25.988 -9.046
6084 17.0 -14.597 -1.823
6096 17.0 -14.597 -1.823
6108 17.0 -14.597 -1.823
6120 17.0 -14.597 -1.823
6132 17.0 -14.631 -1.823
6144 17.0 -14.631 -1.823
6156 17.0 -14.631 -1.823
6168 17.0 -14.597 -1.8
6156 65.0 -2.137 -7.443
6168 65.0 -2.566 -7.327
6180 65.0 -3.008 -7.281
6192 65.0 -3.484 -7.223
6204 65.0 -3.925 -7.327
6216 65.0 -4.355 -7.385
6228 65.0 -4.761 -7.443
6240 65.0 -5.179 -7.467
6156 82.0 -2.021 -6.665
6168 82.0 -2.462 -6.665
6180 82.0 -2.938 -6.665
6192 82.0 -3.391 -6.665
6204 82.0 -3.832 -6.689
6216 82.0 -4.308 -6.689
6228 82.0 -4.761 -6.689
6240 82.0 -5.214 -6.689
6240 48.0 -6.642 5.388
6252 48.0 -6.677 4.807
6264 48.0 -6.677 4.285
6276 48.0 -6.677 3.797
6288 48.0 -6.712 3.333
6300 48.0 -6.712 2.845
6312 48.0 -6.712 2.322
6324 48.0 -6.514 1.695
6288 83.0 -10.521 -12.379
6300 83.0 -11.113 -12.321
6312 83.0 -11.241 -12.135
6324 83.0 -11.531 -12.112
6336 83.0 -11.81 -12.088
6348 83.0 -12.239 -12.112
6360 83.0 -12.715 -12.135
6372 83.0 -13.168 -12.17
6324 18.0 -14.597 -1.777
6336 18.0 -14.562 -1.753
6348 18.0 -14.562 -1.753
6360 18.0 -14.562 -1.753
6372 18.0 -14.562 -1.753
6384 18.0 -14.597 -1.753
6396 18.0 -14.597 -1.753
6408 18.0 -14.597 -1.753
6528 90.0 28.798 -12.193
6540 90.0 28.543 -12.03
6552 90.0 28.009 -12.054
6564 90.0 27.463 -12.112
6576 90.0 26.882 -12.17
6588 90.0 26.371 -12.17
6600 90.0 25.826 -12.135
6612 90.0 25.315 -12.112
6564 19.0 -14.562 -1.695
6576 19.0 -14.562 -1.695
6588 19.0 -14.562 -1.695
6600 19.0 -14.597 -1.719
6612 19.0 -14.597 -1.719
6624 19.0 -14.597 -1.719
6636 19.0 -14.562 -1.695
6648 19.0 -14.597 -1.695
6636 118.0 -11.31 -12.344
6648 118.0 -11.38 -11.961
6660 118.0 -11.914 -11.694
6672 118.0 -12.228 -11.45
6684 118.0 -12.553 -11.194
6696 118.0 -12.913 -10.927
6708 118.0 -13.157 -10.741
6720 118.0 -13.412 -10.532
6660 101.0 -4.587 12.355
6672 101.0 -5.423 12.135
6684 101.0 -5.69 11.949
6696 101.0 -5.586 11.519
6708 101.0 -5.527 11.125
6720 101.0 -5.597 10.648
6732 101.0 -5.62 10.172
6744 101.0 -5.69 9.65
6768 91.0 18.266 -12.088
6780 91.0 17.685 -12.112
6792 91.0 17.116 -12.112
6804 91.0 16.606 -12.135
6816 91.0 16.222 -12.17
6828 91.0 15.642 -12.17
6840 91.0 15.073 -12.088
6852 91.0 14.492 -12.088
6804 20.0 -14.573 -1.742
6816 20.0 -14.573 -1.742
6828 20.0 -14.573 -1.742
6840 20.0 -14.573 -1.742
6852 20.0 -14.573 -1.742
6864 20.0 -14.573 -1.742
6876 20.0 -14.573 -1.742
6888 20.0 -14.573 -1.742
6876 119.0 -15.711 -5.922
6888 119.0 -15.746 -5.551
6900 119.0 -15.874 -5.249
6912 119.0 -16.002 -4.877
6924 119.0 -16.153 -4.506
6936 119.0 -16.222 -4.511
6948 119.0 -16.221 -4.522
6960 119.0 -16.22 -4.533
6900 102.0 -5.969 3.321
6912 102.0 -5.969 2.857
6924 102.0 -5.969 2.322
6936 102.0 -5.969 1.904
6948 102.0 -5.969 1.417
6960 102.0 -6.015 0.929
6972 102.0 -6.062 0.441
6984 102.0 -6.166 -0.093
6972 103.0 -16.188 2.288
6984 103.0 -16.095 1.893
6996 103.0 -15.932 1.812
7008 103.0 -15.769 1.87
7020 103.0 -15.619 1.997
7032 103.0 -15.328 1.835
7044 103.0 -14.98 1.951
7056 103.0 -14.597 1.974
6996 86.0 -16.222 -6.956
7008 86.0 -16.095 -6.805
7020 86.0 -15.839 -6.851
7032 86.0 -15.456 -6.886
7044 86.0 -15.073 -6.933
7056 86.0 -14.376 -7.049
7068 86.0 -13.795 -7.095
7080 86.0 -13.215 -7.095
7008 92.0 7.316 -12.17
7020 92.0 6.735 -12.135
7032 92.0 6.166 -12.112
7044 92.0 5.586 -12.088
7056 92.0 5.017 -12.054
7068 92.0 4.436 -12.054
7080 92.0 3.855 -12.03
7092 92.0 3.344 -11.984
7044 21.0 -14.469 -1.753
7056 21.0 -14.469 -1.753
7068 21.0 -14.469 -1.73
7080 21.0 -14.469 -1.719
7092 21.0 -14.469 -1.719
7104 21.0 -14.434 -1.695
7116 21.0 -14.434 -1.707
7128 21.0 -14.434 -1.707
7116 120.0 -16.207 -4.677
7128 120.0 -16.206 -4.688
7140 120.0 -16.205 -4.699
7152 120.0 -16.204 -4.71
7164 120.0 -16.203 -4.721
7176 120.0 -16.202 -4.732
7188 120.0 -16.201 -4.744
7200 120.0 -16.2 -4.755
7236 87.0 -5.435 -7.49
7248 87.0 -4.854 -7.652
7260 87.0 -4.25 -7.652
7272 87.0 -3.832 -7.803
7284 87.0 -3.193 -7.838
7296 87.0 -2.555 -7.885
7308 87.0 -1.916 -7.908
7320 87.0 -1.277 -7.931
7248 93.0 -3.925 -11.508
7260 93.0 -4.506 -11.508
7272 93.0 -5.109 -11.508
7284 93.0 -5.69 -11.508
7296 93.0 -6.259 -11.508
7308 93.0 -6.84 -11.508
7320 93.0 -7.478 -11.543
7332 93.0 -8.047 -11.543
7284 22.0 -14.539 -1.695
7296 22.0 -14.539 -1.719
7308 22.0 -14.539 -1.719
7320 22.0 -14.504 -1.719
7332 22.0 -14.539 -1.719
7344 22.0 -14.539 -1.719
7356 22.0 -14.539 -1.719
7368 22.0 -14.539 -1.719
7356 121.0 -16.188 -4.899
7368 121.0 -16.025 -4.9
7380 121.0 -15.804 -4.9
7392 121.0 -15.584 -5.005
7404 121.0 -15.27 -5.051
7416 121.0 -14.887 -5.051
7428 121.0 -14.504 -5.051
7440 121.0 -14.121 -5.051
7476 88.0 6.514 -8.489
7488 88.0 7.153 -8.523
7500 88.0 7.792 -8.523
7512 88.0 8.303 -8.581
7524 88.0 8.849 -8.605
7536 88.0 9.383 -8.663
7548 88.0 9.928 -8.686
7560 88.0 10.474 -8.732
7524 23.0 -14.504 -1.742
7536 23.0 -14.539 -1.753
7548 23.0 -14.504 -1.753
7560 23.0 -14.504 -1.777
7572 23.0 -14.469 -1.777
7584 23.0 -14.469 -1.777
7596 23.0 -14.469 -1.777
7608 23.0 -14.469 -1.777
7596 122.0 -11.31 -1.405
7608 122.0 -11.31 -1.033
7620 122.0 -11.368 -0.557
7632 122.0 -11.368 -0.139
7644 122.0 -11.368 0.29
7656 122.0 -11.368 0.755
7668 122.0 -11.368 1.184
7680 122.0 -11.438 1.602
7716 89.0 17.976 -9.743
7728 89.0 18.556 -9.789
7740 89.0 19.125 -9.894
7752 89.0 19.694 -9.998
7764 89.0 20.275 -10.114
7776 89.0 20.856 -10.207
7788 89.0 21.425 -10.323
7800 89.0 21.994 -10.474
7740 124.0 -2.45 -12.344
7752 124.0 -2.717 -12.274
7764 124.0 -2.88 -12.193
7776 124.0 -3.1 -12.007
7788 124.0 -3.228 -11.728
7800 124.0 -3.17 -11.334
7812 124.0 -3.205 -10.881
7824 124.0 -3.066 -10.393
7764 24.0 -14.364 -1.753
7776 24.0 -14.364 -1.753
7788 24.0 -14.364 -1.753
7800 24.0 -14.364 -1.753
7812 24.0 -14.364 -1.753
7824 24.0 -14.364 -1.753
7836 24.0 -14.399 -1.753
7848 24.0 -14.469 -1.777
7836 123.0 -9.778 5.841
7848 123.0 -9.325 6.096
7860 123.0 -8.941 6.364
7872 123.0 -8.558 6.584
7884 123.0 -8.175 6.84
7896 123.0 -7.792 7.107
7908 123.0 -7.478 7.316
7920 123.0 -7.095 7.478
7980 125.0 -2.88 -4.552
7992 125.0 -3.066 -4.18
8004 125.0 -3.159 -3.762
8016 125.0 -3.159 -3.309
8028 125.0 -3.391 -2.833
8040 125.0 -3.414 -2.462
8052 125.0 -3.414 -2.148
8064 125.0 -3.704 -1.382
8004 25.0 -14.631 -1.777
8016 25.0 -14.631 -1.777
8028 25.0 -14.631 -1.777
8040 25.0 -14.631 -1.777
8052 25.0 -14.631 -1.777
8064 25.0 -14.631 -1.777
8076 25.0 -14.631 -1.777
8088 25.0 -14.631 -1.777
8100 230.0 11.496 -12.379
8112 230.0 11.717 -12.216
8124 230.0 12.065 -12.007
8136 230.0 12.576 -11.856
8148 230.0 12.959 -11.647
8160 230.0 13.343 -11.38
8172 230.0 13.726 -11.217
8184 230.0 14.179 -11.066
8124 232.0 12.808 -12.344
8136 232.0 13.122 -12.297
8148 232.0 13.412 -12.17
8160 232.0 13.923 -12.135
8172 232.0 14.306 -12.042
8184 232.0 14.69 -11.879
8196 232.0 15.073 -11.717
8208 232.0 15.456 -11.554
8196 159.0 29.054 -5.446
8208 159.0 28.891 -5.527
8220 159.0 28.555 -5.551
8232 159.0 28.102 -5.527
8244 159.0 27.777 -5.481
8256 159.0 27.451 -5.376
8268 159.0 27.08 -5.318
8280 159.0 26.685 -5.272
8220 126.0 -2.59 3.96
8232 126.0 -2.311 4.436
8244 126.0 -2.206 4.842
8256 126.0 -1.881 5.226
8268 126.0 -1.695 5.655
8280 126.0 -1.544 6.05
8292 126.0 -1.475 6.422
8304 126.0 -1.382 6.84
8244 26.0 -14.527 -1.835
8256 26.0 -14.492 -1.835
8268 26.0 -14.492 -1.835
8280 26.0 -14.492 -1.835
8292 26.0 -14.492 -1.835
8304 26.0 -14.469 -1.835
8316 26.0 -14.469 -1.835
8328 26.0 -14.469 -1.835
8340 231.0 19.985 -10.114
8352 231.0 20.496 -10.114
8364 231.0 20.949 -10.056
8376 231.0 21.39 -10.056
8388 231.0 21.843 -10.056
8400 231.0 22.284 -10.056
8412 231.0 22.737 -10.056
8424 231.0 23.12 -9.998
8364 233.0 21.076 -10.927
8376 233.0 21.518 -10.881
8388 233.0 21.97 -10.881
8400 233.0 22.412 -10.823
8412 233.0 22.865 -10.823
8424 233.0 23.248 -10.823
8436 233.0 23.689 -10.765
8448 233.0 24.072 -10.718
8436 160.0 21.32 -5.005
8448 160.0 20.949 -5.109
8460 160.0 20.554 -5.318
8472 160.0 20.182 -5.586
8484 160.0 19.787 -5.795
8496 160.0 19.416 -6.015
8508 160.0 18.998 -6.213
8520 160.0 18.614 -6.41
8484 27.0 -14.411 -1.881
8496 27.0 -14.411 -1.881
8508 27.0 -14.376 -1.916
8520 27.0 -14.376 -1.916
8532 27.0 -14.376 -1.916
8544 27.0 -14.376 -1.916
8556 27.0 -14.376 -1.916
8568 27.0 -14.376 -1.893
8544 164.0 -5.4 12.39
8556 164.0 -5.853 12.263
8568 164.0 -6.166 11.926
8580 164.0 -6.294 11.496
8592 164.0 -6.364 11.066
8604 164.0 -6.422 10.672
8616 164.0 -6.549 10.254
8628 164.0 -6.619 9.836
8604 113.0 -16.153 -6.456
8616 113.0 -16.06 -6.538
8628 113.0 -15.839 -6.538
8640 113.0 -15.584 -6.538
8652 113.0 -15.433 -6.491
8664 113.0 -14.922 -6.433
8676 113.0 -14.597 -6.491
8688 113.0 -14.155 -6.491
8616 107.0 -16.129 -5.586
8628 107.0 -15.897 -5.632
8640 107.0 -15.642 -5.632
8652 107.0 -15.421 -5.632
8664 107.0 -14.794 -5.632
8676 107.0 -14.539 -5.69
8688 107.0 -14.283 -5.748
8700 107.0 -13.958 -5.795
8676 161.0 13.343 -8.593
8688 161.0 12.866 -8.709
8700 161.0 12.483 -8.698
8712 161.0 12.007 -8.814
8724 161.0 11.589 -8.883
8736 161.0 11.171 -9.0
8748 161.0 10.799 -9.104
8760 161.0 10.405 -9.185
8712 155.0 -16.188 -5.748
8724 155.0 -16.002 -5.748
8736 155.0 -15.804 -5.748
8748 155.0 -15.549 -5.853
8760 155.0 -15.293 -5.853
8772 155.0 -14.945 -5.899
8784 155.0 -14.573 -5.899
8796 155.0 -14.213 -5.934
8724 28.0 -14.434 -1.835
8736 28.0 -14.434 -1.835
8748 28.0 -14.434 -1.835
8760 28.0 -14.469 -1.835
8772 28.0 -14.469 -1.835
8784 28.0 -14.469 -1.835
8796 28.0 -14.469 -1.835
8808 28.0 -14.469 -1.835
8784 165.0 -7.351 3.495
8796 165.0 -7.409 2.961
8808 165.0 -7.409 2.473
8820 165.0 -7.409 1.939
8832 165.0 -7.409 1.475
8844 165.0 -7.409 1.057
8856 165.0 -7.409 0.569
8868 165.0 -7.409 0.151
8844 114.0 -8.907 -6.584
8856 114.0 -8.535 -6.538
8868 114.0 -8.14 -6.538
8880 114.0 -7.699 -6.538
8892 114.0 -7.316 -6.491
8904 114.0 -6.933 -6.491
8916 114.0 -6.491 -6.491
8928 114.0 -6.096 -6.491
8856 108.0 -8.918 -5.853
8868 108.0 -8.523 -5.795
8880 108.0 -8.152 -5.795
8892 108.0 -7.699 -5.795
8904 108.0 -7.316 -5.795
8916 108.0 -6.933 -5.748
8928 108.0 -6.549 -5.748
8940 108.0 -6.108 -5.748
8916 162.0 4.761 -10.509
8928 162.0 4.273 -10.637
8940 162.0 3.89 -10.776
8952 162.0 3.507 -10.869
8964 162.0 3.031 -10.95
8976 162.0 2.543 -11.032
8988 162.0 2.113 -11.032
9000 162.0 1.649 -11.09
8952 156.0 -8.756 -5.957
8964 156.0 -8.396 -6.004
8976 156.0 -7.885 -5.957
8988 156.0 -7.443 -5.899
9000 156.0 -7.037 -5.829
9012 156.0 -6.677 -5.829
9024 156.0 -6.294 -5.795
9036 156.0 -5.911 -5.771
8964 29.0 -14.527 -1.753
8976 29.0 -14.527 -1.753
8988 29.0 -14.527 -1.753
9000 29.0 -14.492 -1.73
9012 29.0 -14.527 -1.753
9024 29.0 -14.527 -1.753
9036 29.0 -14.527 -1.753
9048 29.0 -14.527 -1.753
9084 115.0 -0.929 -6.491
9096 115.0 -0.511 -6.491
9108 115.0 -0.128 -6.491
9120 115.0 0.29 -6.491
9132 115.0 0.697 -6.491
9144 115.0 1.092 -6.491
9156 115.0 1.533 -6.514
9168 115.0 1.904 -6.514
9096 109.0 -0.929 -5.771
9108 109.0 -0.546 -5.771
9120 109.0 -0.128 -5.795
9132 109.0 0.29 -5.795
9144 109.0 0.662 -5.795
9156 109.0 1.057 -5.795
9168 109.0 1.498 -5.829
9180 109.0 1.881 -5.829
9156 163.0 -3.867 -11.264
9168 163.0 -4.308 -11.217
9180 163.0 -4.761 -11.171
9192 163.0 -5.272 -11.171
9204 163.0 -5.725 -11.113
9216 163.0 -6.166 -11.113
9228 163.0 -6.607 -11.055
9240 163.0 -7.06 -11.008
9192 157.0 -0.778 -6.143
9204 157.0 -0.383 -6.247
9216 157.0 -0.012 -6.352
9228 157.0 0.453 -6.398
9240 157.0 0.824 -6.456
9252 157.0 1.219 -6.514
9264 157.0 1.591 -6.561
9276 157.0 2.032 -6.619
9204 30.0 -14.562 -1.777
9216 30.0 -14.562 -1.777
9228 30.0 -14.562 -1.777
9240 30.0 -14.562 -1.777
9252 30.0 -14.597 -1.777
9264 30.0 -14.597 -1.777
9276 30.0 -14.597 -1.777
9288 30.0 -14.597 -1.777
9324 116.0 6.898 -6.933
9336 116.0 7.269 -6.933
9348 116.0 7.664 -6.991
9360 116.0 8.036 -6.991
9372 116.0 8.431 -6.991
9384 116.0 8.802 -6.991
9396 116.0 9.197 -6.991
9408 116.0 9.569 -6.991
9336 110.0 7.223 -6.143
9348 110.0 7.594 -6.189
9360 110.0 8.036 -6.189
9372 110.0 8.5 -6.247
9384 110.0 8.941 -6.294
9396 110.0 9.313 -6.294
9408 110.0 9.638 -6.294
9420 110.0 9.963 -6.294
9432 158.0 7.142 -7.258
9444 158.0 7.536 -7.304
9456 158.0 7.908 -7.304
9468 158.0 8.303 -7.351
9480 158.0 8.674 -7.409
9492 158.0 9.069 -7.467
9504 158.0 9.441 -7.548
9516 158.0 9.928 -7.641
9444 31.0 -14.62 -1.812
9456 31.0 -14.62 -1.812
9468 31.0 -14.62 -1.812
9480 31.0 -14.62 -1.812
9492 31.0 -14.62 -1.812
9504 31.0 -14.62 -1.788
9516 31.0 -14.62 -1.788
9528 31.0 -14.62 -1.788
9564 117.0 14.69 -7.072
9576 117.0 15.131 -7.072
9588 117.0 15.642 -7.014
9600 117.0 16.222 -6.956
9612 117.0 16.35 -6.956
9624 117.0 16.536 -7.014
9636 117.0 17.047 -7.072
9648 117.0 17.43 -7.072
9576 111.0 14.945 -6.317
9588 111.0 15.293 -6.294
9600 111.0 15.711 -6.294
9612 111.0 16.095 -6.271
9624 111.0 16.443 -6.271
9636 111.0 16.826 -6.247
9648 111.0 17.209 -6.247
9660 111.0 17.593 -6.247
9636 104.0 1.44 -12.297
9648 104.0 1.301 -11.961
9660 104.0 1.243 -11.577
9672 104.0 1.184 -11.217
9684 104.0 1.08 -10.869
9696 104.0 1.01 -10.509
9708 104.0 0.964 -10.138
9720 104.0 0.824 -9.731
9636 234.0 2.613 -12.321
9648 234.0 2.195 -12.146
9660 234.0 2.195 -11.728
9672 234.0 2.137 -11.345
9684 234.0 2.079 -10.95
9696 234.0 2.079 -10.579
9708 234.0 2.009 -10.161
9720 234.0 2.009 -9.789
9684 32.0 -14.631 -1.753
9696 32.0 -14.631 -1.753
9708 32.0 -14.631 -1.753
9720 32.0 -14.631 -1.753
9732 32.0 -14.631 -1.753
9744 32.0 -14.631 -1.753
9756 32.0 -14.597 -1.753
9768 32.0 -14.597 -1.753
9816 112.0 22.539 -6.224
9828 112.0 22.934 -6.224
9840 112.0 23.306 -6.271
9852 112.0 23.631 -6.271
9864 112.0 24.003 -6.271
9876 112.0 24.328 -6.271
9888 112.0 24.653 -6.271
9900 112.0 25.024 -6.271
9876 105.0 0.499 -4.668
9888 105.0 0.453 -4.343
9900 105.0 0.383 -3.971
9912 105.0 0.383 -3.658
9924 105.0 0.314 -3.344
9936 105.0 0.244 -3.019
9948 105.0 0.244 -2.706
9960 105.0 0.128 -2.276
9876 235.0 1.243 -4.61
9888 235.0 1.115 -4.18
9900 235.0 1.173 -3.89
9912 235.0 1.243 -3.449
9924 235.0 1.243 -3.019
9936 235.0 1.115 -2.601
9948 235.0 0.987 -2.23
9960 235.0 0.836 -1.916
9924 33.0 -14.597 -1.73
9936 33.0 -14.597 -1.73
9948 33.0 -14.597 -1.73
9960 33.0 -14.597 -1.73
9972 33.0 -14.597 -1.73
9984 33.0 -14.597 -1.73
9996 33.0 -14.597 -1.73
10008 33.0 -14.631 -1.73
10116 106.0 -0.894 2.973
10128 106.0 -0.929 3.379
10140 106.0 -0.987 3.786
10152 106.0 -1.057 4.169
10164 106.0 -1.126 4.598
10176 106.0 -1.161 4.97
10188 106.0 -1.208 5.388
10200 106.0 -1.277 5.76
10116 236.0 -0.139 3.275
10128 236.0 -0.139 3.646
10140 236.0 -0.139 4.064
10152 236.0 -0.186 4.436
10164 236.0 -0.186 4.866
10176 236.0 -0.186 5.284
10188 236.0 -0.255 5.655
10200 236.0 -0.255 6.073
10164 34.0 -14.666 -1.753
10176 34.0 -14.666 -1.753
10188 34.0 -14.666 -1.753
10200 34.0 -14.666 -1.753
10212 34.0 -14.666 -1.777
10224 34.0 -14.666 -1.777
10236 34.0 -14.666 -1.777
10248 34.0 -14.666 -1.777
10404 35.0 -14.724 -1.835
10416 35.0 -14.724 -1.835
10428 35.0 -14.724 -1.835
10440 35.0 -14.724 -1.835
10452 35.0 -14.724 -1.835
10464 35.0 -14.724 -1.835
10476 35.0 -14.724 -1.835
10488 35.0 -14.724 -1.835
10416 1.0 -3.321 12.599
10428 1.0 -3.739 12.367
10440 1.0 -3.762 11.995
10452 1.0 -3.414 11.496
10464 1.0 -3.356 11.148
10476 1.0 -3.228 10.648
10488 1.0 -3.1 10.172
10500 1.0 -2.938 9.719
10644 36.0 -14.631 -1.812
10656 36.0 -14.562 -1.812
10668 36.0 -14.562 -1.812
10680 36.0 -14.562 -1.812
10692 36.0 -14.562 -1.812
10704 36.0 -14.527 -1.777
10716 36.0 -14.527 -1.777
10728 36.0 -14.492 -1.777
10656 2.0 -1.312 3.519
10668 2.0 -1.184 3.031
10680 2.0 -1.057 2.531
10692 2.0 -0.929 2.055
10704 2.0 -0.801 1.579
10716 2.0 -0.615 1.103
10728 2.0 -0.476 0.604
10740 2.0 -0.36 0.128
10860 3.0 -4.668 12.448
10872 3.0 -4.889 12.263
10884 3.0 -4.761 12.054
10896 3.0 -4.796 11.519
10908 3.0 -4.982 11.043
10920 3.0 -5.179 10.521
10932 3.0 -5.121 10.196
10944 3.0 -4.912 9.94
10884 37.0 -14.597 -1.8
10896 37.0 -14.562 -1.8
10908 37.0 -14.527 -1.823
10920 37.0 -14.469 -1.835
10932 37.0 -14.469 -1.835
10944 37.0 -14.469 -1.835
10956 37.0 -14.411 -1.812
10968 37.0 -14.411 -1.812
11100 4.0 -5.469 2.926
11112 4.0 -5.4 2.392
11124 4.0 -5.33 1.928
11136 4.0 -5.469 1.347
11148 4.0 -5.841 0.708
11160 4.0 -5.841 0.128
11172 4.0 -5.783 -0.406
11184 4.0 -5.841 -0.883
11124 38.0 -14.446 -1.788
11136 38.0 -14.446 -1.788
11148 38.0 -14.446 -1.788
11160 38.0 -14.446 -1.788
11172 38.0 -14.446 -1.788
11184 38.0 -14.446 -1.788
11196 38.0 -14.446 -1.788
11208 38.0 -14.446 -1.788
11364 39.0 -14.469 -1.788
11376 39.0 -14.469 -1.788
11388 39.0 -14.469 -1.788
11400 39.0 -14.469 -1.788
11412 39.0 -14.469 -1.788
11424 39.0 -14.469 -1.788
11436 39.0 -14.469 -1.788
11448 39.0 -14.469 -1.788
11604 40.0 -14.527 -1.788
11616 40.0 -14.527 -1.788
11628 40.0 -14.527 -1.788
11640 40.0 -14.527 -1.788
11652 40.0 -14.527 -1.788
11664 40.0 -14.562 -1.753
11676 40.0 -14.562 -1.753
11688 40.0 -14.562 -1.753
