14.8900 13.7500
14.9100 13.7500
14.9300 13.7500
14.9500 13.7500
14.9700 13.7500
14.9900 13.7500
15.0200 13.7500
15.0400 13.7500
15.0600 13.7500
15.0800 13.7500
15.1000 13.7500
13.9200 13.7200
13.9400 13.7200
13.9700 13.7200
13.9900 13.7200
14.0100 13.7200
14.0300 13.7200
14.0500 13.7200
14.0700 13.7200
14.0900 13.7200
14.1100 13.7200
14.1300 13.7200
14.1500 13.7200
14.1800 13.7200
14.2000 13.7200
14.2200 13.7200
14.2400 13.7200
14.2600 13.7200
14.2800 13.7200
14.3000 13.7200
14.3200 13.7200
14.3400 13.7200
14.3600 13.7200
14.3900 13.7200
14.4100 13.7200
14.4300 13.7200
14.4500 13.7200
14.4700 13.7200
14.4900 13.7200
14.5100 13.7200
14.5300 13.7200
14.5500 13.7200
14.5700 13.7200
14.6000 13.7200
14.6200 13.7200
14.6400 13.7200
14.6600 13.7200
14.6800 13.7200
14.7000 13.7200
14.7200 13.7200
14.7400 13.7200
14.7600 13.7200
14.8100 13.7200
14.8500 13.7200
14.9100 13.7200
12.9800 13.7000
13.0000 13.7000
13.1000 13.7000
13.1300 13.7000
13.1500 13.7000
13.1700 13.7000
13.1900 13.7000
13.2100 13.7000
13.2300 13.7000
13.2500 13.7000
13.2700 13.7000
13.2900 13.7000
13.3100 13.7000
13.3400 13.7000
13.3600 13.7000
13.3800 13.7000
13.4000 13.7000
13.4200 13.7000
13.4400 13.7000
13.4600 13.7000
13.4800 13.7000
13.5000 13.7000
13.5200 13.7000
13.5500 13.7000
13.5700 13.7000
13.5900 13.7000
13.6100 13.7000
13.6300 13.7000
13.6500 13.7000
13.6700 13.7000
13.6900 13.7000
13.7100 13.7000
13.7300 13.7000
13.7600 13.7000
13.8400 13.7000
13.8600 13.7000
13.8800 13.7000
14.8100 13.7000
14.8300 13.7000
14.8900 13.7000
14.9300 13.7000
14.9500 13.7000
14.9700 13.7000
14.9900 13.7000
15.0200 13.7000
15.0400 13.7000
15.0600 13.7000
15.0800 13.7000
15.1000 13.7000
3.4900 13.6800
3.5100 13.6800
12.9400 13.6800
12.9600 13.6800
13.0200 13.6800
13.0600 13.6800
13.0800 13.6800
13.8000 13.6800
13.9400 13.6800
13.9700 13.6800
13.9900 13.6800
14.0100 13.6800
14.0300 13.6800
14.0500 13.6800
14.0700 13.6800
14.0900 13.6800
14.1100 13.6800
14.1300 13.6800
14.1500 13.6800
14.1800 13.6800
14.2000 13.6800
14.2200 13.6800
14.2400 13.6800
14.2600 13.6800
14.2800 13.6800
14.3000 13.6800
14.3200 13.6800
14.3400 13.6800
14.3600 13.6800
14.3900 13.6800
14.4100 13.6800
14.4300 13.6800
14.4500 13.6800
14.4700 13.6800
14.4900 13.6800
14.5100 13.6800
14.5300 13.6800
14.5500 13.6800
14.5700 13.6800
14.6000 13.6800
14.6200 13.6800
14.6400 13.6800
14.6600 13.6800
14.6800 13.6800
14.7000 13.6800
14.7200 13.6800
14.7400 13.6800
14.7600 13.6800
14.7800 13.6800
14.8700 13.6800
14.8900 13.6800
14.9300 13.6800
3.4900 13.6500
3.5300 13.6500
12.0300 13.6500
12.0500 13.6500
12.1200 13.6500
12.1400 13.6500
12.1800 13.6500
12.2400 13.6500
12.2600 13.6500
12.2900 13.6500
12.3100 13.6500
12.3300 13.6500
12.3500 13.6500
12.3700 13.6500
12.3900 13.6500
12.4100 13.6500
12.4500 13.6500
12.5200 13.6500
12.5400 13.6500
12.5800 13.6500
12.6000 13.6500
12.7500 13.6500
12.7700 13.6500
12.8300 13.6500
12.8500 13.6500
12.8700 13.6500
12.8900 13.6500
12.9800 13.6500
13.1000 13.6500
13.1300 13.6500
13.1500 13.6500
13.1700 13.6500
13.1900 13.6500
13.2100 13.6500
13.2300 13.6500
13.2500 13.6500
13.2700 13.6500
13.2900 13.6500
13.3100 13.6500
13.3400 13.6500
13.3600 13.6500
13.3800 13.6500
13.4000 13.6500
13.4200 13.6500
13.4400 13.6500
13.4600 13.6500
13.4800 13.6500
13.5000 13.6500
13.5200 13.6500
13.5500 13.6500
13.5700 13.6500
13.5900 13.6500
13.6100 13.6500
13.6300 13.6500
13.6500 13.6500
13.6700 13.6500
13.6900 13.6500
13.7100 13.6500
13.7300 13.6500
13.7600 13.6500
13.8600 13.6500
13.8800 13.6500
14.8300 13.6500
14.8700 13.6500
14.9100 13.6500
4.2400 13.6300
4.3100 13.6300
12.1000 13.6300
12.2200 13.6300
12.4300 13.6300
12.4500 13.6300
12.6600 13.6300
12.6800 13.6300
13.7800 13.6300
13.8200 13.6300
13.8600 13.6300
13.9400 13.6300
13.9700 13.6300
13.9900 13.6300
14.0100 13.6300
14.0300 13.6300
14.0500 13.6300
14.0700 13.6300
14.0900 13.6300
14.1100 13.6300
14.1300 13.6300
14.1500 13.6300
14.1800 13.6300
14.2000 13.6300
14.2200 13.6300
14.2400 13.6300
14.2600 13.6300
14.2800 13.6300
14.3000 13.6300
14.3200 13.6300
14.3400 13.6300
14.3600 13.6300
14.3900 13.6300
14.4100 13.6300
14.4300 13.6300
14.4500 13.6300
14.4700 13.6300
14.4900 13.6300
14.5100 13.6300
14.5300 13.6300
14.5500 13.6300
14.5700 13.6300
14.6000 13.6300
14.6200 13.6300
14.6400 13.6300
14.6600 13.6300
14.6800 13.6300
14.7000 13.6300
14.7200 13.6300
14.7400 13.6300
14.7600 13.6300
14.7800 13.6300
14.8100 13.6300
14.8300 13.6300
14.8500 13.6300
14.9500 13.6300
14.9700 13.6300
14.9900 13.6300
15.0200 13.6300
15.0400 13.6300
15.0600 13.6300
15.0800 13.6300
15.1000 13.6300
12.1200 13.6000
12.1400 13.6000
12.1600 13.6000
12.2000 13.6000
12.2600 13.6000
12.2900 13.6000
12.3100 13.6000
12.3300 13.6000
12.3500 13.6000
12.3700 13.6000
12.3900 13.6000
12.4100 13.6000
12.5200 13.6000
12.5400 13.6000
12.5800 13.6000
13.0600 13.6000
13.9200 13.6000
14.8700 13.6000
14.8900 13.6000
14.9100 13.6000
12.0100 13.5800
12.1000 13.5800
12.1200 13.5800
12.2200 13.5800
12.6000 13.5800
12.6400 13.5800
12.6600 13.5800
12.6800 13.5800
12.7100 13.5800
12.7500 13.5800
12.8700 13.5800
12.9200 13.5800
13.0400 13.5800
13.0800 13.5800
13.1000 13.5800
13.1300 13.5800
13.1500 13.5800
13.1700 13.5800
13.1900 13.5800
13.2100 13.5800
13.2300 13.5800
13.2500 13.5800
13.2700 13.5800
13.2900 13.5800
13.3100 13.5800
13.3400 13.5800
13.3600 13.5800
13.3800 13.5800
13.4000 13.5800
13.4200 13.5800
13.4400 13.5800
13.4600 13.5800
13.4800 13.5800
13.5000 13.5800
13.5200 13.5800
13.5500 13.5800
13.5700 13.5800
13.5900 13.5800
13.6100 13.5800
13.6300 13.5800
13.6500 13.5800
13.6700 13.5800
13.6900 13.5800
13.7100 13.5800
13.7300 13.5800
13.7600 13.5800
14.7800 13.5800
14.8100 13.5800
14.8500 13.5800
14.9300 13.5800
12.0100 13.5300
12.0100 13.5100
12.0300 13.4800
12.0500 13.4800
12.0800 13.4600
12.0800 13.4400
12.0800 13.4100
12.0800 13.3600
12.0800 13.3400
12.0800 13.3200
12.0800 13.2900
12.0800 13.2700
12.0800 13.2400
12.0800 13.2200
12.0800 13.2000
12.0800 13.1700
12.0800 13.1500
12.0800 13.1300
12.0800 13.1000
12.0800 13.0800
12.0800 13.0500
12.0800 13.0300
11.8700 13.0100
11.9100 13.0100
12.0800 13.0100
11.8700 12.9800
11.9100 12.9800
12.0800 12.9800
11.8700 12.9600
11.9100 12.9600
12.0800 12.9600
11.9100 12.9300
12.0800 12.9300
11.8700 12.9100
11.9100 12.9100
12.0800 12.9100
11.9100 12.8900
12.0800 12.8900
11.8700 12.8600
12.0800 12.8600
12.0800 12.8400
11.8700 12.8100
11.8900 12.8100
12.0800 12.8100
11.8700 12.7900
11.9100 12.7900
11.8700 12.7700
11.9100 12.7700
12.0800 12.7700
11.8700 12.7400
11.9100 12.7200
12.0800 12.7200
11.8700 12.7000
12.0800 12.7000
11.8900 12.6700
11.9100 12.6700
11.9900 12.6200
12.0100 12.6200
12.0300 12.6200
12.0800 12.6200
11.9900 12.6000
12.0300 12.6000
12.0800 12.6000
11.9900 12.5800
12.0300 12.5800
12.0800 12.5800
11.9900 12.5500
12.0300 12.5500
12.0800 12.5500
11.9900 12.5300
12.0300 12.5300
12.0800 12.5300
11.9900 12.5000
12.0300 12.5000
12.0800 12.5000
11.9900 12.4800
12.0300 12.4800
12.0800 12.4800
11.9900 12.4600
12.0300 12.4600
12.0800 12.4600
11.9900 12.4300
12.0300 12.4300
12.0800 12.4300
12.0800 12.4100
11.9900 12.3800
12.0300 12.3800
12.0800 12.3800
11.9900 12.3600
12.0300 12.3600
12.0800 12.3600
12.0300 12.3400
11.9900 12.3100
12.0800 12.2900
11.9900 12.2600
12.0300 12.2600
12.0800 12.2600
11.9700 12.2400
12.0300 12.2400
12.0800 12.2400
11.9700 12.2200
12.0300 12.2200
12.0800 12.2200
11.9700 12.1900
12.0300 12.1900
12.0800 12.1900
11.9700 12.1700
12.0300 12.1700
12.0800 12.1700
11.9700 12.1500
12.0300 12.1500
12.0800 12.1500
11.9700 12.1200
12.0300 12.1200
12.0800 12.1200
11.9700 12.1000
12.0300 12.1000
12.0800 12.1000
11.9700 12.0700
12.0300 12.0700
12.0800 12.0700
11.9700 12.0500
12.0300 12.0500
12.0800 12.0500
11.9700 12.0300
12.0300 12.0300
12.0800 12.0300
11.9700 12.0000
12.0300 12.0000
12.0800 12.0000
11.9700 11.9800
12.0300 11.9800
12.0800 11.9800
11.9700 11.9500
12.0300 11.9500
12.0800 11.9500
11.9700 11.9300
12.0300 11.9300
12.0800 11.9300
11.9700 11.9100
12.0300 11.9100
12.0800 11.9100
11.9700 11.8800
12.0300 11.8800
12.0800 11.8800
11.9700 11.8600
12.0300 11.8600
12.0800 11.8600
11.9700 11.8300
12.0300 11.8300
12.0800 11.8300
11.9700 11.8100
12.0300 11.8100
12.0800 11.8100
11.9700 11.7900
12.0300 11.7900
12.0800 11.7900
11.9700 11.7600
12.0300 11.7600
12.0800 11.7600
11.9700 11.7400
12.0300 11.7400
12.0800 11.7400
11.9700 11.7200
12.0300 11.7200
12.0800 11.7200
11.9700 11.6900
12.0300 11.6900
12.0800 11.6900
11.9700 11.6700
12.0300 11.6700
12.0800 11.6700
11.9700 11.6400
12.0300 11.6400
12.0800 11.6400
11.9700 11.6200
12.0300 11.6200
12.0800 11.6200
11.9700 11.6000
12.0300 11.6000
12.0800 11.6000
11.9700 11.5700
12.0300 11.5700
12.0800 11.5700
11.9700 11.5500
12.0300 11.5500
12.0800 11.5500
11.9700 11.5200
12.0300 11.5200
12.0800 11.5200
11.9700 11.5000
12.0300 11.5000
12.0800 11.5000
11.9700 11.4800
12.0300 11.4800
12.0800 11.4800
11.9900 11.4500
12.0100 11.4500
12.0800 11.4500
12.0800 11.4000
12.0800 11.3800
12.0800 11.3600
12.0800 11.3100
12.0800 11.2900
12.0800 11.2600
12.0800 11.2400
12.0800 11.1700
12.0800 11.1400
11.9500 11.0900
12.0800 11.0900
11.9500 11.0700
11.9900 11.0700
12.0800 11.0700
11.9500 11.0500
11.9900 11.0500
12.0800 11.0500
11.9500 11.0200
11.9900 11.0200
12.0800 11.0200
11.9500 11.0000
11.9900 11.0000
12.0800 11.0000
11.9500 10.9700
11.9900 10.9700
12.0800 10.9700
11.9500 10.9500
11.9900 10.9500
12.0800 10.9500
11.9500 10.9300
11.9900 10.9300
12.0800 10.9300
11.9500 10.9000
11.9900 10.9000
12.0800 10.9000
11.9500 10.8800
11.9900 10.8800
12.0800 10.8800
11.9500 10.8500
11.9900 10.8500
12.0800 10.8500
11.9500 10.8300
11.9900 10.8300
12.0800 10.8300
11.9500 10.8100
11.9900 10.8100
12.0800 10.8100
11.9500 10.7800
11.9900 10.7800
12.0800 10.7800
11.9500 10.7600
11.9900 10.7600
12.0800 10.7600
11.9500 10.7400
11.9900 10.7400
12.0800 10.7400
11.9500 10.7100
11.9900 10.7100
12.0800 10.7100
11.9500 10.6900
11.9900 10.6900
12.0800 10.6900
11.9500 10.6600
11.9900 10.6600
12.0800 10.6600
11.9500 10.6400
11.9900 10.6400
12.0800 10.6400
11.9500 10.6200
11.9900 10.6200
12.0800 10.6200
11.9500 10.5900
11.9900 10.5900
12.0800 10.5900
11.9500 10.5700
11.9900 10.5700
12.0800 10.5700
11.9500 10.5400
11.9900 10.5400
12.0800 10.5400
11.9500 10.5200
11.9900 10.5200
12.0800 10.5200
11.9500 10.5000
11.9900 10.5000
12.0800 10.5000
11.9500 10.4700
11.9900 10.4700
12.0800 10.4700
11.9500 10.4500
11.9900 10.4500
12.0800 10.4500
11.9500 10.4200
11.9900 10.4200
12.0800 10.4200
11.9500 10.4000
11.9900 10.4000
12.0800 10.4000
11.9500 10.3800
11.9900 10.3800
12.0800 10.3800
11.9500 10.3500
11.9900 10.3500
12.0800 10.3500
11.9500 10.3300
11.9900 10.3300
12.0800 10.3300
11.9500 10.3100
11.9900 10.3100
12.0800 10.3100
11.9500 10.2800
11.9900 10.2800
12.0800 10.2800
11.9500 10.2600
11.9900 10.2600
12.0800 10.2600
11.9500 10.2300
11.9900 10.2300
12.0800 10.2300
11.9500 10.2100
11.9900 10.2100
12.0800 10.2100
11.9500 10.1900
11.9900 10.1900
12.0800 10.1900
11.9500 10.1600
11.9900 10.1600
12.0800 10.1600
11.9500 10.1400
11.9900 10.1400
12.0800 10.1400
11.9500 10.1100
11.9900 10.1100
12.0800 10.1100
11.9500 10.0900
11.9900 10.0900
12.0800 10.0900
11.9500 10.0700
11.9900 10.0700
12.0800 10.0700
11.9500 10.0400
11.9900 10.0400
12.0800 10.0400
11.9500 10.0200
11.9900 10.0200
12.0800 10.0200
11.9500 9.9900
11.9900 9.9900
12.0800 9.9900
11.9500 9.9700
11.9900 9.9700
12.0800 9.9700
11.9500 9.9500
11.9900 9.9500
12.0800 9.9500
11.9500 9.9200
12.0800 9.9200
12.0800 9.8800
12.0800 9.8500
12.0800 9.7800
12.0800 9.7600
12.0800 9.7300
12.0800 9.7100
12.0800 9.6800
12.0800 9.6600
12.0800 9.6400
12.0800 9.6100
12.0800 9.5900
12.0800 9.5600
12.0800 9.5400
12.0800 9.5200
12.0800 9.4900
12.0800 9.4700
12.0800 9.4400
12.0800 9.4200
12.0800 9.4000
12.0800 9.3700
12.0800 9.3500
12.0800 9.3300
12.0800 9.3000
12.0800 9.2800
12.0800 9.2500
12.0800 9.2300
12.0800 9.2100
12.0800 9.1800
12.0800 9.1600
12.0800 9.1300
12.0800 9.1100
12.0800 9.0900
12.0800 9.0600
12.0800 9.0400
12.0800 9.0100
12.0800 8.9900
12.0800 8.9700
12.0800 8.9400
12.0800 8.9200
12.0800 8.9000
12.0800 8.8700
12.0800 8.8500
12.0800 8.8200
12.0800 8.8000
12.0800 8.7800
12.0800 8.7500
12.0800 8.7300
12.0800 8.7000
12.0800 8.6800
12.0800 8.6600
12.0800 8.6300
12.0800 8.6100
12.0800 8.5800
12.0800 8.5600
12.0800 8.4900
12.0800 8.4600
11.9500 8.4200
12.0800 8.4200
11.9500 8.3900
11.9900 8.3900
12.0800 8.3900
11.9500 8.3700
11.9900 8.3700
12.0800 8.3700
11.9500 8.3500
11.9900 8.3500
12.0800 8.3500
11.9500 8.3200
11.9900 8.3200
12.0800 8.3200
11.9500 8.3000
11.9900 8.3000
12.0800 8.3000
11.9500 8.2700
11.9900 8.2700
12.0800 8.2700
11.9500 8.2500
11.9900 8.2500
12.0800 8.2500
11.9500 8.2300
11.9900 8.2300
12.0800 8.2300
11.9500 8.2000
11.9900 8.2000
12.0800 8.2000
11.9500 8.1800
11.9900 8.1800
12.0800 8.1800
11.9500 8.1500
11.9900 8.1500
12.0800 8.1500
11.9500 8.1300
11.9900 8.1300
12.0800 8.1300
11.9500 8.1100
11.9900 8.1100
12.0800 8.1100
11.9500 8.0800
11.9900 8.0800
12.0800 8.0800
11.9500 8.0600
11.9900 8.0600
12.0800 8.0600
11.9500 8.0300
11.9900 8.0300
12.0800 8.0300
11.9500 8.0100
12.0800 8.0100
12.0800 7.9600
12.0800 7.9400
12.0800 7.8700
12.0800 7.8400
12.0800 7.8200
12.0800 7.8000
0.6700 7.7700
0.6900 7.7700
0.7100 7.7700
0.7400 7.7700
0.7600 7.7700
0.7800 7.7700
0.8000 7.7700
0.8200 7.7700
0.8400 7.7700
0.8600 7.7700
0.8800 7.7700
0.9000 7.7700
0.9200 7.7700
0.9500 7.7700
0.9700 7.7700
0.9900 7.7700
1.0100 7.7700
1.0300 7.7700
1.0500 7.7700
1.0700 7.7700
1.0900 7.7700
1.1100 7.7700
1.1300 7.7700
1.1600 7.7700
1.1800 7.7700
1.2000 7.7700
1.2200 7.7700
1.2400 7.7700
1.2600 7.7700
1.2800 7.7700
1.3000 7.7700
1.3200 7.7700
1.3900 7.7700
1.4100 7.7700
1.4300 7.7700
1.4900 7.7700
1.8500 7.7700
1.8700 7.7700
1.8900 7.7700
1.9100 7.7700
1.9300 7.7700
1.9500 7.7700
1.9700 7.7700
2.0000 7.7700
2.8600 7.7700
2.8800 7.7700
2.9000 7.7700
2.9200 7.7700
2.9400 7.7700
2.9600 7.7700
2.9800 7.7700
3.0000 7.7700
3.0200 7.7700
3.0500 7.7700
3.0700 7.7700
3.0900 7.7700
3.1100 7.7700
3.1300 7.7700
3.1500 7.7700
3.1700 7.7700
3.1900 7.7700
3.2100 7.7700
3.2300 7.7700
3.2600 7.7700
3.2800 7.7700
3.3000 7.7700
3.3200 7.7700
3.3400 7.7700
3.3600 7.7700
3.3800 7.7700
3.4000 7.7700
3.4200 7.7700
3.4400 7.7700
3.4700 7.7700
3.4900 7.7700
3.5100 7.7700
3.5300 7.7700
3.5500 7.7700
3.5700 7.7700
3.5900 7.7700
3.6100 7.7700
3.6300 7.7700
3.6500 7.7700
3.6800 7.7700
3.7000 7.7700
3.7200 7.7700
3.7400 7.7700
3.7600 7.7700
3.7800 7.7700
3.8000 7.7700
3.8200 7.7700
3.8400 7.7700
3.8600 7.7700
3.8900 7.7700
3.9100 7.7700
3.9300 7.7700
3.9500 7.7700
3.9700 7.7700
3.9900 7.7700
4.0100 7.7700
5.3800 7.7700
5.4000 7.7700
5.4200 7.7700
5.4400 7.7700
5.4600 7.7700
5.4800 7.7700
5.5000 7.7700
5.5200 7.7700
5.5400 7.7700
5.6900 7.7700
5.7100 7.7700
5.7300 7.7700
5.8600 7.7700
12.0800 7.7700
0.6500 7.7500
1.3400 7.7500
1.3900 7.7500
1.8300 7.7500
2.0200 7.7500
2.8400 7.7500
4.0300 7.7500
5.3600 7.7500
5.5400 7.7500
5.6900 7.7500
5.7500 7.7500
5.8800 7.7500
12.0800 7.7500
0.6700 7.7200
0.6900 7.7200
0.7100 7.7200
0.7400 7.7200
0.7600 7.7200
0.7800 7.7200
0.8000 7.7200
0.8200 7.7200
0.8400 7.7200
0.8600 7.7200
0.8800 7.7200
0.9000 7.7200
0.9200 7.7200
0.9500 7.7200
0.9700 7.7200
0.9900 7.7200
1.0100 7.7200
1.0300 7.7200
1.0500 7.7200
1.0700 7.7200
1.0900 7.7200
1.1100 7.7200
1.1300 7.7200
1.1600 7.7200
1.1800 7.7200
1.2000 7.7200
1.2200 7.7200
1.2400 7.7200
1.2600 7.7200
1.2800 7.7200
1.3000 7.7200
1.3200 7.7200
1.3900 7.7200
1.4100 7.7200
1.4300 7.7200
1.4500 7.7200
1.4700 7.7200
1.8500 7.7200
1.8700 7.7200
1.8900 7.7200
1.9100 7.7200
1.9300 7.7200
1.9500 7.7200
1.9700 7.7200
2.0000 7.7200
2.8600 7.7200
2.8800 7.7200
2.9000 7.7200
2.9200 7.7200
2.9400 7.7200
2.9600 7.7200
2.9800 7.7200
3.0000 7.7200
3.0200 7.7200
3.0500 7.7200
3.0700 7.7200
3.0900 7.7200
3.1100 7.7200
3.1300 7.7200
3.1500 7.7200
3.1700 7.7200
3.1900 7.7200
3.2100 7.7200
3.2300 7.7200
3.2600 7.7200
3.2800 7.7200
3.3000 7.7200
3.3200 7.7200
3.3400 7.7200
3.3600 7.7200
3.3800 7.7200
3.4000 7.7200
3.4200 7.7200
3.4400 7.7200
3.4700 7.7200
3.4900 7.7200
3.5100 7.7200
3.5300 7.7200
3.5500 7.7200
3.5700 7.7200
3.5900 7.7200
3.6100 7.7200
3.6300 7.7200
3.6500 7.7200
3.6800 7.7200
3.7000 7.7200
3.7200 7.7200
3.7400 7.7200
3.7600 7.7200
3.7800 7.7200
3.8000 7.7200
3.8200 7.7200
3.8400 7.7200
3.8600 7.7200
3.8900 7.7200
3.9100 7.7200
3.9300 7.7200
3.9500 7.7200
3.9700 7.7200
3.9900 7.7200
4.0100 7.7200
5.3800 7.7200
5.4000 7.7200
5.4200 7.7200
5.4400 7.7200
5.4600 7.7200
5.4800 7.7200
5.5000 7.7200
5.5200 7.7200
5.5400 7.7200
5.6900 7.7200
5.7100 7.7200
5.8400 7.7200
12.0800 7.7200
12.0800 7.7000
12.0800 7.6800
0.0200 7.6500
0.0400 7.6500
0.0600 7.6500
0.1100 7.6500
0.1300 7.6500
0.1700 7.6500
0.1900 7.6500
0.2100 7.6500
0.2300 7.6500
0.2500 7.6500
0.2700 7.6500
0.2900 7.6500
0.3200 7.6500
0.3400 7.6500
0.3600 7.6500
0.3800 7.6500
0.4000 7.6500
0.4200 7.6500
0.4400 7.6500
0.4600 7.6500
0.4800 7.6500
0.5000 7.6500
0.5500 7.6500
0.5700 7.6500
0.5900 7.6500
0.6500 7.6500
0.6700 7.6500
0.6900 7.6500
0.7100 7.6500
0.7400 7.6500
0.7600 7.6500
0.7800 7.6500
0.8000 7.6500
0.8200 7.6500
0.8400 7.6500
0.8600 7.6500
0.8800 7.6500
0.9000 7.6500
0.9200 7.6500
0.9500 7.6500
0.9700 7.6500
0.9900 7.6500
1.0100 7.6500
1.0300 7.6500
1.0500 7.6500
1.0700 7.6500
1.0900 7.6500
1.1100 7.6500
1.1300 7.6500
1.1600 7.6500
1.1800 7.6500
1.2000 7.6500
1.2200 7.6500
1.2400 7.6500
1.2600 7.6500
1.2800 7.6500
1.3000 7.6500
1.3200 7.6500
1.3400 7.6500
1.3900 7.6500
1.4300 7.6500
1.4900 7.6500
1.5100 7.6500
1.5300 7.6500
1.5500 7.6500
1.5800 7.6500
1.6000 7.6500
1.6200 7.6500
1.6400 7.6500
1.6600 7.6500
1.6800 7.6500
1.7200 7.6500
1.7400 7.6500
1.7600 7.6500
1.8300 7.6500
1.8500 7.6500
1.8700 7.6500
1.8900 7.6500
1.9100 7.6500
1.9300 7.6500
1.9500 7.6500
1.9700 7.6500
2.0000 7.6500
2.0200 7.6500
2.0800 7.6500
2.1000 7.6500
2.1200 7.6500
2.1600 7.6500
2.1800 7.6500
2.2100 7.6500
2.2300 7.6500
2.2500 7.6500
2.2700 7.6500
2.2900 7.6500
2.3100 7.6500
2.3300 7.6500
2.3500 7.6500
2.3700 7.6500
2.3900 7.6500
2.4200 7.6500
2.4400 7.6500
2.4600 7.6500
2.4800 7.6500
2.5000 7.6500
2.5200 7.6500
2.5400 7.6500
2.5600 7.6500
2.5800 7.6500
2.6000 7.6500
2.6300 7.6500
2.6500 7.6500
2.6700 7.6500
2.6900 7.6500
2.7300 7.6500
2.7500 7.6500
2.7700 7.6500
2.8400 7.6500
2.8600 7.6500
2.8800 7.6500
2.9000 7.6500
2.9200 7.6500
2.9400 7.6500
2.9600 7.6500
2.9800 7.6500
3.0000 7.6500
3.0200 7.6500
3.0500 7.6500
3.0700 7.6500
3.0900 7.6500
3.1100 7.6500
3.1300 7.6500
3.1500 7.6500
3.1700 7.6500
3.1900 7.6500
3.2100 7.6500
3.2300 7.6500
3.2600 7.6500
3.2800 7.6500
3.3000 7.6500
3.3200 7.6500
3.3400 7.6500
3.3600 7.6500
3.3800 7.6500
3.4000 7.6500
3.4200 7.6500
3.4400 7.6500
3.4700 7.6500
3.4900 7.6500
3.5100 7.6500
3.5300 7.6500
3.5500 7.6500
3.5700 7.6500
3.5900 7.6500
3.6100 7.6500
3.6300 7.6500
3.6500 7.6500
3.6800 7.6500
3.7000 7.6500
3.7200 7.6500
3.7400 7.6500
3.7600 7.6500
3.7800 7.6500
3.8000 7.6500
3.8200 7.6500
3.8400 7.6500
3.8600 7.6500
3.8900 7.6500
3.9100 7.6500
3.9300 7.6500
3.9500 7.6500
3.9700 7.6500
3.9900 7.6500
4.0100 7.6500
4.0300 7.6500
4.1000 7.6500
4.1200 7.6500
4.1400 7.6500
4.1800 7.6500
4.2000 7.6500
4.2200 7.6500
4.2400 7.6500
4.2600 7.6500
4.2800 7.6500
4.3100 7.6500
4.3300 7.6500
4.3500 7.6500
4.3700 7.6500
4.3900 7.6500
4.4100 7.6500
4.4300 7.6500
4.4500 7.6500
4.4700 7.6500
4.4900 7.6500
4.5200 7.6500
4.5400 7.6500
4.5600 7.6500
4.5800 7.6500
4.6000 7.6500
4.6200 7.6500
4.6400 7.6500
4.6600 7.6500
4.6800 7.6500
4.7000 7.6500
4.7300 7.6500
4.7500 7.6500
4.7700 7.6500
4.7900 7.6500
4.8100 7.6500
4.8300 7.6500
4.8500 7.6500
4.8700 7.6500
4.8900 7.6500
4.9100 7.6500
4.9400 7.6500
4.9600 7.6500
4.9800 7.6500
5.0000 7.6500
5.0200 7.6500
5.0400 7.6500
5.0600 7.6500
5.0800 7.6500
5.1000 7.6500
5.1200 7.6500
5.1500 7.6500
5.1700 7.6500
5.1900 7.6500
5.2100 7.6500
5.2500 7.6500
5.2700 7.6500
5.2900 7.6500
5.3600 7.6500
5.3800 7.6500
5.4000 7.6500
5.4200 7.6500
5.4400 7.6500
5.4600 7.6500
5.4800 7.6500
5.5000 7.6500
5.5200 7.6500
5.5700 7.6500
5.6100 7.6500
5.6300 7.6500
5.6700 7.6500
5.7100 7.6500
5.7500 7.6500
5.7800 7.6500
5.8400 7.6500
5.8600 7.6500
5.8800 7.6500
5.9400 7.6500
5.9600 7.6500
5.9900 7.6500
6.0300 7.6500
6.0500 7.6500
6.0700 7.6500
6.0900 7.6500
6.1100 7.6500
6.1300 7.6500
6.1500 7.6500
6.1700 7.6500
6.2000 7.6500
6.2200 7.6500
6.2400 7.6500
6.2600 7.6500
6.2800 7.6500
6.3000 7.6500
6.3200 7.6500
6.3400 7.6500
6.3600 7.6500
6.3800 7.6500
6.4100 7.6500
6.4300 7.6500
6.4500 7.6500
6.4700 7.6500
6.4900 7.6500
6.5100 7.6500
6.5300 7.6500
6.5500 7.6500
6.5700 7.6500
6.5900 7.6500
6.6200 7.6500
6.6400 7.6500
6.6600 7.6500
6.6800 7.6500
6.7000 7.6500
6.7200 7.6500
6.7400 7.6500
6.7600 7.6500
6.7800 7.6500
6.8000 7.6500
6.8300 7.6500
6.8500 7.6500
6.8700 7.6500
6.8900 7.6500
6.9100 7.6500
6.9300 7.6500
6.9500 7.6500
6.9700 7.6500
6.9900 7.6500
7.0100 7.6500
7.0400 7.6500
7.0600 7.6500
7.0800 7.6500
7.1000 7.6500
7.1200 7.6500
7.1400 7.6500
7.1600 7.6500
7.1800 7.6500
7.2000 7.6500
7.2200 7.6500
7.2500 7.6500
7.2700 7.6500
7.2900 7.6500
7.3100 7.6500
7.3300 7.6500
7.3500 7.6500
7.3700 7.6500
7.3900 7.6500
7.4100 7.6500
7.4300 7.6500
7.4600 7.6500
7.4800 7.6500
7.5000 7.6500
7.5200 7.6500
7.5400 7.6500
7.5600 7.6500
7.5800 7.6500
7.6000 7.6500
7.6200 7.6500
7.6400 7.6500
7.6700 7.6500
7.6900 7.6500
7.7100 7.6500
7.7300 7.6500
7.7500 7.6500
7.7700 7.6500
7.7900 7.6500
7.8100 7.6500
7.8300 7.6500
7.8500 7.6500
7.8800 7.6500
7.9000 7.6500
7.9200 7.6500
7.9400 7.6500
7.9600 7.6500
7.9800 7.6500
8.0000 7.6500
8.0200 7.6500
8.0400 7.6500
8.0600 7.6500
8.0900 7.6500
8.1100 7.6500
8.1300 7.6500
8.1500 7.6500
8.1700 7.6500
8.1900 7.6500
8.2100 7.6500
8.2300 7.6500
8.2500 7.6500
8.2700 7.6500
8.3000 7.6500
8.3200 7.6500
8.3400 7.6500
8.3600 7.6500
8.3800 7.6500
8.4000 7.6500
8.4200 7.6500
8.4400 7.6500
8.4600 7.6500
8.4800 7.6500
8.5100 7.6500
8.5300 7.6500
8.5500 7.6500
8.5700 7.6500
8.5900 7.6500
8.6100 7.6500
8.6300 7.6500
8.6500 7.6500
8.6700 7.6500
8.6900 7.6500
8.7200 7.6500
8.7400 7.6500
8.7600 7.6500
8.7800 7.6500
8.8000 7.6500
8.8200 7.6500
8.8400 7.6500
8.8600 7.6500
8.8800 7.6500
8.9000 7.6500
8.9300 7.6500
8.9500 7.6500
8.9700 7.6500
8.9900 7.6500
9.0100 7.6500
9.0300 7.6500
9.0500 7.6500
9.0700 7.6500
12.0800 7.6500
0.0200 7.6300
0.0800 7.6300
0.1300 7.6300
9.0700 7.6300
12.0800 7.6300
0.0200 7.6000
0.0800 7.6000
0.1300 7.6000
9.0700 7.6000
12.0800 7.6000
0.0200 7.5800
0.0800 7.5800
0.1300 7.5800
9.0700 7.5800
12.0800 7.5800
0.0200 7.5600
0.0800 7.5600
0.1300 7.5600
9.0700 7.5600
12.0800 7.5600
0.0200 7.5300
0.0800 7.5300
0.1300 7.5300
9.0700 7.5300
12.0800 7.5300
0.0200 7.5100
0.0800 7.5100
0.1300 7.5100
9.0700 7.5100
12.0800 7.5100
0.0200 7.4800
0.0800 7.4800
0.1300 7.4800
9.0700 7.4800
12.0800 7.4800
0.0200 7.4600
0.0800 7.4600
0.1300 7.4600
9.0700 7.4600
12.0800 7.4600
0.0200 7.4400
0.0800 7.4400
0.1300 7.4400
9.0700 7.4400
12.0800 7.4400
0.0200 7.4100
0.0800 7.4100
0.1300 7.4100
12.0800 7.4100
0.0200 7.3900
0.0800 7.3900
0.1300 7.3900
9.0700 7.3900
12.0800 7.3900
0.0200 7.3700
0.0800 7.3700
0.1300 7.3700
12.0800 7.3700
0.0200 7.3400
0.0800 7.3400
0.1300 7.3400
9.0700 7.3400
12.0800 7.3400
0.0200 7.3200
0.0800 7.3200
0.1300 7.3200
12.0800 7.3200
0.0200 7.2900
0.0800 7.2900
0.1300 7.2900
9.0700 7.2900
12.0800 7.2900
0.0200 7.2700
0.0800 7.2700
0.1300 7.2700
9.0700 7.2700
9.1600 7.2700
9.2000 7.2700
9.2200 7.2700
9.2400 7.2700
12.0800 7.2700
0.0200 7.2500
0.0800 7.2500
0.1300 7.2500
9.1600 7.2500
12.0800 7.2500
0.0200 7.2200
0.0800 7.2200
0.1300 7.2200
9.0700 7.2200
9.1600 7.2200
9.2400 7.2200
12.0800 7.2200
0.0200 7.2000
0.0800 7.2000
0.1300 7.2000
9.0700 7.2000
9.1600 7.2000
9.2400 7.2000
12.0800 7.2000
0.0200 7.1700
0.0800 7.1700
0.1300 7.1700
9.0700 7.1700
9.1800 7.1700
12.0800 7.1700
0.0200 7.1500
0.0800 7.1500
0.1300 7.1500
9.0700 7.1500
9.2400 7.1500
12.0800 7.1500
0.0200 7.1300
0.0800 7.1300
0.1300 7.1300
9.0700 7.1300
9.1800 7.1300
9.2600 7.1300
9.2800 7.1300
12.0800 7.1300
0.0200 7.1000
0.0800 7.1000
0.1300 7.1000
9.0700 7.1000
9.1800 7.1000
9.2400 7.1000
9.3000 7.1000
12.0800 7.1000
0.0200 7.0800
0.0800 7.0800
0.1300 7.0800
9.1800 7.0800
9.2800 7.0800
9.3200 7.0800
9.3700 7.0800
9.4100 7.0800
12.0800 7.0800
0.0200 7.0500
0.0800 7.0500
0.1300 7.0500
9.0700 7.0500
9.2000 7.0500
9.4100 7.0500
12.0800 7.0500
0.0200 7.0300
0.0800 7.0300
0.1300 7.0300
9.0700 7.0300
9.2200 7.0300
12.0800 7.0300
0.0200 7.0100
0.0800 7.0100
0.1300 7.0100
9.2200 7.0100
9.2400 7.0100
9.2800 7.0100
9.4100 7.0100
12.0800 7.0100
0.0200 6.9800
0.0800 6.9800
0.1300 6.9800
9.0700 6.9800
9.3200 6.9800
9.3500 6.9800
9.3900 6.9800
12.0800 6.9800
0.0200 6.9600
0.0800 6.9600
0.1300 6.9600
9.0700 6.9600
12.0800 6.9600
0.0200 6.9400
0.0800 6.9400
0.1300 6.9400
9.0700 6.9400
12.0800 6.9400
0.0200 6.9100
0.0800 6.9100
0.1300 6.9100
9.0900 6.9100
9.1100 6.9100
12.0800 6.9100
0.0200 6.8900
0.0800 6.8900
0.1300 6.8900
9.1400 6.8900
9.1600 6.8900
9.2000 6.8900
9.2200 6.8900
9.2600 6.8900
9.3000 6.8900
9.3200 6.8900
9.3900 6.8900
9.4700 6.8900
9.4900 6.8900
9.5100 6.8900
12.0800 6.8900
0.0200 6.8600
0.0800 6.8600
0.1300 6.8600
9.4100 6.8600
9.4700 6.8600
9.5100 6.8600
12.0800 6.8600
0.0200 6.8400
0.0800 6.8400
0.1300 6.8400
9.4700 6.8400
9.5100 6.8400
12.0800 6.8400
0.0200 6.8200
0.0800 6.8200
0.1300 6.8200
9.4100 6.8200
9.4300 6.8200
9.4500 6.8200
9.4700 6.8200
12.0800 6.8200
0.0200 6.7900
0.0800 6.7900
0.1300 6.7900
9.4100 6.7900
9.5100 6.7900
9.5600 6.7900
9.6000 6.7900
9.6200 6.7900
9.6400 6.7900
12.0800 6.7900
0.0200 6.7700
0.0800 6.7700
0.1300 6.7700
9.4500 6.7700
9.4700 6.7700
9.4900 6.7700
9.5800 6.7700
9.6600 6.7700
12.0800 6.7700
0.0200 6.7400
0.0800 6.7400
0.1300 6.7400
9.4700 6.7400
9.5100 6.7400
9.5600 6.7400
9.6200 6.7400
9.6400 6.7400
9.6600 6.7400
9.8500 6.7400
9.8700 6.7400
9.8900 6.7400
12.0800 6.7400
0.0200 6.7200
0.0800 6.7200
0.1300 6.7200
9.4100 6.7200
9.4700 6.7200
9.8500 6.7200
12.0800 6.7200
0.0200 6.7000
0.0800 6.7000
0.1300 6.7000
9.4100 6.7000
9.4500 6.7000
9.5300 6.7000
9.8700 6.7000
9.8900 6.7000
12.0800 6.7000
0.0200 6.6700
0.0800 6.6700
0.1300 6.6700
9.5300 6.6700
9.5800 6.6700
9.6000 6.6700
12.0800 6.6700
0.0200 6.6500
0.0800 6.6500
0.1300 6.6500
9.4100 6.6500
9.4500 6.6500
9.5100 6.6500
9.6200 6.6500
12.0800 6.6500
0.0200 6.6200
0.0800 6.6200
0.1300 6.6200
9.4100 6.6200
9.5100 6.6200
9.5800 6.6200
9.8900 6.6200
9.9100 6.6200
9.9300 6.6200
12.0800 6.6200
0.0200 6.6000
0.0800 6.6000
0.1300 6.6000
9.5100 6.6000
9.5800 6.6000
9.8700 6.6000
9.9500 6.6000
9.9800 6.6000
12.0800 6.6000
0.0200 6.5800
0.0800 6.5800
0.1300 6.5800
9.4100 6.5800
9.6000 6.5800
9.6200 6.5800
9.6800 6.5800
9.7200 6.5800
12.0800 6.5800
0.0200 6.5500
0.0800 6.5500
0.1300 6.5500
9.4100 6.5500
9.4300 6.5500
9.5100 6.5500
9.7400 6.5500
9.8700 6.5500
9.8900 6.5500
9.9500 6.5500
9.9800 6.5500
12.0800 6.5500
0.0200 6.5300
0.0800 6.5300
0.1300 6.5300
9.5100 6.5300
9.5600 6.5300
9.5800 6.5300
9.6200 6.5300
9.6400 6.5300
9.7000 6.5300
9.7400 6.5300
12.0800 6.5300
0.0200 6.5100
0.0800 6.5100
0.1300 6.5100
9.5600 6.5100
9.5800 6.5100
9.6200 6.5100
9.6600 6.5100
9.6800 6.5100
9.7200 6.5100
9.7700 6.5100
9.7900 6.5100
9.8100 6.5100
9.8500 6.5100
9.8900 6.5100
9.9100 6.5100
9.9500 6.5100
9.9800 6.5100
10.0200 6.5100
10.0400 6.5100
10.0600 6.5100
10.0800 6.5100
12.0800 6.5100
0.0200 6.4800
0.0800 6.4800
0.1300 6.4800
10.0800 6.4800
12.0800 6.4800
0.0200 6.4600
0.0800 6.4600
0.1300 6.4600
10.0800 6.4600
0.0200 6.4300
0.0800 6.4300
0.1300 6.4300
10.0800 6.4300
12.0800 6.4300
0.0200 6.4100
0.0800 6.4100
0.1300 6.4100
10.0800 6.4100
0.0200 6.3900
0.0800 6.3900
0.1300 6.3900
10.0800 6.3900
12.0800 6.3900
0.0200 6.3600
0.0800 6.3600
0.1300 6.3600
10.0800 6.3600
10.4000 6.3600
10.4200 6.3600
10.4400 6.3600
10.4600 6.3600
10.4800 6.3600
10.5000 6.3600
10.5200 6.3600
10.5400 6.3600
10.5600 6.3600
10.6300 6.3600
10.6500 6.3600
10.6700 6.3600
10.6900 6.3600
10.7100 6.3600
10.7300 6.3600
10.7700 6.3600
10.7900 6.3600
10.8400 6.3600
10.9000 6.3600
10.9600 6.3600
11.1100 6.3600
11.1300 6.3600
11.2800 6.3600
11.3000 6.3600
11.3400 6.3600
11.3600 6.3600
11.3800 6.3600
11.4500 6.3600
11.4700 6.3600
11.5100 6.3600
11.5700 6.3600
11.6100 6.3600
11.6300 6.3600
11.6800 6.3600
11.7400 6.3600
11.7600 6.3600
11.7800 6.3600
11.8200 6.3600
11.8400 6.3600
11.8700 6.3600
11.8900 6.3600
12.0800 6.3600
0.0200 6.3400
0.0800 6.3400
0.1300 6.3400
10.0800 6.3400
10.7100 6.3400
10.7300 6.3400
10.8400 6.3400
10.9000 6.3400
10.9600 6.3400
11.0700 6.3400
11.2800 6.3400
11.5100 6.3400
11.5700 6.3400
11.6800 6.3400
11.7400 6.3400
11.8000 6.3400
11.8400 6.3400
11.8700 6.3400
11.9100 6.3400
11.9500 6.3400
11.9700 6.3400
12.0100 6.3400
12.0300 6.3400
12.0800 6.3400
0.0200 6.3100
0.0800 6.3100
0.1300 6.3100
10.0800 6.3100
10.4000 6.3100
10.4200 6.3100
10.4400 6.3100
10.4600 6.3100
10.4800 6.3100
10.5000 6.3100
10.5200 6.3100
10.5400 6.3100
10.5600 6.3100
10.6100 6.3100
10.6500 6.3100
10.6700 6.3100
10.6900 6.3100
10.7300 6.3100
10.7500 6.3100
10.7900 6.3100
10.8200 6.3100
10.9400 6.3100
11.0700 6.3100
11.1100 6.3100
11.1300 6.3100
11.3000 6.3100
11.3600 6.3100
11.4000 6.3100
11.4200 6.3100
11.4700 6.3100
11.4900 6.3100
11.5900 6.3100
11.6300 6.3100
11.6600 6.3100
11.7600 6.3100
11.7800 6.3100
11.8200 6.3100
11.8900 6.3100
11.9300 6.3100
12.0800 6.3100
0.0200 6.2900
0.0800 6.2900
0.1300 6.2900
10.0800 6.2900
11.9100 6.2900
11.9900 6.2900
12.0100 6.2900
12.0500 6.2900
0.0200 6.2700
0.0800 6.2700
0.1300 6.2700
10.1400 6.2700
10.1600 6.2700
11.8900 6.2700
11.9500 6.2700
11.9700 6.2700
12.0800 6.2700
0.0200 6.2400
0.0800 6.2400
0.1300 6.2400
10.0800 6.2400
10.1900 6.2400
10.2100 6.2400
10.2300 6.2400
10.3500 6.2400
10.3700 6.2400
11.8900 6.2400
11.9100 6.2400
11.9300 6.2400
0.0200 6.2200
0.0800 6.2200
0.1300 6.2200
10.1200 6.2200
10.1400 6.2200
10.2700 6.2200
10.2900 6.2200
10.3300 6.2200
10.4200 6.2200
12.0800 6.2200
0.0200 6.1900
0.0800 6.1900
0.1300 6.1900
10.4200 6.1900
12.0800 6.1900
0.0200 6.1700
0.0800 6.1700
0.1300 6.1700
10.1000 6.1700
10.1400 6.1700
10.1900 6.1700
10.2300 6.1700
10.2500 6.1700
10.2900 6.1700
10.3100 6.1700
12.0800 6.1700
0.0200 6.1500
0.0800 6.1500
0.1300 6.1500
10.0800 6.1500
10.3100 6.1500
10.4000 6.1500
12.0800 6.1500
0.0200 6.1200
0.0800 6.1200
0.1300 6.1200
10.1000 6.1200
10.1200 6.1200
10.1400 6.1200
10.2100 6.1200
10.2300 6.1200
10.2700 6.1200
10.3100 6.1200
10.3700 6.1200
10.4000 6.1200
10.4200 6.1200
10.4600 6.1200
10.4800 6.1200
10.5000 6.1200
10.5400 6.1200
10.5600 6.1200
10.5800 6.1200
10.6100 6.1200
10.6300 6.1200
10.6500 6.1200
10.6700 6.1200
10.6900 6.1200
10.7100 6.1200
10.7300 6.1200
10.7500 6.1200
10.7700 6.1200
10.7900 6.1200
10.8200 6.1200
10.8400 6.1200
10.8600 6.1200
10.8800 6.1200
10.9000 6.1200
10.9200 6.1200
10.9400 6.1200
10.9600 6.1200
10.9800 6.1200
11.0000 6.1200
11.0300 6.1200
11.0500 6.1200
11.0700 6.1200
11.0900 6.1200
11.1100 6.1200
11.1300 6.1200
11.1500 6.1200
11.1700 6.1200
11.1900 6.1200
11.2100 6.1200
11.2400 6.1200
11.2600 6.1200
11.2800 6.1200
11.3000 6.1200
11.3200 6.1200
11.3400 6.1200
11.3600 6.1200
11.3800 6.1200
11.4000 6.1200
11.4200 6.1200
11.4500 6.1200
11.4700 6.1200
11.4900 6.1200
11.5100 6.1200
11.5300 6.1200
11.5500 6.1200
11.5700 6.1200
11.5900 6.1200
11.6100 6.1200
11.6300 6.1200
11.6600 6.1200
11.6800 6.1200
11.7000 6.1200
11.7200 6.1200
11.7400 6.1200
11.7600 6.1200
11.7800 6.1200
11.8400 6.1200
11.8900 6.1200
11.9100 6.1200
11.9300 6.1200
11.9500 6.1200
12.0100 6.1200
12.0300 6.1200
12.0500 6.1200
12.0800 6.1200
0.0200 6.1000
0.0800 6.1000
0.1300 6.1000
0.0200 6.0700
0.0800 6.0700
0.1300 6.0700
0.0200 6.0500
0.0800 6.0500
0.1300 6.0500
0.0200 6.0300
0.0800 6.0300
0.1300 6.0300
0.0200 6.0000
0.0800 6.0000
0.1300 6.0000
0.0200 5.9800
0.0800 5.9800
0.1300 5.9800
0.0200 5.9600
0.0800 5.9600
0.1300 5.9600
0.0200 5.9300
0.0800 5.9300
0.1300 5.9300
0.0200 5.9100
0.0800 5.9100
0.1300 5.9100
15.0400 5.9100
15.0600 5.9100
0.0200 5.8800
0.0800 5.8800
0.1300 5.8800
15.0200 5.8800
0.0200 5.8600
0.0800 5.8600
0.1300 5.8600
14.9500 5.8600
15.0400 5.8600
15.0800 5.8600
0.0200 5.8400
0.0800 5.8400
0.1300 5.8400
14.9700 5.8400
15.0600 5.8400
0.0200 5.8100
0.0800 5.8100
0.1300 5.8100
14.9700 5.8100
15.0400 5.8100
15.1000 5.8100
0.0200 5.7900
0.0800 5.7900
0.1300 5.7900
14.9500 5.7900
15.0200 5.7900
15.0800 5.7900
0.0200 5.7600
0.0800 5.7600
0.1300 5.7600
15.0400 5.7600
0.0200 5.7400
0.0800 5.7400
0.1300 5.7400
14.9900 5.7400
15.0600 5.7400
15.1000 5.7400
0.0200 5.7200
0.0800 5.7200
0.1300 5.7200
15.1000 5.7200
0.0200 5.6900
0.0800 5.6900
0.1300 5.6900
14.9700 5.6900
15.0800 5.6900
0.0200 5.6700
0.0800 5.6700
0.1300 5.6700
14.9700 5.6700
15.0400 5.6700
0.0200 5.6400
0.0800 5.6400
0.1300 5.6400
15.0800 5.6400
0.0200 5.6200
0.0800 5.6200
0.1300 5.6200
15.0400 5.6200
0.0200 5.6000
0.0800 5.6000
0.1300 5.6000
0.0200 5.5700
0.0800 5.5700
0.1300 5.5700
14.9700 5.5700
15.0800 5.5700
0.0200 5.5500
0.0800 5.5500
0.1300 5.5500
15.0800 5.5500
0.0200 5.5300
0.0800 5.5300
0.1300 5.5300
14.9700 5.5300
15.0400 5.5300
15.0800 5.5300
0.0200 5.5000
0.0800 5.5000
0.1300 5.5000
14.9700 5.5000
15.0400 5.5000
15.0800 5.5000
0.0200 5.4800
0.0800 5.4800
0.1300 5.4800
14.9700 5.4800
15.0400 5.4800
15.0800 5.4800
0.0200 5.4500
0.0800 5.4500
0.1300 5.4500
14.9700 5.4500
15.0400 5.4500
15.0800 5.4500
0.0200 5.4300
0.0800 5.4300
0.1300 5.4300
14.9700 5.4300
15.0400 5.4300
15.0800 5.4300
0.0200 5.4100
0.0800 5.4100
0.1300 5.4100
14.9700 5.4100
15.0400 5.4100
15.0800 5.4100
0.0200 5.3800
0.0800 5.3800
0.1300 5.3800
14.9700 5.3800
15.0400 5.3800
15.0800 5.3800
0.0200 5.3600
0.0800 5.3600
0.1300 5.3600
14.9700 5.3600
15.0400 5.3600
15.0800 5.3600
0.0200 5.3300
0.0800 5.3300
0.1300 5.3300
14.9700 5.3300
15.0400 5.3300
15.0800 5.3300
0.0200 5.3100
0.0800 5.3100
0.1300 5.3100
14.9700 5.3100
15.0400 5.3100
15.0800 5.3100
0.0200 5.2900
0.0800 5.2900
0.1300 5.2900
14.9700 5.2900
15.0400 5.2900
15.0800 5.2900
0.0200 5.2600
0.0800 5.2600
0.1300 5.2600
14.9700 5.2600
15.0400 5.2600
15.0800 5.2600
0.0200 5.2400
0.0800 5.2400
0.1300 5.2400
14.9700 5.2400
15.0400 5.2400
15.0800 5.2400
0.0200 5.2100
0.0800 5.2100
0.1300 5.2100
14.9700 5.2100
15.0400 5.2100
15.0800 5.2100
0.0200 5.1900
0.0800 5.1900
0.1300 5.1900
14.9700 5.1900
15.0400 5.1900
15.0800 5.1900
0.0200 5.1700
0.0800 5.1700
0.1300 5.1700
14.9700 5.1700
15.0400 5.1700
15.0800 5.1700
0.0200 5.1400
0.0800 5.1400
0.1300 5.1400
14.9700 5.1400
15.0400 5.1400
15.0800 5.1400
0.0200 5.1200
0.0800 5.1200
0.1300 5.1200
14.9700 5.1200
15.0400 5.1200
15.0800 5.1200
0.0200 5.1000
0.0800 5.1000
0.1300 5.1000
14.9700 5.1000
15.0400 5.1000
15.0800 5.1000
0.0200 5.0700
0.0800 5.0700
0.1300 5.0700
14.9700 5.0700
15.0400 5.0700
15.0800 5.0700
0.0200 5.0500
0.0800 5.0500
0.1300 5.0500
14.9700 5.0500
15.0400 5.0500
15.0800 5.0500
0.0200 5.0200
0.0800 5.0200
0.1300 5.0200
14.9700 5.0200
15.0400 5.0200
15.0800 5.0200
0.0200 5.0000
0.0800 5.0000
0.1300 5.0000
14.9700 5.0000
15.0400 5.0000
15.0800 5.0000
0.0200 4.9800
0.0800 4.9800
0.1300 4.9800
14.9700 4.9800
15.0400 4.9800
15.0800 4.9800
0.0200 4.9500
0.0800 4.9500
0.1300 4.9500
14.9700 4.9500
15.0400 4.9500
15.0800 4.9500
0.0200 4.9300
0.0800 4.9300
0.1300 4.9300
14.9700 4.9300
15.0400 4.9300
15.0800 4.9300
0.0200 4.9000
0.0800 4.9000
0.1300 4.9000
14.9700 4.9000
15.0400 4.9000
15.0800 4.9000
0.0200 4.8800
0.0800 4.8800
0.1300 4.8800
14.9700 4.8800
15.0400 4.8800
15.0800 4.8800
0.0200 4.8600
0.0800 4.8600
0.1300 4.8600
14.9700 4.8600
15.0400 4.8600
15.0800 4.8600
0.0200 4.8300
0.0800 4.8300
0.1300 4.8300
14.9700 4.8300
15.0400 4.8300
15.0800 4.8300
0.0200 4.8100
0.0800 4.8100
0.1300 4.8100
14.9700 4.8100
15.0400 4.8100
15.0800 4.8100
0.0200 4.7800
0.0800 4.7800
0.1300 4.7800
14.9700 4.7800
15.0400 4.7800
15.0800 4.7800
0.0200 4.7600
0.0800 4.7600
0.1300 4.7600
14.9700 4.7600
15.0400 4.7600
15.0800 4.7600
0.0200 4.7400
0.0800 4.7400
0.1300 4.7400
14.9700 4.7400
15.0400 4.7400
15.0800 4.7400
0.0200 4.7100
0.0800 4.7100
0.1300 4.7100
14.9700 4.7100
15.0400 4.7100
15.0800 4.7100
0.0200 4.6900
0.0800 4.6900
0.1300 4.6900
14.9700 4.6900
15.0400 4.6900
15.0800 4.6900
0.0200 4.6600
0.0800 4.6600
0.1300 4.6600
14.9700 4.6600
15.0400 4.6600
15.0800 4.6600
0.0200 4.6400
0.0800 4.6400
0.1300 4.6400
14.9700 4.6400
15.0400 4.6400
15.0800 4.6400
0.0200 4.6200
0.0800 4.6200
0.1300 4.6200
14.9700 4.6200
15.0400 4.6200
15.0800 4.6200
0.0200 4.5900
0.0800 4.5900
0.1300 4.5900
14.9700 4.5900
15.0400 4.5900
15.0800 4.5900
0.0200 4.5700
0.0800 4.5700
0.1300 4.5700
14.9700 4.5700
15.0400 4.5700
15.0800 4.5700
0.0200 4.5500
0.0800 4.5500
0.1300 4.5500
14.9700 4.5500
15.0400 4.5500
15.0800 4.5500
0.0200 4.5200
0.0800 4.5200
0.1300 4.5200
14.9700 4.5200
15.0400 4.5200
15.0800 4.5200
0.0200 4.5000
0.0800 4.5000
0.1300 4.5000
14.9700 4.5000
15.0400 4.5000
15.0800 4.5000
0.0200 4.4700
0.0800 4.4700
0.1300 4.4700
14.9700 4.4700
15.0400 4.4700
15.0800 4.4700
0.0200 4.4500
0.0800 4.4500
0.1300 4.4500
14.9700 4.4500
15.0400 4.4500
15.0800 4.4500
0.0200 4.4300
0.0800 4.4300
0.1300 4.4300
14.9700 4.4300
15.0400 4.4300
15.0800 4.4300
0.0200 4.4000
0.0800 4.4000
0.1300 4.4000
14.9700 4.4000
15.0400 4.4000
15.0800 4.4000
0.0200 4.3800
0.0800 4.3800
0.1300 4.3800
14.9700 4.3800
15.0400 4.3800
15.0800 4.3800
0.0200 4.3500
0.0800 4.3500
0.1300 4.3500
14.9700 4.3500
15.0400 4.3500
15.0800 4.3500
0.0200 4.3300
0.0800 4.3300
0.1300 4.3300
14.9700 4.3300
15.0400 4.3300
15.0800 4.3300
0.0200 4.3100
0.0800 4.3100
0.1300 4.3100
14.9700 4.3100
15.0400 4.3100
15.0800 4.3100
0.0200 4.2800
0.0800 4.2800
0.1300 4.2800
14.9700 4.2800
15.0400 4.2800
15.0800 4.2800
0.0200 4.2600
0.0800 4.2600
0.1300 4.2600
14.9700 4.2600
15.0400 4.2600
15.0800 4.2600
0.0200 4.2300
0.0800 4.2300
0.1300 4.2300
14.9700 4.2300
15.0400 4.2300
15.0800 4.2300
0.0200 4.2100
0.0800 4.2100
0.1300 4.2100
14.9700 4.2100
15.0400 4.2100
15.0800 4.2100
0.0200 4.1900
0.0800 4.1900
0.1300 4.1900
14.9700 4.1900
15.0400 4.1900
15.0800 4.1900
0.0200 4.1600
0.0800 4.1600
0.1300 4.1600
14.9700 4.1600
15.0400 4.1600
15.0800 4.1600
0.0200 4.1400
0.0800 4.1400
0.1300 4.1400
14.9700 4.1400
15.0400 4.1400
15.0800 4.1400
0.0200 4.1200
0.0800 4.1200
0.1300 4.1200
14.9700 4.1200
15.0400 4.1200
15.0800 4.1200
0.0200 4.0900
0.0800 4.0900
0.1300 4.0900
14.9700 4.0900
15.0400 4.0900
15.0800 4.0900
0.0200 4.0700
0.0800 4.0700
0.1300 4.0700
14.9700 4.0700
15.0400 4.0700
15.0800 4.0700
0.0200 4.0400
0.0800 4.0400
0.1300 4.0400
14.9700 4.0400
15.0400 4.0400
15.0800 4.0400
0.0200 4.0200
0.0800 4.0200
0.1300 4.0200
14.9700 4.0200
15.0400 4.0200
15.0800 4.0200
0.0400 4.0000
0.1100 4.0000
0.1300 4.0000
14.9700 4.0000
15.0400 4.0000
15.0800 4.0000
0.1300 3.9700
0.1500 3.9700
14.9700 3.9700
15.0400 3.9700
15.0800 3.9700
0.0400 3.9500
0.0800 3.9500
0.1100 3.9500
14.9700 3.9500
15.0400 3.9500
15.0800 3.9500
0.0400 3.9200
0.0600 3.9200
0.0800 3.9200
14.9700 3.9200
15.0400 3.9200
15.0800 3.9200
0.1100 3.9000
14.9700 3.9000
15.0400 3.9000
15.0800 3.9000
0.0400 3.8800
0.0800 3.8800
14.9700 3.8800
15.0400 3.8800
15.0800 3.8800
0.1500 3.8500
14.9700 3.8500
15.0400 3.8500
15.0800 3.8500
0.0400 3.8300
0.0800 3.8300
14.9700 3.8300
15.0400 3.8300
15.0800 3.8300
0.0400 3.8000
0.1300 3.8000
0.1500 3.8000
14.9700 3.8000
15.0400 3.8000
15.0800 3.8000
0.0600 3.7800
0.1500 3.7800
14.9700 3.7800
15.0400 3.7800
15.0800 3.7800
0.1500 3.7600
14.9700 3.7600
15.0400 3.7600
15.0800 3.7600
0.0600 3.7300
0.1300 3.7300
14.9700 3.7300
15.0400 3.7300
15.0800 3.7300
0.1300 3.7100
14.9700 3.7100
15.0400 3.7100
15.0800 3.7100
0.0600 3.6800
0.1500 3.6800
14.9700 3.6800
15.0400 3.6800
15.0800 3.6800
0.0600 3.6600
0.1300 3.6600
0.1500 3.6600
14.9700 3.6600
15.0400 3.6600
15.0800 3.6600
0.0600 3.6400
0.1300 3.6400
0.1500 3.6400
14.9700 3.6400
15.0400 3.6400
15.0800 3.6400
0.0600 3.6100
0.1300 3.6100
0.1500 3.6100
14.9700 3.6100
15.0400 3.6100
15.0800 3.6100
0.0600 3.5900
0.1300 3.5900
0.1500 3.5900
14.9700 3.5900
15.0400 3.5900
15.0800 3.5900
0.0600 3.5700
0.1300 3.5700
0.1500 3.5700
14.9700 3.5700
15.0400 3.5700
15.0800 3.5700
0.0600 3.5400
0.1300 3.5400
0.1500 3.5400
14.9700 3.5400
15.0400 3.5400
15.0800 3.5400
0.0600 3.5200
0.1300 3.5200
0.1500 3.5200
14.9700 3.5200
15.0400 3.5200
15.0800 3.5200
0.0600 3.4900
0.1300 3.4900
0.1500 3.4900
14.9700 3.4900
15.0400 3.4900
15.0800 3.4900
0.0600 3.4700
0.1300 3.4700
0.1500 3.4700
14.9700 3.4700
15.0400 3.4700
15.0800 3.4700
0.0600 3.4500
0.1300 3.4500
0.1500 3.4500
14.9700 3.4500
15.0400 3.4500
15.0800 3.4500
0.0600 3.4200
0.1300 3.4200
0.1500 3.4200
14.9700 3.4200
15.0400 3.4200
15.0800 3.4200
0.0600 3.4000
0.1300 3.4000
0.1500 3.4000
14.9700 3.4000
15.0400 3.4000
15.0800 3.4000
0.0600 3.3700
0.1300 3.3700
0.1500 3.3700
14.9700 3.3700
15.0400 3.3700
15.0800 3.3700
0.0600 3.3500
0.1300 3.3500
0.1500 3.3500
14.9700 3.3500
15.0400 3.3500
15.0800 3.3500
0.0600 3.3300
0.1300 3.3300
0.1500 3.3300
14.9700 3.3300
15.0400 3.3300
15.0800 3.3300
0.0600 3.3000
0.1300 3.3000
0.1500 3.3000
14.9700 3.3000
15.0400 3.3000
15.0800 3.3000
0.0600 3.2800
0.1300 3.2800
0.1500 3.2800
14.9700 3.2800
15.0400 3.2800
15.0800 3.2800
0.0600 3.2500
0.1300 3.2500
0.1500 3.2500
14.9700 3.2500
15.0400 3.2500
15.0800 3.2500
0.0600 3.2300
0.1300 3.2300
0.1500 3.2300
14.9700 3.2300
15.0400 3.2300
15.0800 3.2300
0.0600 3.2100
0.1300 3.2100
0.1500 3.2100
14.9700 3.2100
15.0400 3.2100
15.0800 3.2100
0.0600 3.1800
0.1300 3.1800
0.1500 3.1800
14.9700 3.1800
15.0400 3.1800
15.0800 3.1800
0.0600 3.1600
0.1300 3.1600
0.1500 3.1600
14.9700 3.1600
15.0400 3.1600
15.0800 3.1600
0.0600 3.1400
0.1300 3.1400
0.1500 3.1400
14.9700 3.1400
15.0400 3.1400
15.0800 3.1400
0.0600 3.1100
0.1300 3.1100
0.1500 3.1100
14.9700 3.1100
15.0400 3.1100
15.0800 3.1100
0.0600 3.0900
0.1300 3.0900
0.1500 3.0900
14.9700 3.0900
15.0400 3.0900
15.0800 3.0900
0.0600 3.0600
0.1300 3.0600
0.1500 3.0600
14.9700 3.0600
15.0400 3.0600
15.0800 3.0600
0.0600 3.0400
0.1300 3.0400
0.1500 3.0400
14.9700 3.0400
15.0400 3.0400
15.0800 3.0400
0.0600 3.0200
0.1300 3.0200
0.1500 3.0200
14.9700 3.0200
15.0400 3.0200
15.0800 3.0200
0.0600 2.9900
0.1300 2.9900
0.1500 2.9900
14.9700 2.9900
15.0400 2.9900
15.0800 2.9900
0.0600 2.9700
0.1300 2.9700
0.1500 2.9700
14.9700 2.9700
15.0400 2.9700
15.0800 2.9700
0.0600 2.9400
0.1300 2.9400
0.1500 2.9400
14.9700 2.9400
15.0400 2.9400
15.0800 2.9400
0.0600 2.9200
0.1300 2.9200
0.1500 2.9200
14.9700 2.9200
15.0400 2.9200
15.0800 2.9200
0.0600 2.9000
0.1300 2.9000
0.1500 2.9000
14.9700 2.9000
15.0400 2.9000
15.0800 2.9000
0.0600 2.8700
0.1300 2.8700
0.1500 2.8700
14.9700 2.8700
15.0400 2.8700
15.0800 2.8700
0.0600 2.8500
0.1300 2.8500
0.1500 2.8500
14.9700 2.8500
15.0400 2.8500
15.0800 2.8500
0.0600 2.8200
0.1300 2.8200
0.1500 2.8200
14.9700 2.8200
15.0400 2.8200
15.0800 2.8200
0.0600 2.8000
0.1300 2.8000
0.1500 2.8000
14.9700 2.8000
15.0400 2.8000
15.0800 2.8000
0.0600 2.7800
0.1300 2.7800
0.1500 2.7800
14.9700 2.7800
15.0400 2.7800
15.0800 2.7800
0.0600 2.7500
0.1300 2.7500
0.1500 2.7500
14.9700 2.7500
15.0400 2.7500
15.0800 2.7500
0.0600 2.7300
0.1300 2.7300
0.1500 2.7300
14.9700 2.7300
15.0400 2.7300
15.0800 2.7300
0.0600 2.7000
0.1300 2.7000
0.1500 2.7000
14.9700 2.7000
15.0400 2.7000
15.0800 2.7000
0.0600 2.6800
0.1300 2.6800
0.1500 2.6800
14.9700 2.6800
15.0400 2.6800
15.0800 2.6800
0.0600 2.6600
0.1300 2.6600
0.1500 2.6600
1.4300 2.6600
1.4500 2.6600
1.4700 2.6600
1.5100 2.6600
1.5300 2.6600
1.5800 2.6600
1.6000 2.6600
1.6200 2.6600
1.6400 2.6600
1.6800 2.6600
1.7400 2.6600
1.7600 2.6600
1.7900 2.6600
1.8300 2.6600
1.8700 2.6600
1.8900 2.6600
1.9300 2.6600
1.9500 2.6600
1.9700 2.6600
2.0200 2.6600
2.0400 2.6600
2.0600 2.6600
2.0800 2.6600
2.1000 2.6600
2.1200 2.6600
2.1400 2.6600
2.1600 2.6600
2.1800 2.6600
2.2100 2.6600
2.2300 2.6600
2.2500 2.6600
2.2700 2.6600
2.2900 2.6600
2.3100 2.6600
2.3300 2.6600
2.3500 2.6600
2.3700 2.6600
2.3900 2.6600
2.4200 2.6600
2.4400 2.6600
2.4600 2.6600
2.4800 2.6600
2.5000 2.6600
2.5200 2.6600
2.5400 2.6600
2.5600 2.6600
2.5800 2.6600
2.6000 2.6600
2.6300 2.6600
2.6500 2.6600
2.6700 2.6600
2.7100 2.6600
2.7300 2.6600
2.7500 2.6600
2.7900 2.6600
2.8100 2.6600
2.8800 2.6600
2.9000 2.6600
2.9400 2.6600
2.9600 2.6600
2.9800 2.6600
3.0200 2.6600
3.0500 2.6600
3.0700 2.6600
3.0900 2.6600
3.1100 2.6600
3.1300 2.6600
3.1500 2.6600
3.1700 2.6600
3.1900 2.6600
3.2100 2.6600
3.2300 2.6600
3.2600 2.6600
3.2800 2.6600
3.3000 2.6600
3.3200 2.6600
3.3400 2.6600
3.3600 2.6600
3.3800 2.6600
3.4000 2.6600
3.4200 2.6600
3.4400 2.6600
3.4700 2.6600
3.4900 2.6600
3.5100 2.6600
3.5300 2.6600
3.5500 2.6600
3.5700 2.6600
3.5900 2.6600
3.6100 2.6600
3.6300 2.6600
3.6500 2.6600
3.6800 2.6600
3.7000 2.6600
3.7200 2.6600
3.7400 2.6600
3.7600 2.6600
3.7800 2.6600
3.8000 2.6600
3.8200 2.6600
3.8400 2.6600
3.8900 2.6600
3.9500 2.6600
3.9700 2.6600
4.0100 2.6600
4.0300 2.6600
4.0500 2.6600
4.0700 2.6600
4.1000 2.6600
4.1200 2.6600
4.1400 2.6600
4.1600 2.6600
4.1800 2.6600
4.2000 2.6600
4.2200 2.6600
4.2400 2.6600
4.2600 2.6600
4.2800 2.6600
4.3100 2.6600
4.3300 2.6600
4.3500 2.6600
4.7000 2.6600
4.7500 2.6600
4.7700 2.6600
4.7900 2.6600
4.8500 2.6600
4.8700 2.6600
4.8900 2.6600
4.9100 2.6600
4.9400 2.6600
4.9600 2.6600
5.0000 2.6600
5.0200 2.6600
5.0400 2.6600
5.0600 2.6600
5.1000 2.6600
5.1500 2.6600
5.1700 2.6600
5.2300 2.6600
5.2500 2.6600
5.2900 2.6600
5.3300 2.6600
5.3600 2.6600
5.3800 2.6600
5.4000 2.6600
5.4400 2.6600
5.4600 2.6600
5.4800 2.6600
5.5000 2.6600
5.5200 2.6600
5.5400 2.6600
5.5700 2.6600
5.5900 2.6600
5.6100 2.6600
5.6300 2.6600
5.6500 2.6600
5.6700 2.6600
5.6900 2.6600
5.7100 2.6600
5.7300 2.6600
5.7500 2.6600
5.7800 2.6600
5.8000 2.6600
5.8200 2.6600
5.8400 2.6600
5.8600 2.6600
5.9200 2.6600
5.9400 2.6600
5.9600 2.6600
5.9900 2.6600
6.0300 2.6600
6.3800 2.6600
6.4100 2.6600
6.4300 2.6600
6.4700 2.6600
6.5500 2.6600
6.5900 2.6600
6.6600 2.6600
6.6800 2.6600
6.7000 2.6600
14.9700 2.6600
15.0400 2.6600
15.0800 2.6600
0.0600 2.6300
0.1300 2.6300
0.1500 2.6300
1.3400 2.6300
1.4100 2.6300
1.6000 2.6300
2.0000 2.6300
2.6900 2.6300
3.0000 2.6300
4.0300 2.6300
4.0500 2.6300
4.0700 2.6300
4.1000 2.6300
4.1200 2.6300
4.1400 2.6300
4.1600 2.6300
4.1800 2.6300
4.2000 2.6300
4.2200 2.6300
4.2400 2.6300
4.2600 2.6300
4.2800 2.6300
4.3100 2.6300
4.3300 2.6300
4.3500 2.6300
4.7000 2.6300
6.0300 2.6300
6.3800 2.6300
6.4700 2.6300
6.5700 2.6300
6.7000 2.6300
14.9700 2.6300
15.0400 2.6300
15.0800 2.6300
0.0600 2.6100
0.1300 2.6100
0.1500 2.6100
1.3700 2.6100
1.4100 2.6100
1.4500 2.6100
1.4700 2.6100
1.4900 2.6100
1.5100 2.6100
1.6400 2.6100
1.6600 2.6100
4.7000 2.6100
4.7700 2.6100
4.7900 2.6100
4.8300 2.6100
4.8900 2.6100
4.9100 2.6100
4.9400 2.6100
5.0000 2.6100
5.4000 2.6100
5.4600 2.6100
5.4800 2.6100
5.5000 2.6100
5.5400 2.6100
5.5700 2.6100
5.5900 2.6100
5.6100 2.6100
5.6300 2.6100
5.6500 2.6100
5.6700 2.6100
5.6900 2.6100
5.7100 2.6100
5.7300 2.6100
5.7500 2.6100
5.7800 2.6100
5.8000 2.6100
5.8200 2.6100
5.8400 2.6100
5.8600 2.6100
5.9000 2.6100
5.9600 2.6100
6.0300 2.6100
6.3800 2.6100
6.4900 2.6100
6.5100 2.6100
6.5700 2.6100
6.7000 2.6100
14.9700 2.6100
15.0400 2.6100
15.0800 2.6100
0.0600 2.5900
0.1300 2.5900
0.1500 2.5900
1.3900 2.5900
1.4300 2.5900
1.4900 2.5900
1.6000 2.5900
2.0000 2.5900
2.6900 2.5900
3.0000 2.5900
3.8600 2.5900
3.8900 2.5900
3.9100 2.5900
3.9900 2.5900
5.0400 2.5900
5.0600 2.5900
5.1000 2.5900
5.1200 2.5900
5.1500 2.5900
5.1700 2.5900
5.2300 2.5900
5.2500 2.5900
5.2700 2.5900
5.2900 2.5900
5.3300 2.5900
5.3600 2.5900
6.3800 2.5900
6.5300 2.5900
6.5500 2.5900
14.9700 2.5900
15.0400 2.5900
15.0800 2.5900
0.0600 2.5600
0.1300 2.5600
0.1500 2.5600
1.4300 2.5600
1.4500 2.5600
1.4900 2.5600
1.5100 2.5600
1.6200 2.5600
1.6800 2.5600
4.0100 2.5600
6.5700 2.5600
6.5900 2.5600
6.7000 2.5600
14.9700 2.5600
15.0400 2.5600
15.0800 2.5600
0.0600 2.5400
0.1300 2.5400
0.1500 2.5400
1.3900 2.5400
1.4500 2.5400
1.4700 2.5400
1.5100 2.5400
1.6400 2.5400
4.7000 2.5400
4.7700 2.5400
4.7900 2.5400
4.8300 2.5400
4.8700 2.5400
4.9100 2.5400
4.9400 2.5400
4.9600 2.5400
5.0200 2.5400
5.3800 2.5400
5.4400 2.5400
5.4600 2.5400
5.4800 2.5400
5.5200 2.5400
5.5400 2.5400
5.5700 2.5400
5.5900 2.5400
5.6100 2.5400
5.6300 2.5400
5.6500 2.5400
5.6700 2.5400
5.6900 2.5400
5.7100 2.5400
5.7300 2.5400
5.7500 2.5400
5.7800 2.5400
5.8000 2.5400
5.8200 2.5400
5.8400 2.5400
5.8600 2.5400
5.9000 2.5400
5.9600 2.5400
6.0300 2.5400
6.3800 2.5400
6.6400 2.5400
14.9700 2.5400
15.0400 2.5400
15.0800 2.5400
0.0600 2.5100
0.1300 2.5100
0.1500 2.5100
1.3400 2.5100
1.4300 2.5100
1.4700 2.5100
1.4900 2.5100
4.0100 2.5100
4.0300 2.5100
4.0500 2.5100
4.0700 2.5100
4.1000 2.5100
4.1200 2.5100
4.1400 2.5100
4.1600 2.5100
4.1800 2.5100
4.2000 2.5100
4.2200 2.5100
4.2400 2.5100
4.2600 2.5100
4.2800 2.5100
4.3100 2.5100
4.3300 2.5100
4.3500 2.5100
4.3700 2.5100
4.3900 2.5100
4.4100 2.5100
4.4300 2.5100
4.4500 2.5100
4.4700 2.5100
4.4900 2.5100
4.5200 2.5100
4.5400 2.5100
4.5600 2.5100
4.5800 2.5100
4.6000 2.5100
4.6200 2.5100
4.6400 2.5100
4.6600 2.5100
4.6800 2.5100
4.7000 2.5100
5.0600 2.5100
5.1000 2.5100
5.1200 2.5100
5.1500 2.5100
5.2500 2.5100
5.2700 2.5100
5.2900 2.5100
5.3300 2.5100
6.0300 2.5100
6.0500 2.5100
6.0700 2.5100
6.0900 2.5100
6.1100 2.5100
6.1300 2.5100
6.1500 2.5100
6.1700 2.5100
6.2000 2.5100
6.2200 2.5100
6.2400 2.5100
6.2600 2.5100
6.2800 2.5100
6.3000 2.5100
6.3200 2.5100
6.3400 2.5100
6.3600 2.5100
6.5500 2.5100
6.6600 2.5100
6.7000 2.5100
14.9700 2.5100
15.0400 2.5100
15.0800 2.5100
0.0600 2.4900
0.1300 2.4900
0.1500 2.4900
6.5700 2.4900
6.7000 2.4900
14.9700 2.4900
15.0400 2.4900
15.0800 2.4900
0.0600 2.4700
0.1300 2.4700
0.1500 2.4700
1.3400 2.4700
6.5900 2.4700
6.6200 2.4700
6.6400 2.4700
6.6600 2.4700
6.7000 2.4700
14.9700 2.4700
15.0400 2.4700
15.0800 2.4700
0.0600 2.4400
0.1300 2.4400
0.1500 2.4400
1.3400 2.4400
6.6200 2.4400
14.9700 2.4400
15.0400 2.4400
15.0800 2.4400
0.0600 2.4200
0.1300 2.4200
0.1500 2.4200
1.3400 2.4200
6.6200 2.4200
6.6400 2.4200
6.6600 2.4200
6.7000 2.4200
14.9700 2.4200
15.0400 2.4200
15.0800 2.4200
0.0600 2.3900
0.1300 2.3900
0.1500 2.3900
1.3400 2.3900
6.7000 2.3900
14.9700 2.3900
15.0400 2.3900
15.0800 2.3900
0.0600 2.3700
0.1300 2.3700
0.1500 2.3700
1.3400 2.3700
6.7000 2.3700
14.9700 2.3700
15.0400 2.3700
15.0800 2.3700
0.0600 2.3500
0.1300 2.3500
0.1500 2.3500
1.3400 2.3500
14.9700 2.3500
15.0400 2.3500
15.0800 2.3500
0.0600 2.3200
0.1300 2.3200
0.1500 2.3200
1.3400 2.3200
6.7000 2.3200
14.9700 2.3200
15.0400 2.3200
15.0800 2.3200
0.0600 2.3000
0.1300 2.3000
0.1500 2.3000
1.3400 2.3000
14.9700 2.3000
15.0400 2.3000
15.0800 2.3000
0.0600 2.2700
0.1300 2.2700
0.1500 2.2700
1.3400 2.2700
6.7000 2.2700
14.9700 2.2700
15.0400 2.2700
15.0800 2.2700
0.0600 2.2500
0.1300 2.2500
0.1500 2.2500
1.3400 2.2500
14.9700 2.2500
15.0400 2.2500
15.0800 2.2500
0.0600 2.2300
0.1300 2.2300
0.1500 2.2300
1.3400 2.2300
6.6600 2.2300
6.7000 2.2300
14.9700 2.2300
15.0400 2.2300
15.0800 2.2300
0.0600 2.2000
0.1300 2.2000
0.1500 2.2000
1.3400 2.2000
6.6400 2.2000
6.6800 2.2000
6.7000 2.2000
14.9700 2.2000
15.0400 2.2000
15.0800 2.2000
0.0600 2.1800
0.1300 2.1800
0.1500 2.1800
1.3400 2.1800
6.6400 2.1800
6.6800 2.1800
6.7000 2.1800
14.9700 2.1800
15.0400 2.1800
15.0800 2.1800
0.0600 2.1600
0.1300 2.1600
0.1500 2.1600
1.3400 2.1600
6.6800 2.1600
6.7000 2.1600
14.9700 2.1600
15.0400 2.1600
15.0800 2.1600
0.0600 2.1300
0.1300 2.1300
0.1500 2.1300
1.3400 2.1300
6.6800 2.1300
6.7000 2.1300
14.9700 2.1300
15.0400 2.1300
15.0800 2.1300
0.0600 2.1100
0.1300 2.1100
0.1500 2.1100
1.3400 2.1100
6.6400 2.1100
6.6800 2.1100
14.9700 2.1100
15.0400 2.1100
15.0800 2.1100
0.0600 2.0800
0.1300 2.0800
0.1500 2.0800
1.3400 2.0800
6.6800 2.0800
14.9700 2.0800
15.0400 2.0800
15.0800 2.0800
0.0600 2.0600
0.1300 2.0600
0.1500 2.0600
1.3400 2.0600
6.7000 2.0600
14.9700 2.0600
15.0400 2.0600
15.0800 2.0600
0.0600 2.0400
0.1300 2.0400
0.1500 2.0400
1.3400 2.0400
6.7000 2.0400
14.9700 2.0400
15.0400 2.0400
15.0800 2.0400
0.0600 2.0100
0.1300 2.0100
0.1500 2.0100
1.3400 2.0100
6.7000 2.0100
14.9700 2.0100
15.0400 2.0100
15.0800 2.0100
0.0600 1.9900
0.1300 1.9900
0.1500 1.9900
1.3400 1.9900
6.7000 1.9900
14.9700 1.9900
15.0400 1.9900
15.0800 1.9900
0.0600 1.9600
0.1300 1.9600
0.1500 1.9600
1.3400 1.9600
14.9700 1.9600
15.0400 1.9600
15.0800 1.9600
0.0600 1.9400
0.1300 1.9400
0.1500 1.9400
1.3400 1.9400
6.7000 1.9400
14.9700 1.9400
15.0400 1.9400
15.0800 1.9400
0.0600 1.9200
0.1300 1.9200
0.1500 1.9200
1.3400 1.9200
6.7000 1.9200
14.9700 1.9200
15.0400 1.9200
15.0800 1.9200
0.0600 1.8900
0.1300 1.8900
0.1500 1.8900
1.3400 1.8900
6.7000 1.8900
14.9700 1.8900
15.0400 1.8900
15.0800 1.8900
0.0600 1.8700
0.1300 1.8700
0.1500 1.8700
1.3400 1.8700
6.7000 1.8700
14.9700 1.8700
15.0400 1.8700
15.0800 1.8700
0.0600 1.8400
0.1300 1.8400
0.1500 1.8400
1.3400 1.8400
6.7000 1.8400
14.9700 1.8400
15.0400 1.8400
15.0800 1.8400
0.0600 1.8200
0.1300 1.8200
0.1500 1.8200
1.3400 1.8200
6.7000 1.8200
14.9700 1.8200
15.0400 1.8200
15.0800 1.8200
0.0600 1.8000
0.1300 1.8000
0.1500 1.8000
1.3400 1.8000
6.7000 1.8000
14.9700 1.8000
15.0400 1.8000
15.0800 1.8000
0.0600 1.7700
0.1300 1.7700
0.1500 1.7700
1.3400 1.7700
6.7000 1.7700
14.9700 1.7700
15.0400 1.7700
15.0800 1.7700
0.0600 1.7500
0.1300 1.7500
0.1500 1.7500
1.3400 1.7500
6.7000 1.7500
14.9700 1.7500
15.0400 1.7500
15.0800 1.7500
0.0600 1.7300
0.1300 1.7300
0.1500 1.7300
1.3400 1.7300
6.7000 1.7300
14.9700 1.7300
15.0400 1.7300
15.0800 1.7300
0.0600 1.7000
0.1300 1.7000
0.1500 1.7000
1.3400 1.7000
6.7000 1.7000
14.9700 1.7000
15.0400 1.7000
15.0800 1.7000
0.0600 1.6800
0.1300 1.6800
0.1500 1.6800
1.3400 1.6800
6.7000 1.6800
14.9700 1.6800
15.0400 1.6800
15.0800 1.6800
0.0600 1.6500
0.1300 1.6500
0.1500 1.6500
1.3400 1.6500
6.7000 1.6500
14.9700 1.6500
15.0400 1.6500
15.0800 1.6500
0.0600 1.6300
0.1300 1.6300
0.1500 1.6300
1.3400 1.6300
6.7000 1.6300
14.9700 1.6300
15.0400 1.6300
15.0800 1.6300
0.0600 1.6100
0.1300 1.6100
0.1500 1.6100
1.3400 1.6100
6.7000 1.6100
14.9700 1.6100
15.0400 1.6100
15.0800 1.6100
0.0600 1.5800
0.1300 1.5800
0.1500 1.5800
1.3400 1.5800
6.7000 1.5800
14.9700 1.5800
15.0400 1.5800
15.0800 1.5800
0.0600 1.5600
0.1300 1.5600
0.1500 1.5600
1.3400 1.5600
6.7000 1.5600
14.9700 1.5600
15.0400 1.5600
15.0800 1.5600
0.0600 1.5300
0.1300 1.5300
0.1500 1.5300
1.3400 1.5300
6.7000 1.5300
14.9700 1.5300
15.0400 1.5300
15.0800 1.5300
0.0600 1.5100
0.1300 1.5100
0.1500 1.5100
1.2200 1.5100
1.3400 1.5100
6.7000 1.5100
14.9700 1.5100
15.0400 1.5100
15.0800 1.5100
0.0600 1.4900
0.1300 1.4900
0.1500 1.4900
1.2000 1.4900
1.2200 1.4900
1.3400 1.4900
6.7000 1.4900
14.9700 1.4900
15.0400 1.4900
15.0800 1.4900
0.0600 1.4600
0.1300 1.4600
0.1500 1.4600
1.1800 1.4600
1.3400 1.4600
6.7000 1.4600
14.9700 1.4600
15.0400 1.4600
15.0800 1.4600
0.0600 1.4400
0.1300 1.4400
0.1500 1.4400
1.2600 1.4400
6.7000 1.4400
14.9700 1.4400
15.0400 1.4400
15.0800 1.4400
0.0600 1.4100
0.1300 1.4100
0.1500 1.4100
1.1800 1.4100
1.3200 1.4100
1.3400 1.4100
6.7000 1.4100
14.9700 1.4100
15.0400 1.4100
15.0800 1.4100
0.0600 1.3900
0.1300 1.3900
0.1500 1.3900
1.2600 1.3900
1.3000 1.3900
6.7000 1.3900
14.9700 1.3900
15.0400 1.3900
15.0800 1.3900
0.0600 1.3700
0.1300 1.3700
0.1500 1.3700
1.2400 1.3700
1.3000 1.3700
6.7000 1.3700
14.9700 1.3700
15.0400 1.3700
15.0800 1.3700
0.0600 1.3400
0.1300 1.3400
0.1500 1.3400
1.1800 1.3400
1.3200 1.3400
6.7000 1.3400
14.9700 1.3400
15.0400 1.3400
15.0800 1.3400
0.0600 1.3200
0.1300 1.3200
0.1500 1.3200
1.2000 1.3200
1.2400 1.3200
1.3200 1.3200
6.7000 1.3200
14.9700 1.3200
15.0400 1.3200
15.0800 1.3200
0.0600 1.2900
0.1300 1.2900
0.1500 1.2900
6.7000 1.2900
14.9700 1.2900
15.0400 1.2900
15.0800 1.2900
0.0600 1.2700
0.1300 1.2700
0.1500 1.2700
1.1800 1.2700
1.2000 1.2700
1.3000 1.2700
6.7000 1.2700
14.9700 1.2700
15.0400 1.2700
15.0800 1.2700
0.0600 1.2500
0.1300 1.2500
0.1500 1.2500
1.1800 1.2500
1.3000 1.2500
6.6600 1.2500
6.7000 1.2500
14.9700 1.2500
15.0400 1.2500
15.0800 1.2500
0.0600 1.2200
0.1300 1.2200
0.1500 1.2200
1.2000 1.2200
6.6600 1.2200
14.9700 1.2200
15.0400 1.2200
15.0800 1.2200
0.0600 1.2000
0.1300 1.2000
0.1500 1.2000
1.2200 1.2000
1.2400 1.2000
1.2600 1.2000
1.3200 1.2000
6.6800 1.2000
14.9700 1.2000
15.0400 1.2000
15.0800 1.2000
0.0600 1.1800
0.1300 1.1800
0.1500 1.1800
1.1800 1.1800
1.3200 1.1800
6.7000 1.1800
14.9700 1.1800
15.0400 1.1800
15.0800 1.1800
0.0600 1.1500
0.1300 1.1500
0.1500 1.1500
1.2600 1.1500
1.2800 1.1500
1.3000 1.1500
6.7000 1.1500
14.9700 1.1500
15.0400 1.1500
15.0800 1.1500
0.0600 1.1300
0.1300 1.1300
0.1500 1.1300
1.0100 1.1300
1.0500 1.1300
1.0900 1.1300
1.1300 1.1300
1.1800 1.1300
1.2000 1.1300
1.2200 1.1300
1.2600 1.1300
6.7000 1.1300
14.9700 1.1300
15.0400 1.1300
15.0800 1.1300
0.0600 1.1000
0.1300 1.1000
0.1500 1.1000
1.0100 1.1000
1.0500 1.1000
14.9700 1.1000
15.0400 1.1000
15.0800 1.1000
0.0600 1.0800
0.1300 1.0800
0.1500 1.0800
1.0900 1.0800
1.1300 1.0800
1.1800 1.0800
6.7000 1.0800
14.9700 1.0800
15.0400 1.0800
15.0800 1.0800
0.0600 1.0600
0.1300 1.0600
0.1500 1.0600
1.0100 1.0600
1.0900 1.0600
1.1300 1.0600
1.1800 1.0600
6.6600 1.0600
6.6800 1.0600
6.7000 1.0600
14.9700 1.0600
15.0400 1.0600
15.0800 1.0600
0.0600 1.0300
0.1300 1.0300
0.1500 1.0300
1.0100 1.0300
1.0300 1.0300
1.0500 1.0300
1.1300 1.0300
1.1800 1.0300
6.6600 1.0300
14.9700 1.0300
15.0400 1.0300
15.0800 1.0300
0.0600 1.0100
0.1300 1.0100
0.1500 1.0100
1.0300 1.0100
1.1100 1.0100
1.1800 1.0100
1.2200 1.0100
1.2600 1.0100
6.6600 1.0100
6.7000 1.0100
14.9700 1.0100
15.0400 1.0100
15.0800 1.0100
0.0600 0.9800
0.1300 0.9800
0.1500 0.9800
1.0100 0.9800
1.0300 0.9800
1.0900 0.9800
1.1100 0.9800
1.2600 0.9800
6.6600 0.9800
14.9700 0.9800
15.0400 0.9800
15.0800 0.9800
0.0600 0.9600
0.1300 0.9600
0.1500 0.9600
1.0100 0.9600
1.0900 0.9600
1.1600 0.9600
1.2600 0.9600
6.6600 0.9600
6.7000 0.9600
14.9700 0.9600
15.0400 0.9600
15.0800 0.9600
0.0600 0.9400
0.1300 0.9400
0.1500 0.9400
1.0100 0.9400
1.0300 0.9400
1.0900 0.9400
1.1600 0.9400
1.2200 0.9400
1.2400 0.9400
1.2600 0.9400
6.7000 0.9400
14.9700 0.9400
15.0400 0.9400
15.0800 0.9400
0.0600 0.9100
0.1300 0.9100
0.1500 0.9100
1.0300 0.9100
1.0900 0.9100
6.7000 0.9100
14.9700 0.9100
15.0400 0.9100
15.0800 0.9100
0.0600 0.8900
0.1300 0.8900
0.1500 0.8900
1.0100 0.8900
1.0900 0.8900
1.1600 0.8900
6.7000 0.8900
14.9700 0.8900
15.0400 0.8900
15.0800 0.8900
0.0600 0.8600
0.1300 0.8600
0.1500 0.8600
6.7000 0.8600
14.9700 0.8600
15.0400 0.8600
15.0800 0.8600
0.0600 0.8400
0.1300 0.8400
0.1500 0.8400
1.0100 0.8400
1.0900 0.8400
1.1300 0.8400
6.7000 0.8400
14.9700 0.8400
15.0400 0.8400
15.0800 0.8400
0.0600 0.8200
0.1300 0.8200
0.1500 0.8200
1.1300 0.8200
6.7000 0.8200
14.9700 0.8200
15.0400 0.8200
15.0800 0.8200
0.0600 0.7900
0.1300 0.7900
0.1500 0.7900
1.1300 0.7900
6.7000 0.7900
14.9700 0.7900
15.0400 0.7900
15.0800 0.7900
0.0600 0.7700
0.1300 0.7700
0.1500 0.7700
1.1300 0.7700
6.7000 0.7700
14.9700 0.7700
15.0400 0.7700
15.0800 0.7700
0.0600 0.7500
0.1300 0.7500
0.1500 0.7500
1.0100 0.7500
1.0300 0.7500
1.0700 0.7500
1.0900 0.7500
1.1100 0.7500
1.1300 0.7500
6.7000 0.7500
14.9700 0.7500
15.0400 0.7500
15.0800 0.7500
0.0600 0.7200
0.1300 0.7200
0.1500 0.7200
1.0100 0.7200
6.7000 0.7200
14.9700 0.7200
15.0400 0.7200
15.0800 0.7200
0.0600 0.7000
0.1300 0.7000
0.1500 0.7000
1.0100 0.7000
6.7000 0.7000
14.9700 0.7000
15.0400 0.7000
15.0800 0.7000
0.0600 0.6700
0.1300 0.6700
0.1500 0.6700
1.0100 0.6700
6.7000 0.6700
14.9700 0.6700
15.0400 0.6700
15.0800 0.6700
0.0600 0.6500
0.1300 0.6500
0.1500 0.6500
1.0300 0.6500
1.0500 0.6500
6.7000 0.6500
14.9700 0.6500
15.0400 0.6500
15.0800 0.6500
0.0600 0.6300
0.1300 0.6300
0.1500 0.6300
1.0100 0.6300
1.0500 0.6300
6.7000 0.6300
14.9700 0.6300
15.0400 0.6300
15.0800 0.6300
0.0600 0.6000
0.1300 0.6000
0.1500 0.6000
1.0100 0.6000
1.0500 0.6000
6.7000 0.6000
14.9700 0.6000
15.0400 0.6000
15.0800 0.6000
0.0600 0.5800
0.1300 0.5800
0.1500 0.5800
1.0100 0.5800
6.7000 0.5800
14.9700 0.5800
15.0400 0.5800
15.0800 0.5800
0.0600 0.5500
0.1300 0.5500
0.1500 0.5500
1.0100 0.5500
1.0500 0.5500
6.7000 0.5500
14.9700 0.5500
15.0400 0.5500
15.0800 0.5500
0.0600 0.5300
0.1300 0.5300
0.1500 0.5300
1.0100 0.5300
1.0500 0.5300
6.7000 0.5300
14.9700 0.5300
15.0400 0.5300
15.0800 0.5300
0.0600 0.5100
0.1300 0.5100
0.1500 0.5100
1.0100 0.5100
1.0500 0.5100
6.7000 0.5100
14.9700 0.5100
15.0400 0.5100
15.0800 0.5100
0.0600 0.4800
0.1300 0.4800
0.1500 0.4800
1.0100 0.4800
1.0500 0.4800
6.7000 0.4800
14.9700 0.4800
15.0400 0.4800
15.0800 0.4800
0.0600 0.4600
0.1300 0.4600
0.1500 0.4600
1.0100 0.4600
1.0500 0.4600
6.7000 0.4600
14.9700 0.4600
15.0400 0.4600
15.0800 0.4600
0.0600 0.4300
0.1300 0.4300
0.1500 0.4300
1.0100 0.4300
1.0500 0.4300
6.7000 0.4300
14.9700 0.4300
15.0400 0.4300
15.0800 0.4300
0.0600 0.4100
0.1300 0.4100
0.1500 0.4100
1.0100 0.4100
1.0500 0.4100
6.7000 0.4100
14.9700 0.4100
15.0400 0.4100
15.0800 0.4100
0.0600 0.3900
0.1300 0.3900
0.1500 0.3900
1.0100 0.3900
1.0500 0.3900
6.7000 0.3900
14.9700 0.3900
15.0400 0.3900
15.0800 0.3900
0.0600 0.3600
0.1300 0.3600
0.1500 0.3600
1.0100 0.3600
1.0300 0.3600
1.0500 0.3600
6.7000 0.3600
14.9700 0.3600
15.0400 0.3600
15.0800 0.3600
0.0600 0.3400
0.1300 0.3400
0.1500 0.3400
6.7000 0.3400
14.9700 0.3400
15.0400 0.3400
15.0800 0.3400
0.0600 0.3100
0.1300 0.3100
0.1500 0.3100
1.0100 0.3100
6.7000 0.3100
14.9700 0.3100
15.0400 0.3100
15.0800 0.3100
0.0600 0.2900
0.1300 0.2900
0.1500 0.2900
6.7000 0.2900
14.9700 0.2900
15.0400 0.2900
15.0800 0.2900
0.0600 0.2700
0.1300 0.2700
0.1500 0.2700
1.0100 0.2700
6.7000 0.2700
14.9700 0.2700
15.0400 0.2700
15.0800 0.2700
0.0600 0.2400
0.1300 0.2400
0.1500 0.2400
1.0100 0.2400
6.7000 0.2400
14.9700 0.2400
15.0400 0.2400
15.0800 0.2400
0.0600 0.2200
0.1300 0.2200
0.1500 0.2200
6.7000 0.2200
14.9700 0.2200
15.0400 0.2200
15.0800 0.2200
0.0600 0.2000
0.1300 0.2000
0.1500 0.2000
1.0100 0.2000
6.7000 0.2000
14.9700 0.2000
15.0400 0.2000
15.0800 0.2000
0.8800 0.1700
0.9200 0.1700
1.0100 0.1700
6.7000 0.1700
7.2700 0.1700
7.3100 0.1700
7.3500 0.1700
12.1000 0.1700
12.1600 0.1700
15.0800 0.1700
0.0600 0.1500
0.0800 0.1500
0.8400 0.1500
0.8800 0.1500
0.9500 0.1500
1.0100 0.1500
6.7000 0.1500
7.2700 0.1500
7.2900 0.1500
7.3700 0.1500
12.1200 0.1500
12.2000 0.1500
14.9500 0.1500
14.9900 0.1500
15.0400 0.1500
15.0600 0.1500
0.0400 0.1200
0.1500 0.1200
0.1700 0.1200
0.1900 0.1200
0.2100 0.1200
0.2300 0.1200
0.2500 0.1200
0.2700 0.1200
0.2900 0.1200
0.3200 0.1200
0.3400 0.1200
0.3600 0.1200
0.3800 0.1200
0.4000 0.1200
0.4200 0.1200
0.4400 0.1200
0.4600 0.1200
0.4800 0.1200
0.5000 0.1200
0.5300 0.1200
0.5500 0.1200
0.5700 0.1200
0.5900 0.1200
0.6100 0.1200
0.6300 0.1200
0.6500 0.1200
0.6700 0.1200
0.6900 0.1200
0.7100 0.1200
0.7400 0.1200
0.7600 0.1200
0.7800 0.1200
0.8000 0.1200
0.8200 0.1200
0.8800 0.1200
0.9500 0.1200
0.9900 0.1200
6.7000 0.1200
7.2500 0.1200
7.3100 0.1200
7.3300 0.1200
7.3900 0.1200
7.4100 0.1200
7.4300 0.1200
7.4600 0.1200
7.4800 0.1200
7.5000 0.1200
7.5200 0.1200
7.5400 0.1200
7.5600 0.1200
7.5800 0.1200
7.6000 0.1200
7.6200 0.1200
7.6400 0.1200
7.6700 0.1200
7.6900 0.1200
7.7100 0.1200
7.7300 0.1200
7.7500 0.1200
7.7700 0.1200
7.7900 0.1200
7.8100 0.1200
7.8300 0.1200
7.8500 0.1200
7.8800 0.1200
7.9000 0.1200
7.9200 0.1200
7.9400 0.1200
7.9600 0.1200
7.9800 0.1200
8.0000 0.1200
8.0200 0.1200
8.0400 0.1200
8.0600 0.1200
8.0900 0.1200
8.1100 0.1200
8.1300 0.1200
8.1500 0.1200
8.1700 0.1200
8.1900 0.1200
8.2100 0.1200
8.2300 0.1200
8.2500 0.1200
8.2700 0.1200
8.3000 0.1200
8.3200 0.1200
8.3400 0.1200
8.3600 0.1200
8.3800 0.1200
8.4000 0.1200
8.4200 0.1200
8.4400 0.1200
8.4600 0.1200
8.4800 0.1200
8.5100 0.1200
8.5300 0.1200
8.5500 0.1200
8.5700 0.1200
8.5900 0.1200
8.6100 0.1200
8.6300 0.1200
8.6500 0.1200
8.6700 0.1200
8.6900 0.1200
8.7200 0.1200
8.7400 0.1200
8.7600 0.1200
8.7800 0.1200
8.8000 0.1200
8.8200 0.1200
8.8400 0.1200
8.8600 0.1200
8.8800 0.1200
8.9000 0.1200
8.9300 0.1200
8.9500 0.1200
8.9700 0.1200
8.9900 0.1200
9.0100 0.1200
9.0300 0.1200
9.0500 0.1200
9.0700 0.1200
9.0900 0.1200
9.1100 0.1200
9.1400 0.1200
9.1600 0.1200
9.1800 0.1200
9.2000 0.1200
9.2200 0.1200
9.2400 0.1200
9.2600 0.1200
9.2800 0.1200
9.3000 0.1200
9.3200 0.1200
9.3500 0.1200
9.3700 0.1200
9.3900 0.1200
9.4100 0.1200
9.4300 0.1200
9.4500 0.1200
9.4700 0.1200
9.4900 0.1200
9.5100 0.1200
9.5300 0.1200
9.5600 0.1200
9.5800 0.1200
9.6000 0.1200
9.6200 0.1200
9.6400 0.1200
9.6600 0.1200
9.6800 0.1200
9.7000 0.1200
9.7200 0.1200
9.7400 0.1200
9.7700 0.1200
9.7900 0.1200
9.8100 0.1200
9.8300 0.1200
9.8500 0.1200
9.8700 0.1200
9.8900 0.1200
9.9100 0.1200
9.9300 0.1200
9.9500 0.1200
9.9800 0.1200
10.0000 0.1200
10.0200 0.1200
10.0400 0.1200
10.0600 0.1200
10.0800 0.1200
10.1000 0.1200
10.1200 0.1200
10.1400 0.1200
10.1600 0.1200
10.1900 0.1200
10.2100 0.1200
10.2300 0.1200
10.2500 0.1200
10.2700 0.1200
10.2900 0.1200
10.3100 0.1200
10.3300 0.1200
10.3500 0.1200
10.3700 0.1200
10.4000 0.1200
10.4200 0.1200
10.4400 0.1200
10.4600 0.1200
10.4800 0.1200
10.5000 0.1200
10.5200 0.1200
10.5400 0.1200
10.5600 0.1200
10.5800 0.1200
10.6100 0.1200
10.6300 0.1200
10.6500 0.1200
10.6700 0.1200
10.6900 0.1200
10.7100 0.1200
10.7300 0.1200
10.7500 0.1200
10.7700 0.1200
10.7900 0.1200
10.8200 0.1200
10.8400 0.1200
10.8600 0.1200
10.8800 0.1200
10.9000 0.1200
10.9200 0.1200
10.9400 0.1200
10.9600 0.1200
10.9800 0.1200
11.0000 0.1200
11.0300 0.1200
11.0500 0.1200
11.0700 0.1200
11.0900 0.1200
11.1100 0.1200
11.1300 0.1200
11.1500 0.1200
11.1700 0.1200
11.1900 0.1200
11.2100 0.1200
11.2400 0.1200
11.2600 0.1200
11.2800 0.1200
11.3000 0.1200
11.3200 0.1200
11.3400 0.1200
11.3600 0.1200
11.3800 0.1200
11.4000 0.1200
11.4200 0.1200
11.4500 0.1200
11.4700 0.1200
11.4900 0.1200
11.5100 0.1200
11.5300 0.1200
11.5500 0.1200
11.5700 0.1200
11.5900 0.1200
11.6100 0.1200
11.6300 0.1200
11.6600 0.1200
11.6800 0.1200
11.7000 0.1200
11.7200 0.1200
11.7400 0.1200
11.7600 0.1200
11.7800 0.1200
11.8000 0.1200
11.8200 0.1200
11.8400 0.1200
11.8700 0.1200
11.8900 0.1200
11.9100 0.1200
11.9300 0.1200
11.9500 0.1200
11.9700 0.1200
11.9900 0.1200
12.0100 0.1200
12.0300 0.1200
12.0500 0.1200
12.0800 0.1200
12.1000 0.1200
12.1400 0.1200
12.2000 0.1200
12.2600 0.1200
12.2900 0.1200
12.3100 0.1200
12.3300 0.1200
12.3500 0.1200
12.3700 0.1200
12.3900 0.1200
12.4100 0.1200
12.4300 0.1200
12.4500 0.1200
12.4700 0.1200
12.5000 0.1200
12.5200 0.1200
12.5400 0.1200
12.5600 0.1200
12.5800 0.1200
12.6000 0.1200
12.6200 0.1200
12.6400 0.1200
12.6600 0.1200
12.6800 0.1200
12.7100 0.1200
12.7300 0.1200
12.7500 0.1200
12.7700 0.1200
12.7900 0.1200
12.8100 0.1200
12.8300 0.1200
12.8500 0.1200
12.8700 0.1200
12.8900 0.1200
12.9200 0.1200
12.9400 0.1200
12.9600 0.1200
12.9800 0.1200
13.0000 0.1200
13.0200 0.1200
13.0400 0.1200
13.0600 0.1200
13.0800 0.1200
13.1000 0.1200
13.1300 0.1200
13.1500 0.1200
13.1700 0.1200
13.1900 0.1200
13.2100 0.1200
13.2300 0.1200
13.2500 0.1200
13.2700 0.1200
13.2900 0.1200
13.3100 0.1200
13.3400 0.1200
13.3600 0.1200
13.3800 0.1200
13.4000 0.1200
13.4200 0.1200
13.4400 0.1200
13.4600 0.1200
13.4800 0.1200
13.5000 0.1200
13.5200 0.1200
13.5500 0.1200
13.5700 0.1200
13.5900 0.1200
13.6100 0.1200
13.6300 0.1200
13.6500 0.1200
13.6700 0.1200
13.6900 0.1200
13.7100 0.1200
13.7300 0.1200
13.7600 0.1200
13.7800 0.1200
13.8000 0.1200
13.8200 0.1200
13.8400 0.1200
13.8600 0.1200
13.8800 0.1200
13.9000 0.1200
13.9200 0.1200
13.9400 0.1200
13.9700 0.1200
13.9900 0.1200
14.0100 0.1200
14.0300 0.1200
14.0500 0.1200
14.0700 0.1200
14.0900 0.1200
14.1100 0.1200
14.1300 0.1200
14.1500 0.1200
14.1800 0.1200
14.2000 0.1200
14.2200 0.1200
14.2400 0.1200
14.2600 0.1200
14.2800 0.1200
14.3000 0.1200
14.3200 0.1200
14.3400 0.1200
14.3600 0.1200
14.3900 0.1200
14.4100 0.1200
14.4300 0.1200
14.4500 0.1200
14.4700 0.1200
14.4900 0.1200
14.5100 0.1200
14.5300 0.1200
14.5500 0.1200
14.5700 0.1200
14.6000 0.1200
14.6200 0.1200
14.6400 0.1200
14.6600 0.1200
14.6800 0.1200
14.7000 0.1200
14.7200 0.1200
14.7400 0.1200
14.7600 0.1200
14.7800 0.1200
14.8100 0.1200
14.8300 0.1200
14.8500 0.1200
14.8700 0.1200
14.8900 0.1200
14.9100 0.1200
14.9300 0.1200
15.0200 0.1200
15.0800 0.1200
15.1000 0.1200
0.0400 0.1000
0.0600 0.1000
0.0800 0.1000
0.1100 0.1000
0.1500 0.1000
0.8600 0.1000
0.9700 0.1000
1.0100 0.1000
6.7000 0.1000
7.2700 0.1000
7.3500 0.1000
7.3700 0.1000
12.1600 0.1000
12.2200 0.1000
14.9700 0.1000
15.0400 0.1000
15.1000 0.1000
0.1700 0.0800
0.1900 0.0800
0.2100 0.0800
0.2300 0.0800
0.2500 0.0800
0.2700 0.0800
0.2900 0.0800
0.3200 0.0800
0.3400 0.0800
0.3600 0.0800
0.3800 0.0800
0.4000 0.0800
0.4200 0.0800
0.4400 0.0800
0.4600 0.0800
0.4800 0.0800
0.5000 0.0800
0.5300 0.0800
0.5500 0.0800
0.5700 0.0800
0.5900 0.0800
0.6100 0.0800
0.6300 0.0800
0.6500 0.0800
0.6700 0.0800
0.6900 0.0800
0.7100 0.0800
0.7400 0.0800
0.7600 0.0800
0.7800 0.0800
0.8000 0.0800
0.8200 0.0800
0.9000 0.0800
0.9500 0.0800
1.0100 0.0800
6.7000 0.0800
7.2900 0.0800
7.3500 0.0800
12.1800 0.0800
12.2600 0.0800
12.2900 0.0800
12.3100 0.0800
12.3300 0.0800
12.3500 0.0800
12.3700 0.0800
12.3900 0.0800
12.4100 0.0800
12.4300 0.0800
12.4500 0.0800
12.4700 0.0800
12.5000 0.0800
12.5200 0.0800
12.5400 0.0800
12.5600 0.0800
12.5800 0.0800
12.6000 0.0800
12.6200 0.0800
12.6400 0.0800
12.6600 0.0800
12.6800 0.0800
12.7100 0.0800
12.7300 0.0800
12.7500 0.0800
12.7700 0.0800
12.7900 0.0800
12.8100 0.0800
12.8300 0.0800
12.8500 0.0800
12.8700 0.0800
12.8900 0.0800
12.9200 0.0800
12.9400 0.0800
12.9600 0.0800
12.9800 0.0800
13.0000 0.0800
13.0200 0.0800
13.0400 0.0800
13.0600 0.0800
13.0800 0.0800
13.1000 0.0800
13.1300 0.0800
13.1500 0.0800
13.1700 0.0800
13.1900 0.0800
13.2100 0.0800
13.2300 0.0800
13.2500 0.0800
13.2700 0.0800
13.2900 0.0800
13.3100 0.0800
13.3400 0.0800
13.3600 0.0800
13.3800 0.0800
13.4000 0.0800
13.4200 0.0800
13.4400 0.0800
13.4600 0.0800
13.4800 0.0800
13.5000 0.0800
13.5200 0.0800
13.5500 0.0800
13.5700 0.0800
13.5900 0.0800
13.6100 0.0800
13.6300 0.0800
13.6500 0.0800
13.6700 0.0800
13.6900 0.0800
13.7100 0.0800
13.7300 0.0800
13.7600 0.0800
13.7800 0.0800
13.8000 0.0800
13.8200 0.0800
13.8400 0.0800
13.8600 0.0800
13.8800 0.0800
13.9000 0.0800
13.9200 0.0800
13.9400 0.0800
13.9700 0.0800
13.9900 0.0800
14.0100 0.0800
14.0300 0.0800
14.0500 0.0800
14.0700 0.0800
14.0900 0.0800
14.1100 0.0800
14.1300 0.0800
14.1500 0.0800
14.1800 0.0800
14.2000 0.0800
14.2200 0.0800
14.2400 0.0800
14.2600 0.0800
14.2800 0.0800
14.3000 0.0800
14.3200 0.0800
14.3400 0.0800
14.3600 0.0800
14.3900 0.0800
14.4100 0.0800
14.4300 0.0800
14.4500 0.0800
14.4700 0.0800
14.4900 0.0800
14.5100 0.0800
14.5300 0.0800
14.5500 0.0800
14.5700 0.0800
14.6000 0.0800
14.6200 0.0800
14.6400 0.0800
14.6600 0.0800
14.6800 0.0800
14.7000 0.0800
14.7200 0.0800
14.7400 0.0800
14.7600 0.0800
14.7800 0.0800
14.8100 0.0800
14.8300 0.0800
14.8500 0.0800
14.8700 0.0800
14.8900 0.0800
14.9100 0.0800
14.9300 0.0800
0.0400 0.0500
0.0600 0.0500
0.0800 0.0500
0.8600 0.0500
0.9500 0.0500
1.0100 0.0500
6.7000 0.0500
7.2200 0.0500
7.3300 0.0500
7.3900 0.0500
7.4100 0.0500
7.4300 0.0500
7.4600 0.0500
7.4800 0.0500
7.5000 0.0500
7.5200 0.0500
7.5400 0.0500
7.5600 0.0500
7.5800 0.0500
7.6000 0.0500
7.6200 0.0500
7.6400 0.0500
7.6700 0.0500
7.6900 0.0500
7.7100 0.0500
7.7300 0.0500
7.7500 0.0500
7.7700 0.0500
7.7900 0.0500
7.8100 0.0500
7.8300 0.0500
7.8500 0.0500
7.8800 0.0500
7.9000 0.0500
7.9200 0.0500
7.9400 0.0500
7.9600 0.0500
7.9800 0.0500
8.0000 0.0500
8.0200 0.0500
8.0400 0.0500
8.0600 0.0500
8.0900 0.0500
8.1100 0.0500
8.1300 0.0500
8.1500 0.0500
8.1700 0.0500
8.1900 0.0500
8.2100 0.0500
8.2300 0.0500
8.2500 0.0500
8.2700 0.0500
8.3000 0.0500
8.3200 0.0500
8.3400 0.0500
8.3600 0.0500
8.3800 0.0500
8.4000 0.0500
8.4200 0.0500
8.4400 0.0500
8.4600 0.0500
8.4800 0.0500
8.5100 0.0500
8.5300 0.0500
8.5500 0.0500
8.5700 0.0500
8.5900 0.0500
8.6100 0.0500
8.6300 0.0500
8.6500 0.0500
8.6700 0.0500
8.6900 0.0500
8.7200 0.0500
8.7400 0.0500
8.7600 0.0500
8.7800 0.0500
8.8000 0.0500
8.8200 0.0500
8.8400 0.0500
8.8600 0.0500
8.8800 0.0500
8.9000 0.0500
8.9300 0.0500
8.9500 0.0500
8.9700 0.0500
8.9900 0.0500
9.0100 0.0500
9.0300 0.0500
9.0500 0.0500
9.0700 0.0500
9.0900 0.0500
9.1100 0.0500
9.1400 0.0500
9.1600 0.0500
9.1800 0.0500
9.2000 0.0500
9.2200 0.0500
9.2400 0.0500
9.2600 0.0500
9.2800 0.0500
9.3000 0.0500
9.3200 0.0500
9.3500 0.0500
9.3700 0.0500
9.3900 0.0500
9.4100 0.0500
9.4300 0.0500
9.4500 0.0500
9.4700 0.0500
9.4900 0.0500
9.5100 0.0500
9.5300 0.0500
9.5600 0.0500
9.5800 0.0500
9.6000 0.0500
9.6200 0.0500
9.6400 0.0500
9.6600 0.0500
9.6800 0.0500
9.7000 0.0500
9.7200 0.0500
9.7400 0.0500
9.7700 0.0500
9.7900 0.0500
9.8100 0.0500
9.8300 0.0500
9.8500 0.0500
9.8700 0.0500
9.8900 0.0500
9.9100 0.0500
9.9300 0.0500
9.9500 0.0500
9.9800 0.0500
10.0000 0.0500
10.0200 0.0500
10.0400 0.0500
10.0600 0.0500
10.0800 0.0500
10.1000 0.0500
10.1200 0.0500
10.1400 0.0500
10.1600 0.0500
10.1900 0.0500
10.2100 0.0500
10.2300 0.0500
10.2500 0.0500
10.2700 0.0500
10.2900 0.0500
10.3100 0.0500
10.3300 0.0500
10.3500 0.0500
10.3700 0.0500
10.4000 0.0500
10.4200 0.0500
10.4400 0.0500
10.4600 0.0500
10.4800 0.0500
10.5000 0.0500
10.5200 0.0500
10.5400 0.0500
10.5600 0.0500
10.5800 0.0500
10.6100 0.0500
10.6300 0.0500
10.6500 0.0500
10.6700 0.0500
10.6900 0.0500
10.7100 0.0500
10.7300 0.0500
10.7500 0.0500
10.7700 0.0500
10.7900 0.0500
10.8200 0.0500
10.8400 0.0500
10.8600 0.0500
10.8800 0.0500
10.9000 0.0500
10.9200 0.0500
10.9400 0.0500
10.9600 0.0500
10.9800 0.0500
11.0000 0.0500
11.0300 0.0500
11.0500 0.0500
11.0700 0.0500
11.0900 0.0500
11.1100 0.0500
11.1300 0.0500
11.1500 0.0500
11.1700 0.0500
11.1900 0.0500
11.2100 0.0500
11.2400 0.0500
11.2600 0.0500
11.2800 0.0500
11.3000 0.0500
11.3200 0.0500
11.3400 0.0500
11.3600 0.0500
11.3800 0.0500
11.4000 0.0500
11.4200 0.0500
11.4500 0.0500
11.4700 0.0500
11.4900 0.0500
11.5100 0.0500
11.5300 0.0500
11.5500 0.0500
11.5700 0.0500
11.5900 0.0500
11.6100 0.0500
11.6300 0.0500
11.6600 0.0500
11.6800 0.0500
11.7000 0.0500
11.7200 0.0500
11.7400 0.0500
11.7600 0.0500
11.7800 0.0500
11.8000 0.0500
11.8200 0.0500
11.8400 0.0500
11.8700 0.0500
11.8900 0.0500
11.9100 0.0500
11.9300 0.0500
11.9500 0.0500
11.9700 0.0500
11.9900 0.0500
12.0100 0.0500
12.0300 0.0500
12.0500 0.0500
12.0800 0.0500
12.1400 0.0500
12.1800 0.0500
12.2400 0.0500
14.9700 0.0500
14.9900 0.0500
15.0400 0.0500
15.0800 0.0500
15.1000 0.0500
0.1300 0.0300
0.1700 0.0300
0.1900 0.0300
0.2100 0.0300
0.2300 0.0300
0.2500 0.0300
0.2700 0.0300
0.2900 0.0300
0.3200 0.0300
0.3400 0.0300
0.3600 0.0300
0.3800 0.0300
0.4000 0.0300
0.4200 0.0300
0.4400 0.0300
0.4600 0.0300
0.4800 0.0300
0.5000 0.0300
0.5300 0.0300
0.5500 0.0300
0.5700 0.0300
0.5900 0.0300
0.6100 0.0300
0.6300 0.0300
0.6500 0.0300
0.6700 0.0300
0.6900 0.0300
0.7100 0.0300
0.7400 0.0300
0.7600 0.0300
0.7800 0.0300
0.8000 0.0300
0.8200 0.0300
0.8400 0.0300
0.8600 0.0300
0.9200 0.0300
0.9900 0.0300
6.7000 0.0300
7.2700 0.0300
7.3700 0.0300
12.1200 0.0300
12.1600 0.0300
12.2200 0.0300
12.2600 0.0300
12.2900 0.0300
12.3100 0.0300
12.3300 0.0300
12.3500 0.0300
12.3700 0.0300
12.3900 0.0300
12.4100 0.0300
12.4300 0.0300
12.4500 0.0300
12.4700 0.0300
12.5000 0.0300
12.5200 0.0300
12.5400 0.0300
12.5600 0.0300
12.5800 0.0300
12.6000 0.0300
12.6200 0.0300
12.6400 0.0300
12.6600 0.0300
12.6800 0.0300
12.7100 0.0300
12.7300 0.0300
12.7500 0.0300
12.7700 0.0300
12.7900 0.0300
12.8100 0.0300
12.8300 0.0300
12.8500 0.0300
12.8700 0.0300
12.8900 0.0300
12.9200 0.0300
12.9400 0.0300
12.9600 0.0300
12.9800 0.0300
13.0000 0.0300
13.0200 0.0300
13.0400 0.0300
13.0600 0.0300
13.0800 0.0300
13.1000 0.0300
13.1300 0.0300
13.1500 0.0300
13.1700 0.0300
13.1900 0.0300
13.2100 0.0300
13.2300 0.0300
13.2500 0.0300
13.2700 0.0300
13.2900 0.0300
13.3100 0.0300
13.3400 0.0300
13.3600 0.0300
13.3800 0.0300
13.4000 0.0300
13.4200 0.0300
13.4400 0.0300
13.4600 0.0300
13.4800 0.0300
13.5000 0.0300
13.5200 0.0300
13.5500 0.0300
13.5700 0.0300
13.5900 0.0300
13.6100 0.0300
13.6300 0.0300
13.6500 0.0300
13.6700 0.0300
13.6900 0.0300
13.7100 0.0300
13.7300 0.0300
13.7600 0.0300
13.7800 0.0300
13.8000 0.0300
13.8200 0.0300
13.8400 0.0300
13.8600 0.0300
13.8800 0.0300
13.9000 0.0300
13.9200 0.0300
13.9400 0.0300
13.9700 0.0300
13.9900 0.0300
14.0100 0.0300
14.0300 0.0300
14.0500 0.0300
14.0700 0.0300
14.0900 0.0300
14.1100 0.0300
14.1300 0.0300
14.1500 0.0300
14.1800 0.0300
14.2000 0.0300
14.2200 0.0300
14.2400 0.0300
14.2600 0.0300
14.2800 0.0300
14.3000 0.0300
14.3200 0.0300
14.3400 0.0300
14.3600 0.0300
14.3900 0.0300
14.4100 0.0300
14.4300 0.0300
14.4500 0.0300
14.4700 0.0300
14.4900 0.0300
14.5100 0.0300
14.5300 0.0300
14.5500 0.0300
14.5700 0.0300
14.6000 0.0300
14.6200 0.0300
14.6400 0.0300
14.6600 0.0300
14.6800 0.0300
14.7000 0.0300
14.7200 0.0300
14.7400 0.0300
14.7600 0.0300
14.7800 0.0300
14.8100 0.0300
14.8300 0.0300
14.8500 0.0300
14.8700 0.0300
14.8900 0.0300
14.9100 0.0300
14.9300 0.0300
14.9500 0.0300
14.9700 0.0300
14.9900 0.0300
15.0400 0.0300
15.0600 0.0300
0.9000 0.0000
0.9700 0.0000
6.7000 0.0000
7.2200 0.0000
7.2700 0.0000
7.2900 0.0000
7.3100 0.0000
7.3300 0.0000
7.3500 0.0000
7.3900 0.0000
7.4100 0.0000
7.4300 0.0000
7.4600 0.0000
7.4800 0.0000
7.5000 0.0000
7.5200 0.0000
7.5400 0.0000
7.5600 0.0000
7.5800 0.0000
7.6000 0.0000
7.6200 0.0000
7.6400 0.0000
7.6700 0.0000
7.6900 0.0000
7.7100 0.0000
7.7300 0.0000
7.7500 0.0000
7.7700 0.0000
7.7900 0.0000
7.8100 0.0000
7.8300 0.0000
7.8500 0.0000
7.8800 0.0000
7.9000 0.0000
7.9200 0.0000
7.9400 0.0000
7.9600 0.0000
7.9800 0.0000
8.0000 0.0000
8.0200 0.0000
8.0400 0.0000
8.0600 0.0000
8.0900 0.0000
8.1100 0.0000
8.1300 0.0000
8.1500 0.0000
8.1700 0.0000
8.1900 0.0000
8.2100 0.0000
8.2300 0.0000
8.2500 0.0000
8.2700 0.0000
8.3000 0.0000
8.3200 0.0000
8.3400 0.0000
8.3600 0.0000
8.3800 0.0000
8.4000 0.0000
8.4200 0.0000
8.4400 0.0000
8.4600 0.0000
8.4800 0.0000
8.5100 0.0000
8.5300 0.0000
8.5500 0.0000
8.5700 0.0000
8.5900 0.0000
8.6100 0.0000
8.6300 0.0000
8.6500 0.0000
8.6700 0.0000
8.6900 0.0000
8.7200 0.0000
8.7400 0.0000
8.7600 0.0000
8.7800 0.0000
8.8000 0.0000
8.8200 0.0000
8.8400 0.0000
8.8600 0.0000
8.8800 0.0000
8.9000 0.0000
8.9300 0.0000
8.9500 0.0000
8.9700 0.0000
8.9900 0.0000
9.0100 0.0000
9.0300 0.0000
9.0500 0.0000
9.0700 0.0000
9.0900 0.0000
9.1100 0.0000
9.1400 0.0000
9.1600 0.0000
9.1800 0.0000
9.2000 0.0000
9.2200 0.0000
9.2400 0.0000
9.2600 0.0000
9.2800 0.0000
9.3000 0.0000
9.3200 0.0000
9.3500 0.0000
9.3700 0.0000
9.3900 0.0000
9.4100 0.0000
9.4300 0.0000
9.4500 0.0000
9.4700 0.0000
9.4900 0.0000
9.5100 0.0000
9.5300 0.0000
9.5600 0.0000
9.5800 0.0000
9.6000 0.0000
9.6200 0.0000
9.6400 0.0000
9.6600 0.0000
9.6800 0.0000
9.7000 0.0000
9.7200 0.0000
9.7400 0.0000
9.7700 0.0000
9.7900 0.0000
9.8100 0.0000
9.8300 0.0000
9.8500 0.0000
9.8700 0.0000
9.8900 0.0000
9.9100 0.0000
9.9300 0.0000
9.9500 0.0000
9.9800 0.0000
10.0000 0.0000
10.0200 0.0000
10.0400 0.0000
10.0600 0.0000
10.0800 0.0000
10.1000 0.0000
10.1200 0.0000
10.1400 0.0000
10.1600 0.0000
10.1900 0.0000
10.2100 0.0000
10.2300 0.0000
10.2500 0.0000
10.2700 0.0000
10.2900 0.0000
10.3100 0.0000
10.3300 0.0000
10.3500 0.0000
10.3700 0.0000
10.4000 0.0000
10.4200 0.0000
10.4400 0.0000
10.4600 0.0000
10.4800 0.0000
10.5000 0.0000
10.5200 0.0000
10.5400 0.0000
10.5600 0.0000
10.5800 0.0000
10.6100 0.0000
10.6300 0.0000
10.6500 0.0000
10.6700 0.0000
10.6900 0.0000
10.7100 0.0000
10.7300 0.0000
10.7500 0.0000
10.7700 0.0000
10.7900 0.0000
10.8200 0.0000
10.8400 0.0000
10.8600 0.0000
10.8800 0.0000
10.9000 0.0000
10.9200 0.0000
10.9400 0.0000
10.9600 0.0000
10.9800 0.0000
11.0000 0.0000
11.0300 0.0000
11.0500 0.0000
11.0700 0.0000
11.0900 0.0000
11.1100 0.0000
11.1300 0.0000
11.1500 0.0000
11.1700 0.0000
11.1900 0.0000
11.2100 0.0000
11.2400 0.0000
11.2600 0.0000
11.2800 0.0000
11.3000 0.0000
11.3200 0.0000
11.3400 0.0000
11.3600 0.0000
11.3800 0.0000
11.4000 0.0000
11.4200 0.0000
11.4500 0.0000
11.4700 0.0000
11.4900 0.0000
11.5100 0.0000
11.5300 0.0000
11.5500 0.0000
11.5700 0.0000
11.5900 0.0000
11.6100 0.0000
11.6300 0.0000
11.6600 0.0000
11.6800 0.0000
11.7000 0.0000
11.7200 0.0000
11.7400 0.0000
11.7600 0.0000
11.7800 0.0000
11.8000 0.0000
11.8200 0.0000
11.8400 0.0000
11.8700 0.0000
11.8900 0.0000
11.9100 0.0000
11.9300 0.0000
11.9500 0.0000
11.9700 0.0000
11.9900 0.0000
12.0100 0.0000
12.0300 0.0000
12.0500 0.0000
12.0800 0.0000
12.1000 0.0000
12.1200 0.0000
12.1600 0.0000
12.2000 0.0000
