0 0.0 11.441 18.171
12 0.0 10.983 18.286
24 0.0 10.539 18.458
36 0.0 10.081 18.63
48 0.0 9.623 18.816
60 0.0 9.179 19.045
72 0.0 8.721 19.174
84 0.0 8.277 19.403
0 350.0 15.88 17.427
12 350.0 15.308 17.427
24 350.0 14.806 17.541
36 350.0 14.291 17.656
48 350.0 13.79 17.77
60 350.0 13.274 17.885
72 350.0 12.773 18.0
84 350.0 12.257 18.114
240 1.0 3.924 23.641
252 1.0 3.694 24.1
264 1.0 3.523 24.329
276 1.0 3.351 24.558
288 1.0 3.064 25.36
300 1.0 2.95 26.076
312 1.0 2.835 26.534
324 1.0 2.735 27.107
240 351.0 5.327 19.217
252 351.0 4.768 19.217
264 351.0 4.196 19.217
276 351.0 3.637 19.102
288 351.0 2.95 18.873
300 351.0 2.334 18.758
312 351.0 1.761 18.758
324 351.0 1.203 18.644
396 190.0 -4.568 39.121
408 190.0 -4.511 38.777
420 190.0 -4.568 38.305
432 190.0 -4.625 37.732
444 190.0 -4.682 37.159
456 190.0 -4.682 36.686
468 190.0 -4.625 36.099
480 190.0 -4.625 35.527
468 186.0 19.704 6.573
480 186.0 19.245 6.458
492 186.0 18.515 6.458
504 186.0 17.77 6.344
516 186.0 17.04 6.344
528 186.0 16.281 6.286
540 186.0 15.537 6.286
552 186.0 14.806 6.229
480 352.0 -6.258 17.942
492 352.0 -6.888 17.942
504 352.0 -7.475 17.942
516 352.0 -8.019 17.942
528 352.0 -8.52 18.0
540 352.0 -9.064 18.0
552 352.0 -9.58 18.057
564 352.0 -10.081 18.057
540 9.0 19.159 38.075
552 9.0 19.159 38.075
564 9.0 19.159 38.075
576 9.0 19.159 38.075
588 9.0 19.159 38.075
600 9.0 19.159 38.075
612 9.0 19.159 38.075
624 9.0 19.159 38.075
564 7.0 19.245 38.72
576 7.0 19.389 38.476
588 7.0 19.474 38.247
600 7.0 19.532 38.247
612 7.0 19.532 38.247
624 7.0 19.532 38.247
636 7.0 19.532 38.247
648 7.0 19.532 38.247
636 191.0 -4.009 28.51
648 191.0 -4.009 27.937
660 191.0 -4.009 27.336
672 191.0 -4.009 26.649
684 191.0 -4.081 26.19
696 191.0 -4.196 25.961
708 191.0 -4.196 25.474
720 191.0 -4.196 25.016
696 181.0 20.019 7.604
708 181.0 19.417 6.687
720 181.0 19.045 7.031
732 181.0 18.372 6.916
744 181.0 17.685 6.916
756 181.0 17.012 6.802
768 181.0 16.339 6.802
780 181.0 15.68 6.802
708 187.0 5.327 4.711
720 187.0 4.539 4.253
732 187.0 3.981 3.795
744 187.0 3.408 3.322
756 187.0 2.778 2.964
768 187.0 2.105 2.735
780 187.0 1.146 2.048
792 187.0 0.129 1.36
720 353.0 -16.682 18.286
732 353.0 -17.627 18.057
744 353.0 -18.315 18.057
756 353.0 -18.83 17.828
768 353.0 -19.432 17.599
780 353.0 -19.661 18.171
792 353.0 -19.888 17.843
804 353.0 -19.88 17.903
780 10.0 19.159 38.075
792 10.0 19.159 38.075
804 10.0 19.159 38.075
816 10.0 19.159 38.075
828 10.0 19.159 38.075
840 10.0 19.159 38.075
852 10.0 19.159 38.075
864 10.0 19.159 38.075
804 8.0 19.532 38.247
816 8.0 19.532 38.247
828 8.0 19.532 38.247
840 8.0 19.532 38.247
852 8.0 19.532 38.247
864 8.0 19.532 38.247
876 8.0 19.532 38.247
888 8.0 19.532 38.247
876 192.0 -4.453 19.116
888 192.0 -4.396 18.515
900 192.0 -4.396 18.057
912 192.0 -4.339 17.484
924 192.0 -4.282 16.911
936 192.0 -4.224 16.424
948 192.0 -4.224 15.966
960 192.0 -4.167 15.508
936 182.0 7.46 6.0
948 182.0 6.83 6.0
960 182.0 6.028 5.885
972 182.0 5.198 5.771
984 182.0 4.568 5.642
996 182.0 3.637 5.527
1008 182.0 2.964 5.527
1020 182.0 2.42 5.656
960 354.0 -19.776 18.682
972 354.0 -19.769 18.742
984 354.0 -19.761 18.801
996 354.0 -19.753 18.862
1008 354.0 -19.745 18.921
1020 354.0 -19.737 18.981
1032 354.0 -19.729 19.041
1044 354.0 -19.721 19.101
984 197.0 -19.618 19.804
996 197.0 -19.159 19.861
1008 197.0 -18.687 19.976
1020 197.0 -18.114 20.033
1032 197.0 -17.57 20.09
1044 197.0 -17.04 20.147
1056 197.0 -16.482 20.205
1068 197.0 -15.938 20.205
1044 184.0 3.236 39.293
1056 184.0 3.465 39.121
1068 184.0 3.694 39.121
1080 184.0 3.909 39.121
1092 184.0 4.138 39.006
1104 184.0 4.253 38.663
1116 184.0 4.367 38.19
1128 184.0 4.482 37.846
1116 193.0 -4.453 9.064
1128 193.0 -4.568 8.721
1140 193.0 -4.625 8.248
1152 193.0 -4.682 7.79
1164 193.0 -4.797 7.446
1176 193.0 -4.854 6.974
1188 193.0 -4.912 6.515
1200 193.0 -4.969 6.043
1176 183.0 -8.463 5.341
1188 183.0 -9.036 5.456
1200 183.0 -9.666 5.713
1212 183.0 -10.224 5.828
1224 183.0 -10.84 5.943
1236 183.0 -11.413 6.057
1248 183.0 -12.028 6.172
1260 183.0 -12.658 6.172
1200 355.0 -13.933 19.689
1212 355.0 -13.331 19.689
1224 355.0 -12.773 19.689
1236 355.0 -12.172 19.689
1248 355.0 -11.584 19.689
1260 355.0 -11.012 19.804
1272 355.0 -10.453 19.804
1284 355.0 -9.88 19.918
1224 198.0 -8.577 19.46
1236 198.0 -7.962 19.346
1248 198.0 -7.403 19.231
1260 198.0 -6.83 19.102
1272 198.0 -6.2 18.873
1284 198.0 -5.642 18.758
1296 198.0 -5.141 18.873
1308 198.0 -4.625 18.988
1284 185.0 6.014 33.951
1296 185.0 6.014 33.951
1308 185.0 6.014 33.951
1320 185.0 6.014 33.951
1332 185.0 6.014 33.951
1344 185.0 6.014 33.951
1356 185.0 6.014 33.951
1368 185.0 6.014 33.951
1332 195.0 -13.475 38.949
1344 195.0 -13.589 38.706
1356 195.0 -13.589 38.018
1368 195.0 -13.646 37.388
1380 195.0 -13.646 36.744
1392 195.0 -13.704 36.099
1404 195.0 -13.704 35.527
1416 195.0 -13.761 34.897
1356 194.0 -5.026 -0.215
1368 194.0 -5.026 -0.687
1380 194.0 -4.969 -1.146
1392 194.0 -4.969 -1.604
1404 194.0 -4.912 -2.076
1416 194.0 -4.912 -2.42
1428 194.0 -4.854 -2.893
1440 194.0 -4.854 -3.351
1440 356.0 -2.305 20.262
1452 356.0 -1.675 20.262
1464 356.0 -1.002 20.147
1476 356.0 -0.387 20.147
1488 356.0 0.243 20.033
1500 356.0 0.916 20.033
1512 356.0 1.375 20.033
1524 356.0 1.847 20.09
1464 199.0 2.964 18.873
1476 199.0 3.523 18.758
1488 199.0 4.081 18.63
1500 199.0 4.654 18.63
1512 199.0 5.198 18.63
1524 199.0 5.728 18.758
1536 199.0 6.344 18.816
1548 199.0 7.002 18.816
1572 196.0 -14.692 26.992
1584 196.0 -14.806 26.419
1596 196.0 -14.921 25.961
1608 196.0 -15.021 25.36
1620 196.0 -15.078 24.902
1632 196.0 -15.308 24.329
1644 196.0 -15.479 23.871
1656 196.0 -15.651 23.283
1572 240.0 11.756 19.346
1584 240.0 11.126 19.346
1596 240.0 10.553 19.346
1608 240.0 9.995 19.346
1620 240.0 9.437 19.346
1632 240.0 8.806 19.346
1644 240.0 8.234 19.346
1656 240.0 7.69 19.346
1680 357.0 9.293 18.515
1692 357.0 9.852 18.515
1704 357.0 10.367 18.401
1716 357.0 10.811 18.401
1728 357.0 11.327 18.286
1740 357.0 11.899 18.286
1752 357.0 12.458 18.286
1764 357.0 13.016 18.286
1788 259.0 -19.517 17.14
1800 259.0 -19.718 17.484
1812 259.0 -19.646 17.942
1824 259.0 -18.93 17.942
1836 259.0 -18.257 17.942
1848 259.0 -17.541 17.942
1860 259.0 -16.954 17.942
1872 259.0 -16.396 17.942
1812 241.0 -0.129 20.262
1824 241.0 -0.873 20.377
1836 241.0 -1.589 20.491
1848 241.0 -2.334 20.606
1860 241.0 -3.079 20.835
1872 241.0 -3.623 20.964
1884 241.0 -4.138 21.193
1896 241.0 -4.711 21.307
1884 255.0 8.076 -14.95
1896 255.0 7.503 -14.892
1908 255.0 6.945 -14.778
1920 255.0 6.315 -14.778
1932 255.0 5.986 -14.319
1944 255.0 5.642 -13.847
1956 255.0 5.355 -13.389
1968 255.0 5.026 -12.93
1920 358.0 16.469 18.06
1932 358.0 16.483 18.045
1944 358.0 16.496 18.031
1956 358.0 16.509 18.016
1968 358.0 16.523 18.001
1980 358.0 16.536 17.987
1992 358.0 16.55 17.972
2004 358.0 16.563 17.957
2004 262.0 6.086 33.837
2016 262.0 6.086 33.837
2028 262.0 6.086 33.837
2040 262.0 6.086 33.837
2052 262.0 6.086 33.837
2064 262.0 6.086 33.837
2076 262.0 6.086 33.837
2088 262.0 6.086 33.837
2028 260.0 -11.413 13.131
2040 260.0 -11.155 12.544
2052 260.0 -10.84 11.971
2064 260.0 -10.582 11.441
2076 260.0 -10.41 10.868
2088 260.0 -10.31 10.167
2100 260.0 -10.195 9.594
2112 260.0 -10.138 8.778
2052 242.0 -11.613 22.467
2064 242.0 -12.1 22.353
2076 242.0 -12.658 22.238
2088 242.0 -13.331 22.124
2100 242.0 -13.961 22.124
2112 242.0 -14.133 22.238
2124 242.0 -14.248 22.467
2136 242.0 -14.305 22.696
2124 256.0 4.138 -5.842
2136 256.0 4.196 -5.27
2148 256.0 4.196 -4.797
2160 256.0 4.253 -4.224
2172 256.0 4.31 -3.523
2184 256.0 4.367 -2.821
2196 256.0 4.482 -2.248
2208 256.0 4.597 -1.79
2160 359.0 16.738 17.766
2172 359.0 16.752 17.752
2184 359.0 16.765 17.737
2196 359.0 16.779 17.723
2208 359.0 16.792 17.708
2220 359.0 16.806 17.693
2232 359.0 16.819 17.679
2244 359.0 16.833 17.664
2172 363.0 19.446 6.458
2184 363.0 19.102 6.458
2196 363.0 18.773 6.458
2208 363.0 18.429 6.458
2220 363.0 18.085 6.458
2232 363.0 17.742 6.344
2244 363.0 17.183 6.344
2256 363.0 16.611 6.344
2244 263.0 6.086 33.837
2256 263.0 6.086 33.837
2268 263.0 6.086 33.837
2280 263.0 6.086 33.837
2292 263.0 6.086 33.837
2304 263.0 6.086 33.837
2316 263.0 6.086 33.837
2328 263.0 6.086 33.837
2268 261.0 -8.835 -0.158
2280 261.0 -8.663 -0.745
2292 261.0 -8.491 -1.203
2304 261.0 -8.32 -1.776
2316 261.0 -8.148 -2.248
2328 261.0 -7.99 -2.721
2340 261.0 -7.818 -3.293
2352 261.0 -7.661 -3.752
2364 257.0 4.94 4.826
2376 257.0 5.055 5.413
2388 257.0 5.169 5.986
2400 257.0 5.327 6.573
2412 257.0 5.384 7.031
2424 257.0 5.384 7.26
2436 257.0 5.384 7.389
2448 257.0 5.384 7.618
2400 360.0 16.281 17.828
2412 360.0 15.594 18.057
2424 360.0 14.964 18.171
2436 360.0 14.305 18.171
2448 360.0 13.618 18.171
2460 360.0 13.045 18.286
2472 360.0 12.472 18.286
2484 360.0 11.928 18.401
2412 364.0 9.608 6.114
2424 364.0 9.093 6.0
2436 364.0 8.577 6.0
2448 364.0 8.076 6.0
2460 364.0 7.518 6.114
2472 364.0 7.002 6.229
2484 364.0 6.372 6.229
2496 364.0 5.814 6.229
2484 264.0 6.086 33.837
2496 264.0 6.086 33.837
2508 264.0 6.086 33.837
2520 264.0 6.114 33.894
2532 264.0 6.172 34.009
2544 264.0 6.172 34.138
2556 264.0 6.229 34.195
2568 264.0 6.258 34.252
2496 266.0 4.797 33.665
2508 266.0 4.797 33.665
2520 266.0 4.797 33.665
2532 266.0 4.797 33.665
2544 266.0 4.797 33.665
2556 266.0 4.797 33.665
2568 266.0 4.797 33.665
2580 266.0 4.797 33.665
2604 258.0 7.031 13.246
2616 258.0 7.546 13.475
2628 258.0 8.205 13.36
2640 258.0 8.09 14.105
2652 258.0 8.778 13.761
2664 258.0 8.778 14.821
2676 258.0 9.179 15.164
2688 258.0 10.095 14.935
2640 361.0 3.737 19.804
2652 361.0 3.351 19.918
2664 361.0 3.293 19.575
2676 361.0 3.021 19.804
2688 361.0 2.449 20.377
2700 361.0 2.162 20.147
2712 361.0 1.819 19.804
2724 361.0 1.203 19.918
2652 365.0 -1.332 7.145
2664 365.0 -1.962 7.503
2676 365.0 -2.592 7.733
2688 365.0 -3.265 7.733
2700 365.0 -3.766 7.962
2712 365.0 -4.167 8.663
2724 365.0 -4.453 9.236
2736 365.0 -4.511 9.938
2724 265.0 6.401 34.954
2736 265.0 6.344 35.068
2748 265.0 6.344 35.068
2760 265.0 6.344 35.183
2772 265.0 6.344 35.183
2784 265.0 6.286 35.297
2796 265.0 6.286 35.297
2808 265.0 6.286 35.412
2736 267.0 4.797 33.665
2748 267.0 4.797 33.665
2760 267.0 4.797 33.665
2772 267.0 4.797 33.665
2784 267.0 4.797 33.665
2796 267.0 4.797 33.665
2808 267.0 4.797 33.665
2820 267.0 4.797 33.665
2880 362.0 -8.234 20.735
2892 362.0 -8.635 20.262
2904 362.0 -9.265 20.262
2916 362.0 -9.895 20.377
2928 362.0 -10.553 20.377
2940 362.0 -11.184 20.262
2952 362.0 -11.871 20.147
2964 362.0 -12.644 20.262
2892 366.0 -6.601 16.439
2904 366.0 -6.945 16.668
2916 366.0 -7.403 17.012
2928 366.0 -7.847 17.484
2940 366.0 -8.291 17.942
2952 366.0 -8.921 17.713
2964 366.0 -9.207 17.37
2976 366.0 -9.437 17.37
3408 98.0 2.334 -14.892
3420 98.0 2.563 -14.892
3432 98.0 2.85 -14.377
3444 98.0 2.893 -13.904
3456 98.0 2.95 -13.446
3468 98.0 3.007 -12.988
3480 98.0 3.064 -12.515
3492 98.0 3.122 -11.942
3468 158.0 6.83 -14.606
3480 158.0 6.315 -14.835
3492 158.0 5.928 -14.892
3504 158.0 5.527 -14.835
3516 158.0 5.083 -14.606
3528 158.0 4.797 -14.434
3540 158.0 4.625 -14.191
3552 158.0 4.453 -13.847
3648 99.0 4.024 -5.026
3660 99.0 4.024 -4.453
3672 99.0 4.024 -3.881
3684 99.0 4.024 -3.279
3696 99.0 4.024 -2.706
3708 99.0 4.024 -2.248
3720 99.0 4.024 -1.675
3732 99.0 4.024 -1.088
3708 159.0 4.052 -8.978
3720 159.0 4.11 -8.52
3732 159.0 4.167 -8.176
3744 159.0 4.224 -7.818
3756 159.0 4.282 -7.346
3768 159.0 4.282 -7.002
3780 159.0 4.282 -6.659
3792 159.0 4.224 -6.2
3888 100.0 4.081 5.656
3900 100.0 4.081 6.229
3912 100.0 4.081 6.802
3924 100.0 4.081 7.375
3936 100.0 4.081 7.976
3948 100.0 4.081 8.549
3960 100.0 4.081 9.121
3972 100.0 4.081 9.58
3948 160.0 3.551 -1.217
3960 160.0 3.437 -0.73
3972 160.0 3.379 -0.272
3984 160.0 3.322 -0.043
3996 160.0 3.322 0.301
4008 160.0 3.265 0.587
4020 160.0 3.265 0.988
4032 160.0 3.236 1.36
3972 95.0 -19.804 6.057
3984 95.0 -19.618 6.057
3996 95.0 -19.303 6.057
4008 95.0 -18.844 5.943
4020 95.0 -18.372 5.943
4032 95.0 -17.914 5.885
4044 95.0 -17.47 5.756
4056 95.0 -16.983 5.756
4128 101.0 4.453 16.84
4140 101.0 4.453 17.427
4152 101.0 4.453 18.0
4164 101.0 4.511 18.458
4176 101.0 4.511 19.045
4188 101.0 4.511 19.632
4200 101.0 4.568 20.09
4212 101.0 4.625 20.548
4164 153.0 16.081 18.171
4176 153.0 16.081 18.171
4188 153.0 15.852 18.171
4200 153.0 15.508 18.171
4212 153.0 15.179 18.171
4224 153.0 14.835 18.171
4236 153.0 14.491 18.171
4248 153.0 14.09 18.171
4164 205.0 16.081 17.198
4176 205.0 16.081 17.198
4188 205.0 15.794 17.083
4200 205.0 15.451 17.083
4212 205.0 15.121 17.083
4224 205.0 14.778 17.083
4236 205.0 14.377 17.083
4248 205.0 13.99 17.083
4188 161.0 3.966 6.515
4200 161.0 4.081 6.974
4212 161.0 4.138 7.317
4224 161.0 4.253 7.661
4236 161.0 4.31 7.661
4248 161.0 4.367 7.661
4260 161.0 4.425 7.79
4272 161.0 4.367 8.033
4200 211.0 16.725 17.427
4212 211.0 16.224 17.198
4224 211.0 15.823 17.312
4236 211.0 15.594 17.312
4248 211.0 15.265 17.312
4260 211.0 14.921 17.312
4272 211.0 14.577 17.312
4284 211.0 14.234 17.427
4200 223.0 16.696 18.401
4212 223.0 16.195 18.401
4224 223.0 15.852 18.401
4236 223.0 15.68 18.401
4248 223.0 15.336 18.401
4260 223.0 15.007 18.401
4272 223.0 14.663 18.401
4284 223.0 14.377 18.401
4212 96.0 -11.184 4.482
4224 96.0 -10.84 4.253
4236 96.0 -10.51 3.909
4248 96.0 -10.339 3.551
4260 96.0 -10.167 3.093
4272 96.0 -9.995 2.62
4284 96.0 -9.88 2.162
4296 96.0 -9.766 2.048
4320 316.0 -8.978 38.935
4332 316.0 -8.921 38.706
4344 316.0 -8.749 38.476
4356 316.0 -8.463 37.789
4368 316.0 -8.191 37.102
4380 316.0 -7.904 36.5
4392 316.0 -7.575 35.813
4404 316.0 -7.403 35.24
4344 200.0 5.327 -15.064
4356 200.0 5.155 -14.663
4368 200.0 4.969 -14.262
4380 200.0 4.768 -13.79
4392 200.0 4.568 -13.389
4404 200.0 4.396 -12.93
4416 200.0 4.282 -12.458
4428 200.0 4.224 -12.114
4368 102.0 4.568 27.508
4380 102.0 4.568 28.109
4392 102.0 4.568 28.682
4404 102.0 4.568 29.369
4416 102.0 4.511 29.956
4428 102.0 4.511 30.658
4440 102.0 4.511 31.231
4452 102.0 4.511 31.804
4404 154.0 9.823 18.114
4416 154.0 9.537 18.114
4428 154.0 9.265 18.114
4440 154.0 8.978 18.0
4452 154.0 8.692 18.0
4464 154.0 8.42 17.885
4476 154.0 8.076 17.885
4488 154.0 7.733 17.885
4404 206.0 9.737 16.725
4416 206.0 9.465 16.725
4428 206.0 9.121 16.725
4440 206.0 8.835 16.84
4452 206.0 8.491 16.84
4464 206.0 8.219 16.954
4476 206.0 7.876 16.954
4488 206.0 7.532 17.083
4428 162.0 4.883 13.704
4440 162.0 4.826 14.162
4452 162.0 4.826 14.649
4464 162.0 4.768 15.107
4476 162.0 4.654 15.565
4488 162.0 4.482 16.023
4500 162.0 4.31 16.482
4512 162.0 4.138 16.911
4440 212.0 10.224 17.77
4452 212.0 9.88 17.77
4464 212.0 9.551 17.885
4476 212.0 9.207 17.885
4488 212.0 8.864 17.885
4500 212.0 8.577 18.0
4512 212.0 8.248 17.942
4524 212.0 7.933 18.0
4440 224.0 10.138 18.644
4452 224.0 9.795 18.644
4464 224.0 9.522 18.758
4476 224.0 9.236 18.758
4488 224.0 8.95 18.758
4500 224.0 8.721 18.873
4512 224.0 8.391 18.873
4524 224.0 8.076 18.93
4452 97.0 -7.503 -3.179
4464 97.0 -7.346 -3.637
4476 97.0 -7.174 -3.995
4488 97.0 -6.945 -4.453
4500 97.0 -6.773 -4.797
4512 97.0 -6.515 -5.255
4524 97.0 -6.258 -5.613
4536 97.0 -5.986 -5.971
4524 274.0 -13.331 38.591
4536 274.0 -13.331 38.648
4548 274.0 -13.16 38.362
4560 274.0 -12.816 37.846
4572 274.0 -12.53 37.331
4584 274.0 -12.215 36.801
4596 274.0 -11.928 36.271
4608 274.0 -11.699 35.813
4560 317.0 -5.728 27.579
4572 317.0 -5.327 26.992
4584 317.0 -5.169 26.534
4596 317.0 -5.198 26.305
4608 317.0 -4.74 25.832
4620 317.0 -4.282 25.431
4632 317.0 -3.838 25.317
4644 317.0 -3.322 25.088
4584 201.0 3.766 -5.04
4596 201.0 3.766 -4.568
4608 201.0 3.766 -3.981
4620 201.0 3.709 -3.408
4632 201.0 3.709 -2.835
4644 201.0 3.709 -2.248
4656 201.0 3.651 -1.904
4668 201.0 3.594 -1.432
4644 155.0 3.709 17.942
4656 155.0 3.437 17.942
4668 155.0 3.093 17.942
4680 155.0 2.878 17.942
4692 155.0 2.649 17.942
4704 155.0 2.477 17.942
4716 155.0 2.248 17.942
4728 155.0 2.019 17.942
4644 207.0 3.122 16.84
4656 207.0 2.735 16.84
4668 207.0 2.449 16.969
4680 207.0 2.277 16.969
4692 207.0 2.048 17.083
4704 207.0 1.876 17.083
4716 207.0 1.704 17.198
4728 207.0 1.532 17.198
4668 163.0 3.293 23.169
4680 163.0 3.236 23.627
4692 163.0 3.208 23.985
4704 163.0 3.165 24.386
4716 163.0 3.165 24.959
4728 163.0 3.165 25.431
4740 163.0 3.165 26.018
4752 163.0 3.165 26.477
4680 213.0 4.024 18.114
4692 213.0 3.68 18.114
4704 213.0 3.408 18.114
4716 213.0 3.136 18.114
4728 213.0 2.964 18.114
4740 213.0 2.792 18.114
4752 213.0 2.563 18.114
4764 213.0 2.334 18.114
4680 225.0 4.253 19.288
4692 225.0 3.938 19.288
4704 225.0 3.594 19.288
4716 225.0 3.293 19.288
4728 225.0 2.964 19.288
4740 225.0 2.62 19.288
4752 225.0 2.277 19.288
4764 225.0 1.933 19.288
4764 275.0 -9.379 29.312
4776 275.0 -9.093 28.854
4788 275.0 -8.806 28.281
4800 275.0 -8.52 27.808
4812 275.0 -8.291 27.221
4824 275.0 -8.005 26.763
4836 275.0 -7.747 26.19
4848 275.0 -7.46 25.718
4800 318.0 3.293 21.365
4812 318.0 3.752 21.021
4824 318.0 4.196 20.792
4836 318.0 4.711 20.434
4848 318.0 5.212 20.09
4860 318.0 5.671 19.747
4872 318.0 6.172 19.389
4884 318.0 6.859 19.389
4812 217.0 16.782 18.343
4824 217.0 15.995 17.942
4836 217.0 15.422 17.942
4848 217.0 14.907 18.057
4860 217.0 14.42 18.171
4872 217.0 13.904 18.286
4884 217.0 13.331 18.401
4896 217.0 12.701 18.401
4812 220.0 16.725 17.14
4824 220.0 16.052 17.14
4836 220.0 15.537 17.198
4848 220.0 14.978 17.312
4860 220.0 14.463 17.312
4872 220.0 13.961 17.427
4884 220.0 13.446 17.427
4896 220.0 12.873 17.427
4824 202.0 3.537 4.955
4836 202.0 3.537 5.527
4848 202.0 3.537 6.1
4860 202.0 3.537 6.573
4872 202.0 3.537 7.16
4884 202.0 3.494 7.733
4896 202.0 3.222 8.191
4908 202.0 2.993 8.778
4884 156.0 -1.432 18.171
4896 156.0 -1.819 18.171
4908 156.0 -2.162 18.057
4920 156.0 -2.449 17.942
4932 156.0 -2.792 17.828
4944 156.0 -3.079 17.713
4956 156.0 -3.236 17.484
4968 156.0 -3.351 17.255
4884 208.0 -2.649 17.427
4896 208.0 -3.05 17.427
4908 208.0 -3.494 17.427
4920 208.0 -3.938 17.427
4932 208.0 -4.453 17.427
4944 208.0 -4.854 17.427
4956 208.0 -5.255 17.427
4968 208.0 -5.642 17.427
4908 164.0 3.551 31.574
4920 164.0 3.551 31.918
4932 164.0 3.551 32.162
4944 164.0 3.551 32.391
4956 164.0 3.551 32.749
4968 164.0 3.322 32.978
4980 164.0 3.165 33.207
4992 164.0 2.935 33.436
4920 214.0 -2.248 18.343
4932 214.0 -2.649 18.343
4944 214.0 -2.878 18.343
4956 214.0 -2.993 18.343
4968 214.0 -3.165 18.343
4980 214.0 -3.537 18.458
4992 214.0 -4.11 18.458
5004 214.0 -4.597 18.401
4920 226.0 -2.85 19.174
4932 226.0 -3.236 19.174
4944 226.0 -3.68 19.174
4956 226.0 -4.081 19.174
4968 226.0 -4.482 19.174
4980 226.0 -4.883 19.174
4992 226.0 -5.284 19.174
5004 226.0 -5.527 19.174
5004 276.0 -5.112 20.147
5016 276.0 -5.083 19.747
5028 276.0 -5.026 19.346
5040 276.0 -4.997 18.873
5052 276.0 -4.969 18.458
5064 276.0 -4.969 18.0
5076 276.0 -5.026 17.541
5088 276.0 -5.083 16.969
5040 319.0 15.093 18.458
5052 319.0 15.708 18.343
5064 319.0 16.339 18.114
5076 319.0 16.552 18.118
5088 319.0 16.549 18.123
5100 319.0 16.547 18.129
5112 319.0 16.544 18.135
5124 319.0 16.542 18.141
5052 218.0 5.413 18.816
5064 218.0 4.768 18.93
5076 218.0 4.196 18.93
5088 218.0 3.637 19.045
5100 218.0 3.007 19.174
5112 218.0 2.449 19.174
5124 218.0 1.876 19.288
5136 218.0 1.317 19.288
5052 221.0 5.642 17.656
5064 221.0 5.083 17.713
5076 221.0 4.453 17.713
5088 221.0 3.823 17.713
5100 221.0 3.208 17.828
5112 221.0 2.592 17.828
5124 221.0 1.962 17.828
5136 221.0 1.403 17.942
5064 203.0 -1.475 14.348
5076 203.0 -1.847 14.763
5088 203.0 -2.191 15.222
5100 203.0 -2.535 15.68
5112 203.0 -2.878 16.023
5124 203.0 -3.15 16.482
5136 203.0 -3.265 16.969
5148 203.0 -3.379 17.541
5124 157.0 -8.248 17.484
5136 157.0 -8.592 17.599
5148 157.0 -8.864 17.599
5160 157.0 -9.093 17.599
5172 157.0 -9.379 17.599
5184 157.0 -9.766 17.484
5196 157.0 -10.339 17.37
5208 157.0 -10.897 17.37
5124 209.0 -10.482 17.885
5136 209.0 -10.482 17.885
5148 209.0 -10.482 17.885
5160 209.0 -10.482 17.885
5172 209.0 -10.482 17.885
5184 209.0 -10.482 17.885
5196 209.0 -11.842 18.0
5208 209.0 -12.959 18.0
5148 165.0 -3.523 34.367
5160 165.0 -3.909 34.481
5172 165.0 -4.367 34.481
5184 165.0 -4.768 34.596
5196 165.0 -5.169 34.596
5208 165.0 -5.556 34.596
5220 165.0 -6.0 34.71
5232 165.0 -6.401 34.825
5160 215.0 -9.121 18.401
5172 215.0 -9.465 18.401
5184 215.0 -9.852 18.286
5196 215.0 -10.195 18.286
5208 215.0 -10.596 18.171
5220 215.0 -10.926 18.171
5232 215.0 -11.327 18.171
5244 215.0 -11.67 18.171
5160 227.0 -9.379 19.102
5172 227.0 -9.651 19.102
5184 227.0 -9.995 19.102
5196 227.0 -10.339 19.102
5208 227.0 -10.682 19.102
5220 227.0 -10.954 19.102
5232 227.0 -11.355 18.988
5244 227.0 -11.699 18.988
5220 288.0 2.964 38.82
5232 288.0 2.907 38.362
5244 288.0 2.85 38.018
5256 288.0 2.85 37.56
5268 288.0 2.792 37.216
5280 288.0 2.792 36.873
5292 288.0 2.735 36.157
5304 288.0 2.735 35.584
5244 277.0 -5.527 9.866
5256 277.0 -5.527 9.293
5268 277.0 -5.527 8.721
5280 277.0 -5.527 8.148
5292 277.0 -5.585 7.546
5304 277.0 -5.642 6.974
5316 277.0 -5.699 6.401
5328 277.0 -5.756 5.828
5280 320.0 16.508 18.217
5292 320.0 16.505 18.223
5304 320.0 16.503 18.229
5316 320.0 16.5 18.235
5328 320.0 16.498 18.241
5340 320.0 16.495 18.246
5352 320.0 16.493 18.252
5364 320.0 16.49 18.258
5292 219.0 -6.315 19.861
5304 219.0 -6.945 19.861
5316 219.0 -7.503 19.861
5328 219.0 -8.076 19.976
5340 219.0 -8.635 20.09
5352 219.0 -9.207 20.205
5364 219.0 -9.823 20.205
5376 219.0 -10.453 20.205
5292 222.0 -5.957 18.758
5304 222.0 -6.573 18.873
5316 222.0 -7.145 18.873
5328 222.0 -7.647 18.988
5340 222.0 -8.219 19.102
5352 222.0 -8.778 19.102
5364 222.0 -9.408 19.102
5376 222.0 -10.024 18.988
5304 139.0 1.561 -14.362
5316 139.0 1.733 -14.133
5328 139.0 1.904 -13.904
5340 139.0 2.076 -13.675
5352 139.0 2.191 -13.446
5364 139.0 2.363 -13.102
5376 139.0 2.42 -12.53
5388 139.0 2.477 -12.043
5304 204.0 -5.313 24.157
5316 204.0 -5.355 24.501
5328 204.0 -5.47 24.844
5340 204.0 -5.585 25.302
5352 204.0 -5.699 25.789
5364 204.0 -5.814 26.133
5376 204.0 -5.928 26.591
5388 204.0 -6.028 27.049
5364 210.0 -15.336 17.427
5376 210.0 -15.336 17.427
5388 210.0 -15.393 17.427
5400 210.0 -15.393 17.312
5412 210.0 -15.451 17.312
5424 210.0 -15.508 17.312
5436 210.0 -15.508 17.312
5448 210.0 -15.623 17.198
5400 216.0 -14.663 18.057
5412 216.0 -14.663 18.057
5424 216.0 -14.72 18.057
5436 216.0 -14.72 18.057
5448 216.0 -14.778 18.057
5460 216.0 -14.778 18.057
5472 216.0 -14.778 18.057
5484 216.0 -14.835 18.057
5400 228.0 -15.594 18.644
5412 228.0 -15.708 18.515
5424 228.0 -15.766 18.515
5436 228.0 -15.823 18.515
5448 228.0 -15.88 18.515
5460 228.0 -15.88 18.515
5472 228.0 -15.938 18.515
5484 228.0 -15.995 18.515
5460 289.0 2.85 27.565
5472 289.0 2.85 26.878
5484 289.0 2.907 26.19
5496 289.0 2.964 25.474
5508 289.0 2.85 24.844
5520 289.0 2.735 24.386
5532 289.0 2.85 23.584
5544 289.0 3.021 22.868
5484 278.0 -5.241 -0.444
5496 278.0 -5.083 -1.146
5508 278.0 -4.969 -1.733
5520 278.0 -4.826 -2.191
5532 278.0 -4.883 -2.649
5544 278.0 -4.94 -3.007
5556 278.0 -4.94 -3.351
5568 278.0 -4.997 -3.809
5520 321.0 16.456 18.334
5532 321.0 16.454 18.34
5544 321.0 16.451 18.346
5556 321.0 16.449 18.352
5568 321.0 16.446 18.358
5580 321.0 16.444 18.364
5592 321.0 16.441 18.37
5604 321.0 16.438 18.375
5544 140.0 3.293 -5.671
5556 140.0 3.408 -5.441
5568 140.0 3.465 -5.098
5580 140.0 3.58 -4.754
5592 140.0 3.523 -3.465
5604 140.0 3.408 -3.351
5616 140.0 3.408 -3.007
5628 140.0 3.408 -2.663
5700 290.0 3.795 15.107
5712 290.0 3.737 14.391
5724 290.0 3.737 13.704
5736 290.0 3.909 13.246
5748 290.0 4.024 12.787
5760 290.0 4.024 12.329
5772 290.0 3.966 11.499
5784 290.0 3.966 10.811
5724 279.0 -4.682 -10.382
5736 279.0 -4.797 -11.184
5748 279.0 -4.854 -11.756
5760 279.0 -4.854 -11.985
5772 279.0 -4.912 -12.114
5784 279.0 -4.912 -12.587
5796 279.0 -4.854 -12.93
5808 279.0 -4.854 -12.93
5760 322.0 16.405 18.451
5772 322.0 16.402 18.458
5784 322.0 16.4 18.463
5796 322.0 16.397 18.469
5808 322.0 16.281 18.114
5820 322.0 16.167 18.0
5832 322.0 15.995 17.77
5844 322.0 15.823 17.77
5784 141.0 3.379 2.964
5796 141.0 3.322 3.437
5808 141.0 3.265 3.909
5820 141.0 3.208 4.367
5832 141.0 3.208 4.826
5844 141.0 3.208 5.413
5856 141.0 3.265 6.0
5868 141.0 3.265 6.229
5940 291.0 4.081 2.449
5952 291.0 4.081 1.761
5964 291.0 4.081 1.189
5976 291.0 4.024 0.587
5988 291.0 3.966 0.129
6000 291.0 3.966 -0.329
6012 291.0 3.881 -0.845
6024 291.0 3.852 -1.389
5964 280.0 -4.969 -9.666
5976 280.0 -4.969 -9.437
5988 280.0 -4.912 -9.207
6000 280.0 -4.854 -8.978
6012 280.0 -4.854 -8.692
6024 280.0 -4.854 -8.348
6036 280.0 -4.854 -8.048
6048 280.0 -4.854 -7.647
6000 243.0 -3.465 -6.659
6012 243.0 -3.752 -5.957
6024 243.0 -4.024 -5.27
6036 243.0 -4.253 -4.453
6048 243.0 -4.539 -3.766
6060 243.0 -4.597 -3.064
6072 243.0 -4.625 -2.477
6084 243.0 -4.625 -1.79
6000 323.0 8.248 17.656
6012 323.0 7.489 18.057
6024 323.0 6.916 18.286
6036 323.0 6.344 18.286
6048 323.0 5.728 18.171
6060 323.0 5.169 18.171
6072 323.0 4.367 18.401
6084 323.0 3.623 18.644
6012 251.0 0.644 -14.362
6024 251.0 1.031 -14.42
6036 251.0 1.317 -14.305
6048 251.0 1.589 -14.191
6060 251.0 1.876 -14.019
6072 251.0 2.162 -13.904
6084 251.0 2.22 -13.331
6096 251.0 2.277 -12.873
6024 142.0 3.007 11.728
6036 142.0 2.921 12.2
6048 142.0 2.835 12.658
6060 142.0 2.764 13.188
6072 142.0 2.678 13.589
6084 142.0 2.563 14.062
6096 142.0 2.563 14.577
6108 142.0 2.62 15.035
6180 292.0 4.081 -8.806
6192 292.0 4.024 -9.379
6204 292.0 3.966 -9.966
6216 292.0 3.938 -10.439
6228 292.0 3.881 -11.012
6240 292.0 3.609 -11.012
6252 292.0 3.279 -11.871
6264 292.0 2.935 -12.587
6204 281.0 -4.11 -2.721
6216 281.0 -4.11 -2.477
6228 281.0 -4.11 -2.363
6240 281.0 -4.453 -1.317
6252 281.0 -4.511 -0.974
6264 281.0 -4.511 -0.63
6276 281.0 -4.511 -0.158
6288 281.0 -4.511 0.186
6204 297.0 -7.847 38.534
6216 297.0 -8.019 38.534
6228 297.0 -8.076 38.305
6240 297.0 -8.076 38.305
6252 297.0 -7.962 37.846
6264 297.0 -7.847 37.274
6276 297.0 -7.733 36.801
6288 297.0 -7.69 36.328
6240 244.0 -4.912 1.933
6252 244.0 -4.969 2.162
6264 244.0 -5.026 2.506
6276 244.0 -5.141 2.978
6288 244.0 -5.298 3.437
6300 244.0 -5.47 4.024
6312 244.0 -5.642 4.482
6324 244.0 -5.928 4.711
6240 324.0 -3.795 19.861
6252 324.0 -4.052 19.159
6264 324.0 -4.797 18.988
6276 324.0 -5.642 19.217
6288 324.0 -5.642 18.758
6300 324.0 -7.575 19.346
6312 324.0 -7.904 19.217
6324 324.0 -8.921 19.217
6252 252.0 3.637 -5.914
6264 252.0 3.68 -5.198
6276 252.0 3.737 -4.511
6288 252.0 3.68 -4.052
6300 252.0 3.637 -3.594
6312 252.0 3.523 -3.222
6324 252.0 3.523 -2.764
6336 252.0 3.68 -2.191
6264 143.0 0.745 19.331
6276 143.0 0.014 19.689
6288 143.0 -0.616 20.147
6300 143.0 -1.117 20.62
6312 143.0 -1.575 21.078
6324 143.0 -1.847 21.078
6336 143.0 -2.42 21.894
6348 143.0 -2.978 22.696
6312 268.0 -4.654 -14.248
6324 268.0 -4.654 -14.248
6336 268.0 -4.682 -14.248
6348 268.0 -4.682 -13.904
6360 268.0 -4.682 -13.331
6372 268.0 -4.654 -12.759
6384 268.0 -4.654 -12.172
6396 268.0 -4.597 -11.527
6420 293.0 1.1 -15.128
6432 293.0 1.097 -15.12
6444 293.0 1.095 -15.113
6456 293.0 1.093 -15.106
6468 293.0 1.09 -15.098
6480 293.0 1.088 -15.091
6492 293.0 1.085 -15.083
6504 293.0 1.083 -15.076
6444 282.0 -5.298 3.551
6456 282.0 -5.298 3.437
6468 282.0 -5.355 3.322
6480 282.0 -5.355 4.711
6492 282.0 -5.413 4.482
6504 282.0 -5.47 4.539
6516 282.0 -5.585 4.654
6528 282.0 -5.728 4.768
6444 298.0 -8.635 30.3
6456 298.0 -8.52 29.842
6468 298.0 -8.749 29.484
6480 298.0 -8.635 29.255
6492 298.0 -8.406 29.14
6504 298.0 -8.434 28.224
6516 298.0 -8.463 27.808
6528 298.0 -8.491 27.336
6480 245.0 -8.635 8.076
6492 245.0 -8.806 8.32
6504 245.0 -9.093 8.606
6516 245.0 -9.58 9.064
6528 245.0 -10.081 9.465
6540 245.0 -10.539 9.866
6552 245.0 -11.012 10.296
6564 245.0 -11.355 10.754
6492 253.0 4.138 5.055
6504 253.0 4.167 5.527
6516 253.0 4.167 5.943
6528 253.0 4.138 6.458
6540 253.0 4.138 6.916
6552 253.0 4.11 7.375
6564 253.0 4.081 7.79
6576 253.0 4.11 8.32
6504 144.0 -5.184 27.866
6516 144.0 -5.241 28.395
6528 144.0 -5.298 28.911
6540 144.0 -5.355 29.426
6552 144.0 -5.441 29.956
6564 144.0 -5.499 30.543
6576 144.0 -5.499 31.002
6588 144.0 -5.499 31.46
6516 249.0 -1.117 38.834
6528 249.0 -0.831 38.362
6540 249.0 -0.616 37.904
6552 249.0 -0.444 37.331
6564 249.0 -0.215 36.744
6576 249.0 0.014 36.271
6588 249.0 0.186 35.698
6600 249.0 0.415 35.126
6552 269.0 -4.997 -4.11
6564 269.0 -4.997 -3.537
6576 269.0 -5.055 -2.993
6588 269.0 -5.055 -2.42
6600 269.0 -5.112 -1.904
6612 269.0 -5.112 -1.446
6624 269.0 -5.112 -0.845
6636 269.0 -5.169 -0.329
6660 294.0 1.05 -14.978
6672 294.0 1.048 -14.971
6684 294.0 1.045 -14.964
6696 294.0 1.043 -14.956
6708 294.0 1.04 -14.948
6720 294.0 1.038 -14.941
6732 294.0 1.035 -14.933
6744 294.0 1.033 -14.926
6684 283.0 -6.659 5.298
6696 283.0 -6.716 5.169
6708 283.0 -6.716 5.169
6720 283.0 -6.773 5.169
6732 283.0 -6.773 5.169
6744 283.0 -6.773 5.169
6756 283.0 -6.601 5.298
6768 283.0 -6.487 5.298
6684 299.0 -9.15 22.238
6696 299.0 -9.207 21.894
6708 299.0 -9.207 21.665
6720 299.0 -9.207 21.422
6732 299.0 -9.207 20.835
6744 299.0 -9.15 20.377
6756 299.0 -9.15 19.918
6768 299.0 -9.093 19.575
6720 246.0 -14.019 18.758
6732 246.0 -13.847 19.217
6744 246.0 -13.618 19.689
6756 246.0 -13.503 20.262
6768 246.0 -13.561 20.835
6780 246.0 -13.618 21.422
6792 246.0 -13.732 22.009
6804 246.0 -13.79 22.582
6732 254.0 5.928 14.763
6744 254.0 6.2 15.222
6756 254.0 6.544 15.565
6768 254.0 6.945 15.794
6780 254.0 7.346 16.138
6792 254.0 7.79 16.367
6804 254.0 8.305 16.611
6816 254.0 8.806 16.725
6744 145.0 -5.957 37.274
6756 145.0 -6.057 37.617
6768 145.0 -6.057 37.961
6780 145.0 -6.114 38.305
6792 145.0 -6.114 38.72
6804 145.0 -6.114 39.063
6816 145.0 -6.114 39.063
6828 145.0 -6.114 39.063
6756 247.0 -10.811 39.579
6768 247.0 -11.212 38.763
6780 247.0 -11.327 38.305
6792 247.0 -11.384 37.732
6804 247.0 -11.441 37.102
6816 247.0 -11.556 36.5
6828 247.0 -11.613 35.928
6840 247.0 -11.67 35.297
6756 250.0 2.449 27.808
6768 250.0 2.563 27.221
6780 250.0 2.792 26.878
6792 250.0 3.064 26.534
6804 250.0 3.293 26.19
6816 250.0 3.465 25.718
6828 250.0 3.694 25.131
6840 250.0 3.852 24.672
6792 270.0 -4.883 5.642
6804 270.0 -4.883 5.642
6816 270.0 -4.883 5.642
6828 270.0 -4.883 5.642
6840 270.0 -4.94 5.642
6852 270.0 -4.997 5.771
6864 270.0 -4.997 5.771
6876 270.0 -4.997 5.885
6804 303.0 3.293 39.063
6816 303.0 3.465 38.72
6828 303.0 3.58 38.305
6840 303.0 3.523 37.846
6852 303.0 3.465 37.274
6864 303.0 3.408 36.801
6876 303.0 3.351 36.328
6888 303.0 3.293 35.87
6900 295.0 1.117 -14.778
6912 295.0 1.231 -14.663
6924 295.0 1.504 -14.076
6936 295.0 1.733 -13.618
6948 295.0 2.019 -13.045
6960 295.0 2.191 -12.458
6972 295.0 2.363 -11.871
6984 295.0 2.477 -11.184
6924 284.0 -6.888 5.642
6936 284.0 -7.002 5.642
6948 284.0 -7.117 5.885
6960 284.0 -7.231 6.114
6972 284.0 -7.346 6.344
6984 284.0 -7.346 6.344
6996 284.0 -7.403 6.344
7008 284.0 -7.46 6.515
6924 300.0 -8.577 15.393
6936 300.0 -8.577 14.821
6948 300.0 -8.52 14.348
6960 300.0 -8.463 13.876
6972 300.0 -8.463 13.303
6984 300.0 -8.406 12.845
6996 300.0 -8.248 12.487
7008 300.0 -8.048 12.086
6984 146.0 -5.911 39.106
6996 146.0 -5.895 39.11
7008 146.0 -5.879 39.113
7020 146.0 -5.863 39.116
7032 146.0 -5.847 39.12
7044 146.0 -5.832 39.123
7056 146.0 -5.816 39.126
7068 146.0 -5.8 39.13
6996 248.0 -12.959 27.694
7008 248.0 -13.102 27.107
7020 248.0 -13.274 26.591
7032 248.0 -13.446 26.018
7044 248.0 -13.589 25.417
7056 248.0 -13.818 24.844
7068 248.0 -14.162 24.157
7080 248.0 -14.491 23.584
7032 271.0 -5.585 13.761
7044 271.0 -5.585 14.277
7056 271.0 -5.556 14.992
7068 271.0 -5.556 15.68
7080 271.0 -5.499 16.367
7092 271.0 -5.441 17.083
7104 271.0 -5.384 17.427
7116 271.0 -5.327 17.885
7044 304.0 4.052 29.197
7056 304.0 4.081 28.739
7068 304.0 4.138 28.281
7080 304.0 4.196 27.808
7092 304.0 4.196 27.279
7104 304.0 4.253 26.82
7116 304.0 4.282 26.305
7128 304.0 4.339 25.847
7092 309.0 -5.083 38.892
7104 309.0 -5.141 38.648
7116 309.0 -5.241 38.305
7128 309.0 -5.298 38.075
7140 309.0 -5.355 37.846
7152 309.0 -5.413 37.274
7164 309.0 -5.527 36.686
7176 309.0 -5.642 35.985
7140 296.0 3.637 -3.351
7152 296.0 3.694 -2.649
7164 296.0 3.752 -1.962
7176 296.0 3.809 -1.26
7188 296.0 3.909 -0.687
7200 296.0 3.966 -0.215
7212 296.0 4.081 0.601
7224 296.0 4.196 1.403
7164 285.0 -7.876 10.697
7176 285.0 -7.876 11.269
7188 285.0 -7.933 11.842
7200 285.0 -7.99 12.429
7212 285.0 -8.105 13.131
7224 285.0 -8.162 13.704
7236 285.0 -8.219 14.291
7248 285.0 -8.334 14.763
7164 301.0 -5.756 6.458
7176 301.0 -5.699 6.0
7188 301.0 -5.642 5.527
7200 301.0 -5.585 5.169
7212 301.0 -5.527 4.826
7224 301.0 -5.47 4.367
7236 301.0 -5.413 4.024
7248 301.0 -5.355 3.566
7224 147.0 -5.595 39.173
7236 147.0 -5.579 39.176
7248 147.0 -5.564 39.179
7260 147.0 -5.548 39.183
7272 147.0 -5.532 39.186
7284 147.0 -5.516 39.19
7296 147.0 -5.501 39.193
7308 147.0 -5.485 39.196
7272 272.0 -7.704 22.181
7284 272.0 -7.704 22.295
7296 272.0 -7.704 22.295
7308 272.0 -7.647 22.295
7320 272.0 -7.647 22.295
7332 272.0 -7.647 22.41
7344 272.0 -7.647 22.41
7356 272.0 -7.589 22.41
7284 305.0 5.613 20.319
7296 305.0 5.957 19.747
7308 305.0 6.458 19.517
7320 305.0 7.145 19.403
7332 305.0 7.704 19.403
7344 305.0 7.818 19.288
7356 305.0 8.277 19.059
7368 305.0 8.663 18.801
7332 310.0 -5.585 28.567
7344 310.0 -5.585 28.109
7356 310.0 -5.585 27.622
7368 310.0 -5.585 27.049
7380 310.0 -5.527 26.477
7392 310.0 -5.527 25.904
7404 310.0 -5.47 25.302
7416 310.0 -5.47 24.73
7356 306.0 19.704 6.215
7368 306.0 19.704 6.215
7380 306.0 19.188 6.215
7392 306.0 18.572 6.272
7404 306.0 17.942 6.515
7416 306.0 17.37 6.515
7428 306.0 16.811 6.63
7440 306.0 16.195 6.63
7404 286.0 -9.265 20.72
7416 286.0 -9.437 21.322
7428 286.0 -9.551 21.894
7440 286.0 -9.608 22.238
7452 286.0 -9.651 22.467
7464 286.0 -9.823 22.811
7476 286.0 -9.995 23.155
7488 286.0 -10.11 23.641
7404 302.0 -5.126 -2.477
7416 302.0 -5.241 -2.935
7428 302.0 -5.298 -3.293
7440 302.0 -5.355 -3.766
7452 302.0 -5.413 -4.11
7464 302.0 -5.355 -4.568
7476 302.0 -5.298 -5.026
7488 302.0 -5.241 -5.499
7464 148.0 -5.298 38.892
7476 148.0 -5.27 38.648
7488 148.0 -5.212 38.19
7500 148.0 -5.212 37.617
7512 148.0 -5.212 36.93
7524 148.0 -5.184 36.271
7536 148.0 -5.198 35.641
7548 148.0 -5.169 35.011
7512 273.0 -8.348 26.935
7524 273.0 -8.52 27.508
7536 273.0 -8.692 28.109
7548 273.0 -8.864 28.567
7560 273.0 -9.007 29.14
7572 273.0 -9.207 29.713
7584 273.0 -9.351 30.2
7596 273.0 -9.522 30.773
7572 311.0 -5.184 18.572
7584 311.0 -5.241 18.171
7596 311.0 -5.298 17.828
7608 311.0 -5.355 17.37
7620 311.0 -5.355 17.026
7632 311.0 -5.413 16.553
7644 311.0 -5.47 16.081
7656 311.0 -5.527 15.737
7596 307.0 8.434 6.401
7608 307.0 7.818 6.286
7620 307.0 7.26 6.172
7632 307.0 6.63 6.172
7644 307.0 6.014 6.172
7656 307.0 5.384 6.172
7668 307.0 4.768 6.172
7680 307.0 4.196 6.172
7644 287.0 -11.785 29.541
7656 287.0 -11.942 30.014
7668 287.0 -12.057 30.486
7680 287.0 -12.172 30.944
7692 287.0 -12.286 31.288
7704 287.0 -12.401 31.746
7716 287.0 -12.515 32.09
7728 287.0 -12.572 32.577
7704 149.0 -5.527 28.796
7716 149.0 -5.355 28.338
7728 149.0 -5.255 27.98
7740 149.0 -5.083 27.508
7752 149.0 -4.969 27.049
7764 149.0 -4.854 26.591
7776 149.0 -4.854 26.018
7788 149.0 -4.854 25.546
7812 312.0 -3.379 10.296
7824 312.0 -3.15 9.809
7836 312.0 -2.864 9.465
7848 312.0 -2.535 9.007
7860 312.0 -2.248 8.549
7872 312.0 -1.962 8.09
7884 312.0 -1.632 7.604
7896 312.0 -1.346 7.145
7836 308.0 -4.282 5.47
7848 308.0 -4.912 5.47
7860 308.0 -5.47 5.47
7872 308.0 -6.143 5.47
7884 308.0 -6.83 5.585
7896 308.0 -7.46 5.585
7908 308.0 -8.076 5.585
7920 308.0 -8.635 5.585
7944 103.0 1.174 -14.663
7956 103.0 1.675 -14.606
7968 103.0 1.962 -14.377
7980 103.0 2.305 -14.019
7992 103.0 2.42 -13.446
8004 103.0 2.477 -12.873
8016 103.0 2.563 -12.229
8028 103.0 2.678 -11.584
7944 150.0 -4.74 18.572
7956 150.0 -4.682 18.0
7968 150.0 -4.682 17.541
7980 150.0 -4.625 17.083
7992 150.0 -4.625 16.496
8004 150.0 -4.597 16.023
8016 150.0 -4.597 15.508
8028 150.0 -4.597 15.107
8052 313.0 2.592 1.99
8064 313.0 2.878 1.418
8076 313.0 3.15 0.945
8088 313.0 3.437 0.473
8100 313.0 3.709 -0.1
8112 313.0 3.938 -0.558
8124 313.0 3.995 -1.146
8136 313.0 3.995 -1.847
8052 314.0 -19.804 35.068
8064 314.0 -19.589 35.297
8076 314.0 -19.36 35.527
8088 314.0 -19.074 35.412
8100 314.0 -18.73 35.183
8112 314.0 -18.401 34.954
8124 314.0 -18.057 34.954
8136 314.0 -17.713 34.954
8184 104.0 3.15 -3.881
8196 104.0 3.15 -3.293
8208 104.0 3.15 -2.706
8220 104.0 3.15 -2.134
8232 104.0 3.15 -1.675
8244 104.0 3.15 -1.088
8256 104.0 3.265 -0.501
8268 104.0 3.379 0.186
8184 151.0 -4.912 8.778
8196 151.0 -4.912 8.205
8208 151.0 -4.912 7.604
8220 151.0 -4.854 7.031
8232 151.0 -4.854 6.458
8244 151.0 -4.854 5.885
8256 151.0 -4.854 5.284
8268 151.0 -4.854 4.826
8184 231.0 16.023 16.725
8196 231.0 15.336 16.954
8208 231.0 14.663 17.069
8220 231.0 13.933 17.069
8232 231.0 13.188 17.069
8244 231.0 12.458 17.069
8256 231.0 11.899 17.183
8268 231.0 11.441 17.427
8292 315.0 -15.064 33.78
8304 315.0 -15.064 33.608
8316 315.0 -15.035 33.436
8328 315.0 -14.921 33.264
8340 315.0 -14.864 33.207
8352 315.0 -14.749 33.092
8364 315.0 -14.634 33.035
8376 315.0 -14.577 32.978
8424 105.0 3.723 8.549
8436 105.0 3.723 9.236
8448 105.0 3.723 9.809
8460 105.0 3.723 10.525
8472 105.0 3.723 11.098
8484 105.0 3.723 11.67
8496 105.0 3.723 12.386
8508 105.0 3.752 13.016
8424 152.0 -4.74 -2.019
8436 152.0 -4.797 -2.477
8448 152.0 -4.854 -2.935
8460 152.0 -4.854 -3.279
8472 152.0 -4.912 -3.766
8484 152.0 -4.969 -4.224
8496 152.0 -5.026 -4.682
8508 152.0 -5.055 -5.141
8424 232.0 6.172 17.656
8436 232.0 5.9 17.77
8448 232.0 5.499 17.541
8460 232.0 4.883 17.298
8472 232.0 4.253 17.183
8484 232.0 3.637 17.298
8496 232.0 3.236 17.77
8508 232.0 3.064 17.828
8508 112.0 19.675 10.468
8520 112.0 19.446 10.811
8532 112.0 19.274 11.384
8544 112.0 19.102 11.842
8556 112.0 18.816 12.2
8568 112.0 18.544 12.673
8580 112.0 18.315 13.131
8592 112.0 18.028 13.475
8568 235.0 -13.188 38.305
8580 235.0 -13.876 38.476
8592 235.0 -13.933 37.904
8604 235.0 -13.933 37.331
8616 235.0 -13.99 36.744
8628 235.0 -14.047 36.157
8640 235.0 -14.105 35.584
8652 235.0 -14.219 34.782
8628 14.0 0.53 -14.191
8640 14.0 0.53 -14.191
8652 14.0 0.702 -14.019
8664 14.0 0.916 -13.79
8676 14.0 1.088 -13.561
8688 14.0 1.317 -13.331
8700 14.0 1.489 -13.102
8712 14.0 1.704 -12.873
8628 56.0 2.592 -13.675
8640 56.0 2.42 -14.191
8652 56.0 2.62 -13.961
8664 56.0 2.85 -13.732
8676 56.0 3.122 -13.389
8688 56.0 3.351 -13.16
8700 56.0 3.58 -12.93
8712 56.0 3.795 -12.587
8652 35.0 1.618 -14.191
8664 35.0 1.79 -14.076
8676 35.0 1.933 -13.847
8688 35.0 2.105 -13.618
8700 35.0 2.277 -13.389
8712 35.0 2.449 -13.16
8724 35.0 2.678 -12.701
8736 35.0 2.907 -12.172
8664 106.0 3.766 21.494
8676 106.0 3.766 21.952
8688 106.0 3.766 22.525
8700 106.0 3.766 23.097
8712 106.0 3.766 23.584
8724 106.0 3.709 24.157
8736 106.0 3.709 24.844
8748 106.0 3.709 25.417
8664 233.0 -2.792 19.045
8676 233.0 -3.465 19.045
8688 233.0 -4.138 19.045
8700 233.0 -4.826 19.159
8712 233.0 -5.499 19.159
8724 233.0 -6.172 19.159
8736 233.0 -6.859 19.288
8748 233.0 -7.546 19.288
8748 113.0 12.687 17.541
8760 113.0 12.286 17.77
8772 113.0 11.942 18.0
8784 113.0 11.613 18.229
8796 113.0 11.155 18.458
8808 113.0 10.596 18.572
8820 113.0 10.081 18.701
8832 113.0 9.522 18.816
8868 15.0 2.85 -8.577
8880 15.0 2.907 -8.234
8892 15.0 2.964 -7.876
8904 15.0 2.964 -7.518
8916 15.0 2.964 -7.174
8928 15.0 2.964 -6.83
8940 15.0 2.964 -6.372
8952 15.0 3.007 -6.028
8868 57.0 4.826 -8.406
8880 57.0 4.883 -8.048
8892 57.0 4.997 -7.704
8904 57.0 4.997 -7.346
8916 57.0 4.997 -7.002
8928 57.0 4.997 -6.659
8940 57.0 4.997 -6.315
8952 57.0 4.997 -5.971
8892 36.0 3.966 -7.876
8904 36.0 3.966 -7.532
8916 36.0 3.966 -7.174
8928 36.0 3.966 -6.83
8940 36.0 3.966 -6.487
8952 36.0 3.966 -6.143
8964 36.0 3.966 -5.785
8976 36.0 3.966 -5.441
8904 107.0 3.208 33.665
8916 107.0 3.208 34.352
8928 107.0 3.208 34.954
8940 107.0 3.15 35.527
8952 107.0 3.093 36.214
8964 107.0 3.05 36.801
8976 107.0 2.993 37.503
8988 107.0 2.878 38.591
8904 234.0 -12.401 14.992
8916 234.0 -12.572 14.634
8928 234.0 -12.687 14.291
8940 234.0 -12.73 13.933
8952 234.0 -12.787 13.589
8964 234.0 -12.845 13.246
8976 234.0 -12.93 12.787
8988 234.0 -12.988 12.429
8916 229.0 -19.36 19.689
8928 229.0 -18.902 19.918
8940 229.0 -18.401 20.147
8952 229.0 -17.885 20.319
8964 229.0 -17.484 20.663
8976 229.0 -17.155 21.25
8988 229.0 -16.868 21.837
9000 229.0 -16.539 22.41
8988 114.0 4.94 22.868
9000 114.0 4.597 23.455
9012 114.0 4.711 23.527
9024 114.0 4.797 23.756
9036 114.0 4.797 24.214
9048 114.0 4.797 24.672
9060 114.0 4.797 25.131
9072 114.0 4.74 25.603
9108 16.0 2.749 -0.845
9120 16.0 2.721 -0.444
9132 16.0 2.692 -0.043
9144 16.0 2.721 0.415
9156 16.0 2.778 0.888
9168 16.0 2.835 1.346
9180 16.0 2.893 1.704
9192 16.0 2.893 2.048
9108 58.0 4.539 -1.504
9120 58.0 4.539 -0.916
9132 58.0 4.539 -0.444
9144 58.0 4.539 -0.1
9156 58.0 4.539 0.129
9168 58.0 4.539 0.358
9180 58.0 4.597 0.702
9192 58.0 4.597 1.06
9132 37.0 3.637 -0.558
9144 37.0 3.609 -0.158
9156 37.0 3.609 0.186
9168 37.0 3.637 0.587
9180 37.0 3.666 0.988
9192 37.0 3.694 1.36
9204 37.0 3.723 1.761
9216 37.0 3.752 2.105
9144 108.0 3.049 39.446
9156 108.0 3.044 39.438
9168 108.0 3.039 39.43
9180 108.0 3.034 39.421
9192 108.0 3.029 39.413
9204 108.0 3.025 39.404
9216 108.0 3.02 39.396
9228 108.0 3.015 39.387
9156 230.0 -12.3 28.682
9168 230.0 -12.014 29.255
9180 230.0 -11.728 29.842
9192 230.0 -11.441 30.3
9204 230.0 -11.098 30.887
9216 230.0 -10.811 31.46
9228 230.0 -10.639 32.033
9240 230.0 -10.468 32.634
9228 115.0 4.453 32.577
9240 115.0 4.511 32.92
9252 115.0 4.511 33.379
9264 115.0 4.453 33.722
9276 115.0 4.453 33.722
9288 115.0 4.453 33.722
9300 115.0 4.453 33.722
9312 115.0 4.453 33.722
9348 17.0 3.494 6.916
9360 17.0 3.551 7.26
9372 17.0 3.609 7.618
9384 17.0 3.609 7.962
9396 17.0 3.666 8.32
9408 17.0 3.723 8.663
9420 17.0 3.78 9.007
9432 17.0 3.78 9.351
9348 59.0 5.212 5.699
9360 59.0 5.212 5.943
9372 59.0 5.212 6.172
9384 59.0 5.098 6.401
9396 59.0 4.94 6.744
9408 59.0 4.826 6.974
9420 59.0 4.711 7.317
9432 59.0 4.597 7.675
9372 38.0 3.909 6.974
9384 38.0 3.809 7.317
9396 38.0 3.694 7.675
9408 38.0 3.58 7.904
9420 38.0 3.465 8.262
9432 38.0 3.293 8.491
9444 38.0 3.179 8.835
9456 38.0 3.064 9.179
9384 109.0 2.951 39.278
9396 109.0 2.946 39.269
9408 109.0 2.941 39.261
9420 109.0 2.936 39.252
9432 109.0 2.931 39.244
9444 109.0 2.926 39.236
9456 109.0 2.921 39.227
9468 109.0 2.916 39.219
9468 116.0 4.568 33.722
9480 116.0 4.568 33.722
9492 116.0 4.568 33.722
9504 116.0 4.597 33.608
9516 116.0 4.597 33.608
9528 116.0 4.597 33.608
9540 116.0 4.597 33.551
9552 116.0 4.597 33.493
9588 18.0 4.74 15.107
9600 18.0 4.854 15.336
9612 18.0 4.912 15.565
9624 18.0 4.969 15.794
9636 18.0 4.969 16.138
9648 18.0 4.969 16.381
9660 18.0 4.969 16.725
9672 18.0 4.912 16.954
9588 60.0 4.11 12.716
9600 60.0 4.11 13.188
9612 60.0 4.11 13.646
9624 60.0 4.11 14.119
9636 60.0 4.052 14.463
9648 60.0 3.995 14.692
9660 60.0 3.938 15.05
9672 60.0 3.881 15.279
9612 39.0 3.036 14.878
9624 39.0 3.036 15.107
9636 39.0 3.036 15.565
9648 39.0 3.093 16.138
9660 39.0 3.15 16.725
9672 39.0 3.208 17.198
9684 39.0 3.265 17.656
9696 39.0 3.265 18.0
9624 110.0 2.852 39.109
9636 110.0 2.847 39.1
9648 110.0 2.842 39.092
9660 110.0 2.838 39.084
9672 110.0 2.832 39.075
9684 110.0 2.828 39.067
9696 110.0 2.823 39.058
9708 110.0 2.818 39.05
9684 91.0 10.983 -15.064
9696 91.0 11.327 -14.95
9708 91.0 11.584 -14.663
9720 91.0 11.814 -14.434
9732 91.0 12.028 -14.319
9744 91.0 12.2 -14.205
9756 91.0 12.2 -14.076
9768 91.0 12.143 -13.961
9708 117.0 4.167 37.274
9720 117.0 4.11 37.846
9732 117.0 3.995 38.362
9744 117.0 3.995 38.834
9756 117.0 3.992 38.955
9768 117.0 3.986 38.965
9780 117.0 3.98 38.975
9792 117.0 3.974 38.985
9828 19.0 4.282 19.517
9840 19.0 4.224 19.517
9852 19.0 4.224 19.632
9864 19.0 4.224 19.861
9876 19.0 4.224 19.976
9888 19.0 4.224 20.205
9900 19.0 4.224 20.319
9912 19.0 4.196 20.548
9828 61.0 3.322 18.529
9840 61.0 3.322 18.758
9852 61.0 3.265 18.988
9864 61.0 3.265 18.988
9876 61.0 3.265 18.988
9888 61.0 3.265 19.102
9900 61.0 3.265 19.102
9912 61.0 3.265 19.217
9852 40.0 3.265 20.892
9864 40.0 3.265 20.892
9876 40.0 3.265 20.892
9888 40.0 3.265 20.892
9900 40.0 3.208 20.835
9912 40.0 3.15 20.72
9924 40.0 3.236 20.72
9936 40.0 3.351 20.72
9864 111.0 3.465 34.424
9876 111.0 3.637 33.837
9888 111.0 3.752 33.264
9900 111.0 3.909 32.448
9912 111.0 4.081 31.632
9924 111.0 4.101 31.417
9936 111.0 4.161 30.773
9948 111.0 4.221 30.128
9936 339.0 2.334 -14.319
9948 339.0 2.334 -14.892
9960 339.0 2.506 -14.549
9972 339.0 2.649 -14.09
9984 339.0 2.807 -13.675
9996 339.0 2.978 -13.217
10008 339.0 3.036 -12.701
10020 339.0 3.15 -12.229
9948 118.0 3.897 39.114
9960 118.0 3.891 39.124
9972 118.0 3.885 39.134
9984 118.0 3.879 39.144
9996 118.0 3.873 39.154
10008 118.0 3.867 39.164
10020 118.0 3.862 39.174
10032 118.0 3.856 39.184
10056 236.0 -1.117 -14.42
10068 236.0 -1.117 -14.076
10080 236.0 -1.174 -13.847
10092 236.0 -1.174 -13.618
10104 236.0 -1.231 -13.274
10116 236.0 -1.289 -12.93
10128 236.0 -1.289 -12.472
10140 236.0 -1.289 -11.985
10056 344.0 -2.563 -14.835
10068 344.0 -2.563 -14.835
10080 344.0 -2.62 -14.606
10092 344.0 -2.62 -14.205
10104 344.0 -2.62 -13.847
10116 344.0 -2.62 -13.446
10128 344.0 -2.62 -13.045
10140 344.0 -2.62 -12.701
10068 20.0 4.11 21.608
10080 20.0 4.11 21.608
10092 20.0 4.095 21.665
10104 20.0 4.095 21.665
10116 20.0 4.095 21.665
10128 20.0 4.095 21.665
10140 20.0 4.067 21.723
10152 20.0 4.067 21.723
10068 62.0 3.136 20.147
10080 62.0 3.136 20.147
10092 62.0 3.136 20.147
10104 62.0 3.136 20.147
10116 62.0 3.136 20.147
10128 62.0 3.107 20.147
10140 62.0 3.107 20.147
10152 62.0 3.107 20.147
10092 41.0 4.31 20.548
10104 41.0 4.31 20.548
10116 41.0 4.31 20.548
10128 41.0 4.367 20.548
10140 41.0 4.367 20.548
10152 41.0 4.367 20.663
10164 41.0 4.367 20.663
10176 41.0 4.425 20.663
10152 325.0 -19.947 16.954
10164 325.0 -19.618 16.84
10176 325.0 -19.102 16.84
10188 325.0 -18.587 16.84
10200 325.0 -18.085 16.84
10212 325.0 -17.584 16.84
10224 325.0 -17.069 16.84
10236 325.0 -16.553 16.84
10152 330.0 -20.033 17.942
10164 330.0 -19.818 17.599
10176 330.0 -19.303 17.599
10188 330.0 -18.787 17.599
10200 330.0 -18.286 17.599
10212 330.0 -17.77 17.599
10224 330.0 -17.269 17.599
10236 330.0 -16.754 17.599
10176 340.0 4.196 -5.542
10188 340.0 4.253 -5.083
10200 340.0 4.253 -4.625
10212 340.0 4.31 -4.167
10224 340.0 4.31 -3.709
10236 340.0 4.31 -3.222
10248 340.0 4.31 -2.649
10260 340.0 4.31 -2.076
10188 119.0 3.779 39.313
10200 119.0 3.773 39.323
10212 119.0 3.767 39.333
10224 119.0 3.761 39.343
10236 119.0 3.755 39.353
10248 119.0 3.749 39.363
10260 119.0 3.743 39.373
10272 119.0 3.737 39.383
10272 188.0 16.467 18.286
10284 188.0 16.023 18.286
10296 188.0 15.508 18.286
10308 188.0 15.007 18.286
10320 188.0 14.434 18.286
10332 188.0 13.933 18.401
10344 188.0 13.417 18.401
10356 188.0 12.859 18.401
10272 336.0 16.553 17.37
10284 336.0 15.995 17.255
10296 336.0 15.479 17.255
10308 336.0 14.978 17.255
10320 336.0 14.405 17.255
10332 336.0 13.847 17.255
10344 336.0 13.331 17.255
10356 336.0 12.773 17.255
10296 237.0 -1.461 -6.086
10308 237.0 -1.461 -5.613
10320 237.0 -1.461 -5.141
10332 237.0 -1.461 -4.682
10344 237.0 -1.461 -4.224
10356 237.0 -1.461 -3.766
10368 237.0 -1.461 -3.279
10380 237.0 -1.518 -2.821
10296 345.0 -2.835 -6.429
10308 345.0 -2.835 -5.971
10320 345.0 -2.778 -5.613
10332 345.0 -2.778 -5.141
10344 345.0 -2.778 -4.682
10356 345.0 -2.778 -4.224
10368 345.0 -2.735 -3.766
10380 345.0 -2.735 -3.408
10308 21.0 4.038 21.608
10320 21.0 4.038 21.608
10332 21.0 4.038 21.608
10344 21.0 4.038 21.608
10356 21.0 4.038 21.608
10368 21.0 4.038 21.608
10380 21.0 4.038 21.608
10392 21.0 4.038 21.608
10308 63.0 3.079 20.147
10320 63.0 3.079 20.147
10332 63.0 3.079 20.147
10344 63.0 3.079 20.147
10356 63.0 3.079 20.147
10368 63.0 3.079 20.147
10380 63.0 3.05 20.147
10392 63.0 3.05 20.147
10332 42.0 4.539 20.778
10344 42.0 4.539 20.778
10356 42.0 4.539 20.778
10368 42.0 4.539 20.778
10380 42.0 4.539 20.778
10392 42.0 4.539 20.778
10404 42.0 4.539 20.778
10416 42.0 4.539 20.778
10392 326.0 -9.766 16.725
10404 326.0 -9.265 16.725
10416 326.0 -8.749 16.725
10428 326.0 -8.305 16.611
10440 326.0 -7.847 16.611
10452 326.0 -7.446 16.496
10464 326.0 -7.002 16.496
10476 326.0 -6.601 16.496
10392 331.0 -9.966 17.484
10404 331.0 -9.508 17.484
10416 331.0 -9.007 17.484
10428 331.0 -8.563 17.484
10440 331.0 -8.105 17.484
10452 331.0 -7.647 17.37
10464 331.0 -7.246 17.37
10476 331.0 -6.802 17.255
10416 341.0 4.138 5.112
10428 341.0 4.138 5.599
10440 341.0 4.081 6.057
10452 341.0 3.966 6.515
10464 341.0 3.924 6.859
10476 341.0 3.866 7.317
10488 341.0 3.809 7.79
10500 341.0 3.809 8.262
10512 189.0 6.687 20.548
10524 189.0 6.401 21.021
10536 189.0 6.129 21.422
10548 189.0 5.871 21.952
10560 189.0 5.585 22.41
10572 189.0 5.298 22.811
10584 189.0 5.026 23.283
10596 189.0 4.797 23.813
10512 337.0 6.157 19.346
10524 337.0 5.814 19.918
10536 337.0 5.47 20.377
10548 337.0 5.155 20.964
10560 337.0 4.826 21.551
10572 337.0 4.482 22.009
10584 337.0 4.138 22.582
10596 337.0 3.838 23.169
10536 238.0 -1.79 2.678
10548 238.0 -1.847 3.021
10560 238.0 -1.847 3.379
10572 238.0 -1.904 3.795
10584 238.0 -1.962 4.138
10596 238.0 -1.962 4.482
10608 238.0 -2.019 4.883
10620 238.0 -2.019 5.355
10536 346.0 -2.835 2.048
10548 346.0 -2.864 2.449
10560 346.0 -2.893 2.907
10572 346.0 -2.921 3.322
10584 346.0 -2.95 3.68
10596 346.0 -2.978 4.081
10608 346.0 -3.007 4.539
10620 346.0 -3.036 4.94
10548 22.0 4.038 21.723
10560 22.0 4.038 21.723
10572 22.0 4.038 21.723
10584 22.0 4.038 21.723
10596 22.0 4.038 21.723
10608 22.0 4.038 21.723
10620 22.0 4.038 21.723
10632 22.0 4.038 21.723
10548 64.0 3.021 20.147
10560 64.0 3.021 20.147
10572 64.0 3.021 20.147
10584 64.0 3.021 20.205
10596 64.0 3.021 20.205
10608 64.0 3.021 20.205
10620 64.0 3.021 20.205
10632 64.0 3.021 20.262
10572 43.0 4.453 20.663
10584 43.0 4.453 20.663
10596 43.0 4.453 20.663
10608 43.0 4.425 20.663
10620 43.0 4.425 20.663
10632 43.0 4.425 20.663
10644 43.0 4.425 20.663
10656 43.0 4.396 20.663
10632 327.0 -1.317 13.417
10644 327.0 -1.088 13.074
10656 327.0 -0.916 12.73
10668 327.0 -0.745 12.257
10680 327.0 -0.587 11.785
10692 327.0 -0.415 11.327
10704 327.0 -0.243 10.983
10716 327.0 -0.072 10.525
10632 332.0 -1.203 14.649
10644 332.0 -0.802 14.277
10656 332.0 -0.53 13.933
10668 332.0 -0.301 13.475
10680 332.0 -0.072 13.016
10692 332.0 0.1 12.558
10704 332.0 0.329 12.071
10716 332.0 0.501 11.613
10656 335.0 5.255 22.639
10668 335.0 5.413 22.066
10680 335.0 5.585 21.494
10692 335.0 5.699 20.778
10704 335.0 5.871 20.205
10716 335.0 6.2 19.747
10728 335.0 6.716 19.517
10740 335.0 7.174 19.288
10656 342.0 3.737 15.393
10668 342.0 3.795 15.966
10680 342.0 3.909 16.553
10692 342.0 4.024 17.126
10704 342.0 4.081 17.713
10716 342.0 4.196 18.286
10728 342.0 4.367 18.873
10740 342.0 4.482 19.331
10752 338.0 2.592 29.541
10764 338.0 2.592 30.128
10776 338.0 2.535 30.601
10788 338.0 2.477 31.173
10800 338.0 2.477 31.746
10812 338.0 2.42 32.333
10824 338.0 2.363 32.806
10836 338.0 2.363 33.379
10776 239.0 -2.764 10.697
10788 239.0 -2.764 11.155
10800 239.0 -2.764 11.499
10812 239.0 -2.764 11.957
10824 239.0 -2.764 12.429
10836 239.0 -2.764 12.902
10848 239.0 -2.764 13.36
10860 239.0 -2.649 13.704
10776 347.0 -4.138 10.468
10788 347.0 -4.196 10.868
10800 347.0 -4.253 11.327
10812 347.0 -4.282 11.785
10824 347.0 -4.339 12.257
10836 347.0 -4.339 12.615
10848 347.0 -4.339 12.959
10860 347.0 -4.339 13.188
10788 23.0 4.067 21.665
10800 23.0 4.067 21.665
10812 23.0 4.067 21.665
10824 23.0 4.067 21.665
10836 23.0 4.067 21.665
10848 23.0 4.067 21.665
10860 23.0 4.067 21.665
10872 23.0 4.067 21.665
10788 65.0 2.993 20.434
10800 65.0 2.993 20.434
10812 65.0 2.993 20.434
10824 65.0 2.993 20.434
10836 65.0 2.993 20.491
10848 65.0 2.993 20.491
10860 65.0 2.993 20.491
10872 65.0 2.993 20.491
10812 44.0 4.282 20.606
10824 44.0 4.282 20.606
10836 44.0 4.282 20.606
10848 44.0 4.282 20.606
10860 44.0 4.253 20.606
10872 44.0 4.253 20.606
10884 44.0 4.253 20.606
10896 44.0 4.253 20.606
10872 328.0 2.477 4.482
10884 328.0 2.706 4.024
10896 328.0 2.821 3.68
10908 328.0 2.864 3.208
10920 328.0 2.978 2.85
10932 328.0 3.036 2.506
10944 328.0 3.093 2.048
10956 328.0 3.15 1.704
10872 333.0 3.265 5.599
10884 333.0 3.494 5.112
10896 333.0 3.666 4.768
10908 333.0 3.78 4.31
10920 333.0 3.881 3.852
10932 333.0 3.995 3.394
10944 333.0 4.11 2.907
10956 333.0 4.167 2.449
10896 343.0 4.081 26.305
10908 343.0 3.966 26.878
10920 343.0 3.966 27.579
10932 343.0 3.966 28.152
10944 343.0 3.966 28.739
10956 343.0 3.966 29.312
10968 343.0 3.966 30.014
10980 343.0 3.966 30.601
10920 49.0 1.317 38.82
10932 49.0 1.317 38.362
10944 49.0 1.317 38.018
10956 49.0 1.375 37.675
10968 49.0 1.375 37.331
10980 49.0 1.375 36.987
10992 49.0 1.489 36.271
11004 49.0 1.589 35.698
11016 348.0 -3.093 18.343
11028 348.0 -3.007 18.816
11040 348.0 -2.921 19.231
11052 348.0 -2.85 19.689
11064 348.0 -2.764 20.09
11076 348.0 -2.678 20.548
11088 348.0 -2.592 21.021
11100 348.0 -2.592 21.494
11028 24.0 4.067 21.665
11040 24.0 4.067 21.665
11052 24.0 4.067 21.665
11064 24.0 4.067 21.665
11076 24.0 4.067 21.665
11088 24.0 4.038 21.665
11100 24.0 4.038 21.665
11112 24.0 4.038 21.665
11028 66.0 2.993 20.677
11040 66.0 2.993 20.677
11052 66.0 2.993 20.677
11064 66.0 2.993 20.677
11076 66.0 2.993 20.677
11088 66.0 2.993 20.677
11100 66.0 2.993 20.677
11112 66.0 2.993 20.677
11052 45.0 4.167 20.548
11064 45.0 4.196 20.548
11076 45.0 4.196 20.548
11088 45.0 4.196 20.548
11100 45.0 4.196 20.548
11112 45.0 4.196 20.491
11124 45.0 4.196 20.491
11136 45.0 4.224 20.491
11112 32.0 4.067 24.343
11124 32.0 4.11 23.455
11136 32.0 4.224 22.983
11148 32.0 4.396 22.639
11160 32.0 4.511 22.181
11172 32.0 4.682 21.837
11184 32.0 4.74 21.365
11196 32.0 4.74 20.892
11112 329.0 3.236 -4.625
11124 329.0 3.236 -5.198
11136 329.0 3.179 -5.785
11148 329.0 3.122 -6.372
11160 329.0 3.122 -6.83
11172 329.0 3.064 -7.289
11184 329.0 3.064 -7.761
11196 329.0 3.064 -8.234
11112 334.0 4.31 -4.167
11124 334.0 4.253 -4.74
11136 334.0 4.196 -5.198
11148 334.0 4.138 -5.785
11160 334.0 4.081 -6.372
11172 334.0 4.024 -6.83
11184 334.0 3.966 -7.403
11196 334.0 3.966 -7.876
11124 27.0 -19.474 5.943
11136 27.0 -18.959 5.943
11148 27.0 -18.458 5.943
11160 27.0 -17.942 5.943
11172 27.0 -17.427 5.943
11184 27.0 -16.897 5.943
11196 27.0 -16.339 5.828
11208 27.0 -15.708 5.713
11124 81.0 4.883 23.398
11136 81.0 4.983 22.639
11148 81.0 5.098 22.181
11160 81.0 5.212 21.723
11172 81.0 5.327 21.25
11184 81.0 5.441 20.778
11196 81.0 5.384 20.434
11208 81.0 5.27 19.976
11136 11.0 -19.689 18.458
11148 11.0 -19.417 18.572
11160 11.0 -18.959 18.687
11172 11.0 -18.458 18.93
11184 11.0 -18.0 19.174
11196 11.0 -17.484 19.403
11208 11.0 -16.983 19.517
11220 11.0 -16.482 19.517
11136 74.0 4.826 24.143
11148 74.0 4.826 23.226
11160 74.0 4.926 22.754
11172 74.0 4.983 22.41
11184 74.0 5.098 21.952
11196 74.0 5.098 21.494
11208 74.0 5.04 21.136
11220 74.0 5.04 20.663
11160 50.0 4.138 27.279
11172 50.0 4.253 27.049
11184 50.0 4.711 25.775
11196 50.0 4.768 24.73
11208 50.0 4.826 23.928
11220 50.0 4.997 23.699
11232 50.0 5.112 23.57
11244 50.0 5.112 23.57
11256 349.0 -2.535 27.393
11268 349.0 -2.535 27.751
11280 349.0 -2.477 28.224
11292 349.0 -2.477 28.567
11304 349.0 -2.42 29.026
11316 349.0 -2.42 29.369
11328 349.0 -2.363 29.827
11340 349.0 -2.305 30.314
11268 25.0 4.009 21.723
11280 25.0 4.009 21.723
11292 25.0 4.009 21.723
11304 25.0 4.009 21.723
11316 25.0 4.009 21.723
11328 25.0 4.009 21.723
11340 25.0 3.981 21.723
11352 25.0 3.981 21.723
11268 67.0 3.021 20.735
11280 67.0 3.021 20.735
11292 67.0 3.021 20.735
11304 67.0 3.021 20.735
11316 67.0 3.021 20.735
11328 67.0 3.021 20.735
11340 67.0 3.05 20.735
11352 67.0 3.05 20.735
11292 46.0 4.282 20.491
11304 46.0 4.282 20.434
11316 46.0 4.31 20.434
11328 46.0 4.31 20.434
11340 46.0 4.31 20.434
11352 46.0 4.31 20.434
11364 46.0 4.31 20.434
11376 46.0 4.339 20.434
11352 30.0 16.582 17.885
11364 30.0 16.023 17.885
11376 30.0 15.451 18.0
11388 30.0 14.892 18.114
11400 30.0 14.319 18.229
11412 30.0 13.761 18.343
11424 30.0 13.131 18.458
11436 30.0 12.515 18.458
11352 33.0 3.666 18.572
11364 33.0 3.609 18.572
11376 33.0 3.551 18.572
11388 33.0 3.551 18.572
11400 33.0 3.551 18.458
11412 33.0 3.551 18.458
11424 33.0 3.551 18.343
11436 33.0 3.551 18.229
11364 28.0 -8.978 4.31
11376 28.0 -8.52 3.852
11388 28.0 -8.019 3.508
11400 28.0 -7.46 3.251
11412 28.0 -6.945 3.136
11424 28.0 -6.601 3.136
11436 28.0 -6.143 2.678
11448 28.0 -5.699 2.105
11364 82.0 4.31 17.312
11376 82.0 4.253 17.312
11388 82.0 4.253 17.198
11400 82.0 4.253 17.198
11412 82.0 4.196 17.198
11424 82.0 4.196 17.198
11436 82.0 4.196 17.083
11448 82.0 4.138 17.083
11376 12.0 -8.663 19.747
11388 12.0 -8.105 19.747
11400 12.0 -7.589 19.632
11412 12.0 -7.088 19.517
11424 12.0 -6.573 19.403
11436 12.0 -6.071 19.288
11448 12.0 -5.556 19.174
11460 12.0 -5.055 19.045
11376 75.0 4.31 18.229
11388 75.0 4.31 18.229
11400 75.0 4.31 18.229
11412 75.0 4.31 18.229
11424 75.0 4.31 18.229
11436 75.0 4.31 18.229
11448 75.0 4.31 18.229
11460 75.0 4.31 18.229
11400 51.0 5.327 17.083
11412 51.0 5.327 16.725
11424 51.0 5.327 16.367
11436 51.0 5.327 16.023
11448 51.0 5.327 15.68
11460 51.0 5.327 15.107
11472 51.0 5.384 14.405
11484 51.0 5.441 13.704
11436 123.0 5.198 -14.262
11448 123.0 4.625 -14.549
11460 123.0 4.11 -14.606
11472 123.0 3.609 -14.606
11484 123.0 3.093 -14.606
11496 123.0 2.42 -14.606
11508 123.0 1.704 -14.434
11520 123.0 1.06 -14.133
11508 26.0 3.952 21.837
11520 26.0 3.952 21.837
11532 26.0 3.952 21.837
11544 26.0 3.952 21.837
11556 26.0 3.981 21.837
11568 26.0 3.981 21.837
11580 26.0 3.981 21.894
11592 26.0 3.981 21.894
11508 68.0 3.036 20.792
11520 68.0 3.036 20.792
11532 68.0 3.036 20.906
11544 68.0 3.036 21.021
11556 68.0 3.036 21.021
11568 68.0 3.036 21.136
11580 68.0 3.036 21.136
11592 68.0 3.036 21.25
11532 47.0 4.367 20.319
11544 47.0 4.367 20.319
11556 47.0 4.367 20.319
11568 47.0 4.367 20.319
11580 47.0 4.367 20.319
11592 47.0 4.367 20.319
11604 47.0 4.367 20.319
11616 47.0 4.367 20.319
11592 31.0 5.298 21.436
11604 31.0 5.012 22.009
11616 31.0 4.74 22.582
11628 31.0 4.453 23.155
11640 31.0 4.167 23.871
11652 31.0 3.838 24.443
11664 31.0 3.551 25.016
11676 31.0 3.208 25.603
11592 34.0 3.723 16.782
11604 34.0 3.723 16.668
11616 34.0 3.752 16.324
11628 34.0 3.752 15.68
11640 34.0 3.752 15.05
11652 34.0 3.752 14.405
11664 34.0 3.694 13.818
11676 34.0 3.58 13.246
11604 29.0 -4.883 -4.682
11616 29.0 -4.768 -5.255
11628 29.0 -4.654 -5.728
11640 29.0 -4.539 -6.315
11652 29.0 -4.425 -6.773
11664 29.0 -4.253 -7.231
11676 29.0 -4.138 -7.818
11688 29.0 -4.024 -8.291
11604 83.0 4.282 14.992
11616 83.0 4.282 14.592
11628 83.0 4.196 14.105
11640 83.0 4.11 13.646
11652 83.0 4.038 13.131
11664 83.0 3.952 12.673
11676 83.0 3.895 12.071
11688 83.0 3.78 11.613
11616 13.0 1.632 18.458
11628 13.0 2.305 18.458
11640 13.0 3.036 18.458
11652 13.0 3.666 18.458
11664 13.0 3.895 18.229
11676 13.0 4.453 18.114
11688 13.0 5.069 18.114
11700 13.0 5.642 18.0
11616 76.0 3.408 15.623
11628 76.0 3.408 15.164
11640 76.0 3.408 14.577
11652 76.0 3.408 14.119
11664 76.0 3.351 13.417
11676 76.0 3.236 12.73
11688 76.0 3.179 11.914
11700 76.0 3.064 11.212
11640 52.0 4.052 5.828
11652 52.0 3.938 5.227
11664 52.0 3.881 4.654
11676 52.0 3.823 4.081
11688 52.0 3.78 3.494
11700 52.0 3.723 2.907
11712 52.0 3.609 2.334
11724 52.0 3.551 1.761
11676 124.0 -4.625 -8.749
11688 124.0 -4.969 -8.291
11700 124.0 -5.255 -7.69
11712 124.0 -5.527 -7.231
11724 124.0 -5.814 -6.773
11736 124.0 -6.028 -6.315
11748 124.0 -6.315 -5.857
11760 124.0 -6.716 -5.255
11748 69.0 3.007 22.181
11760 69.0 3.007 22.181
11772 69.0 3.007 22.295
11784 69.0 3.007 22.295
11796 69.0 3.007 22.41
11808 69.0 3.007 22.41
11820 69.0 3.007 22.525
11832 69.0 3.007 22.639
11772 48.0 4.711 20.319
11784 48.0 4.94 20.319
11796 48.0 5.384 19.976
11808 48.0 5.957 19.632
11820 48.0 6.401 19.403
11832 48.0 6.916 19.174
11844 48.0 7.589 19.059
11856 48.0 8.277 18.687
11844 84.0 4.167 4.768
11856 84.0 4.282 4.31
11868 84.0 4.396 3.737
11880 84.0 4.511 3.265
11892 84.0 4.568 2.792
11904 84.0 4.568 2.334
11916 84.0 4.568 1.876
11928 84.0 4.511 1.418
11856 77.0 3.523 4.367
11868 77.0 3.58 3.795
11880 77.0 3.694 3.322
11892 77.0 3.752 2.85
11904 77.0 3.752 2.62
11916 77.0 3.694 2.277
11928 77.0 3.637 2.048
11940 77.0 3.637 1.704
11880 53.0 3.995 -5.671
11892 53.0 4.052 -6.258
11904 53.0 4.11 -6.83
11916 53.0 4.167 -7.403
11928 53.0 4.167 -7.99
11940 53.0 4.224 -8.577
11952 53.0 4.224 -9.15
11964 53.0 4.282 -9.852
11916 88.0 -4.797 -14.835
11928 88.0 -4.797 -14.434
11940 88.0 -4.797 -13.961
11952 88.0 -4.912 -13.446
11964 88.0 -5.026 -12.873
11976 88.0 -5.141 -12.286
11988 88.0 -5.227 -11.699
12000 88.0 -5.227 -11.241
11916 125.0 -9.723 0.988
11928 125.0 -9.837 1.933
11940 125.0 -9.995 2.506
11952 125.0 -10.11 3.079
11964 125.0 -10.281 3.68
11976 125.0 -10.611 4.138
11988 125.0 -11.241 4.482
12000 125.0 -11.871 4.94
11988 70.0 2.706 28.209
12000 70.0 2.706 28.682
12012 70.0 2.706 29.026
12024 70.0 2.735 29.484
12036 70.0 2.764 29.899
12048 70.0 2.821 30.357
12060 70.0 2.85 30.83
12072 70.0 2.878 31.231
12048 55.0 4.024 31.517
12060 55.0 3.866 31.804
12072 55.0 3.78 32.09
12084 55.0 3.895 32.333
12096 55.0 3.995 32.691
12108 55.0 4.11 33.092
12120 55.0 4.167 33.665
12132 55.0 4.282 34.181
12084 85.0 4.768 -3.766
12096 85.0 4.826 -4.339
12108 85.0 4.883 -4.797
12120 85.0 4.94 -5.255
12132 85.0 4.826 -5.728
12144 85.0 4.768 -6.086
12156 85.0 4.768 -6.429
12168 85.0 4.768 -6.773
12096 78.0 3.823 -4.11
12108 78.0 3.938 -4.682
12120 78.0 4.11 -5.141
12132 78.0 4.052 -5.613
12144 78.0 4.052 -5.971
12156 78.0 4.052 -6.429
12168 78.0 4.052 -7.002
12180 78.0 4.052 -7.46
12108 132.0 -5.585 39.293
12120 132.0 -5.756 38.892
12132 132.0 -5.756 38.648
12144 132.0 -5.756 38.476
12156 132.0 -5.756 38.305
12168 132.0 -5.799 38.075
12180 132.0 -5.799 37.904
12192 132.0 -5.799 37.675
12120 54.0 7.79 -13.618
12132 54.0 8.348 -13.732
12144 54.0 8.921 -13.847
12156 54.0 9.379 -13.961
12168 54.0 9.823 -14.076
12180 54.0 10.281 -14.191
12192 54.0 10.725 -14.191
12204 54.0 11.098 -14.191
12156 89.0 -7.403 -5.083
12168 89.0 -7.575 -4.854
12180 89.0 -7.69 -4.625
12192 89.0 -7.847 -4.396
12204 89.0 -7.847 -4.167
12216 89.0 -7.904 -3.938
12228 89.0 -7.962 -3.823
12240 89.0 -7.99 -3.58
12156 126.0 -19.503 5.298
12168 126.0 -19.575 5.184
12180 126.0 -19.574 5.201
12192 126.0 -19.573 5.22
12204 126.0 -19.572 5.239
12216 126.0 -19.571 5.258
12228 126.0 -19.57 5.276
12240 126.0 -19.568 5.295
12180 71.0 3.723 30.758
12192 71.0 3.551 31.002
12204 71.0 3.494 31.345
12216 71.0 3.379 31.589
12228 71.0 3.322 31.932
12240 71.0 3.093 32.391
12252 71.0 2.878 32.963
12264 71.0 2.649 33.665
12324 86.0 4.854 -12.93
12336 86.0 4.912 -13.274
12348 86.0 5.083 -13.618
12360 86.0 5.241 -13.961
12372 86.0 5.413 -14.191
12384 86.0 5.671 -14.191
12396 86.0 6.071 -14.191
12408 86.0 6.515 -14.191
12336 79.0 3.823 -13.79
12348 79.0 4.052 -14.133
12360 79.0 4.282 -14.491
12372 79.0 4.511 -14.549
12384 79.0 4.854 -14.663
12396 79.0 5.47 -14.835
12408 79.0 5.9 -14.892
12420 79.0 6.229 -14.892
12348 133.0 -5.484 33.264
12360 133.0 -5.484 32.92
12372 133.0 -5.484 32.562
12384 133.0 -5.484 32.219
12396 133.0 -5.484 31.975
12408 133.0 -5.484 31.746
12420 133.0 -5.427 31.517
12432 133.0 -5.427 31.288
12396 90.0 -11.842 3.795
12408 90.0 -12.186 4.024
12420 90.0 -12.458 4.367
12432 90.0 -12.787 4.597
12444 90.0 -13.131 4.94
12456 90.0 -13.589 5.527
12468 90.0 -14.047 6.114
12480 90.0 -14.477 6.687
12396 127.0 -19.555 5.54
12408 127.0 -19.554 5.559
12420 127.0 -19.553 5.578
12432 127.0 -19.552 5.597
12444 127.0 -19.55 5.616
12456 127.0 -19.55 5.635
12468 127.0 -19.548 5.654
12480 127.0 -19.547 5.672
12420 72.0 -2.048 35.226
12432 72.0 -2.449 35.34
12444 72.0 -2.85 35.584
12456 72.0 -3.236 35.813
12468 72.0 -3.637 36.056
12480 72.0 -4.081 36.286
12492 72.0 -4.425 36.4
12504 72.0 -4.74 36.572
12564 87.0 11.327 -14.248
12576 87.0 11.613 -14.305
12588 87.0 11.885 -14.305
12600 87.0 12.114 -14.248
12612 87.0 12.343 -14.133
12624 87.0 12.572 -14.019
12636 87.0 12.802 -13.904
12648 87.0 13.031 -13.79
12576 80.0 11.413 -14.835
12588 80.0 11.756 -14.835
12600 80.0 12.114 -14.835
12612 80.0 12.401 -14.835
12624 80.0 12.687 -14.72
12636 80.0 12.959 -14.606
12648 80.0 13.246 -14.491
12660 80.0 13.532 -14.377
12576 92.0 1.79 38.362
12588 92.0 1.733 37.675
12600 92.0 1.733 36.987
12612 92.0 1.675 36.271
12624 92.0 1.632 35.584
12636 92.0 1.632 34.897
12648 92.0 1.675 34.181
12660 92.0 1.761 33.608
12588 134.0 -5.241 28.224
12600 134.0 -5.298 27.737
12612 134.0 -5.413 27.279
12624 134.0 -5.47 26.82
12636 134.0 -5.527 26.362
12648 134.0 -5.585 25.904
12660 134.0 -5.585 25.532
12672 134.0 -5.642 25.131
12636 128.0 -19.533 5.917
12648 128.0 -19.532 5.936
12660 128.0 -19.531 5.955
12672 128.0 -19.53 5.974
12684 128.0 -19.529 5.993
12696 128.0 -19.528 6.012
12708 128.0 -19.527 6.031
12720 128.0 -19.526 6.049
12708 176.0 -8.892 39.207
12720 176.0 -9.064 38.591
12732 176.0 -9.064 38.247
12744 176.0 -9.121 37.904
12756 176.0 -9.179 37.56
12768 176.0 -9.179 37.331
12780 176.0 -9.236 36.987
12792 176.0 -9.236 36.615
12756 171.0 -4.797 39.336
12768 171.0 -4.797 38.591
12780 171.0 -4.682 38.476
12792 171.0 -4.797 37.904
12804 171.0 -4.854 37.445
12816 171.0 -4.912 36.858
12828 171.0 -4.969 36.386
12840 171.0 -5.026 35.813
12792 73.0 19.503 17.541
12804 73.0 18.558 17.427
12816 73.0 18.486 17.427
12828 73.0 18.286 17.37
12840 73.0 18.143 17.255
12852 73.0 18.0 17.14
12864 73.0 18.0 17.14
12876 73.0 18.0 17.14
12816 93.0 2.792 24.443
12828 93.0 2.792 23.641
12840 93.0 2.85 22.925
12852 93.0 2.893 22.238
12864 93.0 2.893 21.551
12876 93.0 2.95 20.835
12888 93.0 3.007 20.147
12900 93.0 3.064 19.46
12828 135.0 -6.773 20.606
12840 135.0 -6.945 20.377
12852 135.0 -7.117 20.033
12864 135.0 -7.231 19.689
12876 135.0 -7.289 19.231
12888 135.0 -7.389 18.873
12900 135.0 -7.446 18.401
12912 135.0 -7.561 17.942
12876 129.0 -19.512 6.295
12888 129.0 -19.511 6.313
12900 129.0 -19.51 6.332
12912 129.0 -19.509 6.351
12924 129.0 -19.508 6.37
12936 129.0 -19.507 6.389
12948 129.0 -19.506 6.408
12960 129.0 -19.505 6.427
12948 177.0 -9.795 32.333
12960 177.0 -9.795 31.975
12972 177.0 -9.795 31.632
12984 177.0 -9.909 31.403
12996 177.0 -10.195 31.288
13008 177.0 -10.51 31.231
13020 177.0 -10.84 31.288
13032 177.0 -11.184 31.345
12996 172.0 -4.969 28.854
13008 172.0 -4.969 28.395
13020 172.0 -5.026 27.98
13032 172.0 -5.055 27.522
13044 172.0 -5.112 27.107
13056 172.0 -5.141 26.649
13068 172.0 -5.198 26.248
13080 172.0 -5.227 25.832
13056 94.0 3.021 9.938
13068 94.0 2.907 9.121
13080 94.0 2.85 8.434
13092 94.0 2.62 7.618
13104 94.0 2.391 6.916
13116 94.0 2.22 6.229
13128 94.0 2.048 5.527
13140 94.0 1.933 4.94
13068 136.0 -8.019 13.704
13080 136.0 -8.048 13.475
13092 136.0 -7.933 12.888
13104 136.0 -7.775 12.429
13116 136.0 -7.604 11.914
13128 136.0 -7.546 11.456
13140 136.0 -7.489 11.098
13152 136.0 -7.432 10.74
13116 130.0 -13.016 5.756
13128 130.0 -12.615 5.527
13140 130.0 -12.343 5.169
13152 130.0 -12.129 4.826
13164 130.0 -11.842 4.367
13176 130.0 -11.499 4.024
13188 130.0 -11.212 3.551
13200 130.0 -10.926 2.964
13188 178.0 -14.921 31.918
13200 178.0 -15.021 32.162
13212 178.0 -15.078 32.276
13224 178.0 -15.193 32.448
13236 178.0 -15.25 32.562
13248 178.0 -15.308 32.562
13260 178.0 -15.365 32.691
13272 178.0 -15.422 32.806
13236 173.0 -5.227 18.758
13248 173.0 -5.227 18.171
13260 173.0 -5.227 17.599
13272 173.0 -5.227 17.012
13284 173.0 -5.227 16.324
13296 173.0 -5.227 15.737
13308 173.0 -5.227 15.164
13320 173.0 -5.284 14.806
13308 121.0 -11.327 38.935
13320 121.0 -11.871 38.706
13332 121.0 -12.157 38.591
13344 121.0 -12.157 37.961
13356 121.0 -12.3 37.388
13368 121.0 -12.572 36.858
13380 121.0 -12.787 36.271
13392 121.0 -12.845 35.584
13308 137.0 -6.515 5.642
13320 137.0 -6.401 5.298
13332 137.0 -6.286 4.84
13344 137.0 -6.229 4.482
13356 137.0 -6.114 4.124
13368 137.0 -6.0 3.78
13380 137.0 -5.885 3.551
13392 137.0 -5.828 2.978
13356 131.0 -7.375 -4.339
13368 131.0 -7.031 -4.11
13380 131.0 -6.916 -4.339
13392 131.0 -6.744 -4.912
13404 131.0 -6.229 -4.912
13416 131.0 -5.728 -5.026
13428 131.0 -5.284 -5.255
13440 131.0 -4.768 -5.613
13428 179.0 -15.708 32.562
13440 179.0 -15.766 32.448
13452 179.0 -15.766 32.448
13464 179.0 -15.766 32.333
13476 179.0 -15.766 32.333
13488 179.0 -15.766 32.219
13500 179.0 -15.766 32.219
13512 179.0 -15.794 32.219
13476 174.0 -4.94 8.076
13488 174.0 -4.883 7.503
13500 174.0 -4.768 6.916
13512 174.0 -4.797 6.458
13524 174.0 -4.768 6.043
13536 174.0 -4.74 5.642
13548 174.0 -4.768 5.184
13560 174.0 -4.826 4.84
13500 120.0 -3.551 18.873
13512 120.0 -2.878 18.744
13524 120.0 -2.191 18.63
13536 120.0 -1.504 18.515
13548 120.0 -0.845 18.286
13560 120.0 -0.158 17.942
13572 120.0 0.473 17.713
13584 120.0 1.031 17.713
13512 169.0 2.85 39.178
13524 169.0 2.878 39.121
13536 169.0 2.878 38.834
13548 169.0 2.878 38.362
13560 169.0 2.821 37.904
13572 169.0 2.821 37.445
13584 169.0 2.878 36.744
13596 169.0 2.935 36.157
13548 122.0 -15.078 26.878
13560 122.0 -15.308 26.305
13572 122.0 -15.594 25.732
13584 122.0 -15.708 25.016
13596 122.0 -15.88 24.443
13608 122.0 -15.995 23.871
13620 122.0 -16.109 23.269
13632 122.0 -16.052 22.353
13548 138.0 -5.398 -2.019
13560 138.0 -5.398 -2.477
13572 138.0 -5.398 -2.935
13584 138.0 -5.398 -3.995
13596 138.0 -5.556 -3.995
13608 138.0 -5.556 -4.339
13620 138.0 -5.441 -4.797
13632 138.0 -5.556 -5.255
13584 166.0 -4.482 -14.72
13596 166.0 -4.482 -14.377
13608 166.0 -4.482 -13.904
13620 166.0 -4.482 -13.561
13632 166.0 -4.482 -13.16
13644 166.0 -4.482 -12.358
13656 166.0 -4.511 -11.699
13668 166.0 -4.511 -11.241
13620 168.0 3.838 39.178
13632 168.0 3.809 38.706
13644 168.0 3.838 38.362
13656 168.0 3.866 37.961
13668 168.0 3.924 37.388
13680 168.0 3.924 36.93
13692 168.0 4.024 36.328
13704 168.0 4.138 35.756
13668 180.0 -15.852 32.219
13680 180.0 -15.852 32.219
13692 180.0 -15.852 32.219
13704 180.0 -15.852 32.219
13716 180.0 -15.88 32.219
13728 180.0 -15.88 32.219
13740 180.0 -15.88 32.219
13752 180.0 -15.852 32.276
13716 175.0 -4.253 -1.776
13728 175.0 -4.196 -2.248
13740 175.0 -4.196 -2.721
13752 175.0 -4.024 -3.408
13764 175.0 -3.909 -3.981
13776 175.0 -3.795 -4.682
13788 175.0 -3.795 -5.384
13800 175.0 -3.752 -5.957
13752 170.0 3.551 29.77
13764 170.0 3.551 29.197
13776 170.0 3.609 28.281
13788 170.0 3.551 27.937
13800 170.0 3.494 27.68
13812 170.0 3.609 27.221
13824 170.0 3.723 26.649
13836 170.0 3.723 26.076
13824 167.0 -4.74 -3.823
13836 167.0 -4.711 -3.236
13848 167.0 -4.711 -2.592
13860 167.0 -4.768 -2.076
13872 167.0 -4.883 -1.604
13884 167.0 -4.826 -1.146
13896 167.0 -4.797 -0.63
13908 167.0 -4.854 -0.158
