0.0000 1.0000 -7.5020 25.5780
0.0000 3.0000 -6.9140 20.5400
0.0000 60.0000 -19.7260 7.9540
0.0000 25.0000 15.9070 9.6260
0.0000 15.0000 -20.9910 7.8630
0.0000 21.0000 -23.9290 8.5190
0.0000 11.0000 21.6920 22.0530
0.0000 17.0000 -21.4890 9.0830
0.0000 19.0000 -20.0420 9.2640
0.0000 70.0000 -25.1260 8.4060
0.0000 13.0000 15.7720 15.2300
0.0000 5.0000 -7.5020 23.5450
0.0000 9.0000 22.1660 23.9970
12.0000 60.0000 -19.7260 7.9540
12.0000 13.0000 15.7720 15.2300
12.0000 70.0000 -25.1260 8.4060
12.0000 5.0000 -7.3210 23.5450
12.0000 9.0000 22.0990 23.8160
12.0000 3.0000 -5.9200 19.9970
12.0000 11.0000 21.6920 22.0530
12.0000 17.0000 -21.4890 9.0830
12.0000 1.0000 -7.9990 24.6750
12.0000 21.0000 -23.9290 8.5190
12.0000 15.0000 -20.9910 7.8630
12.0000 25.0000 15.2300 9.4450
12.0000 19.0000 -20.0420 9.2640
24.0000 1.0000 -8.4060 23.9060
24.0000 21.0000 -23.9290 8.5190
24.0000 25.0000 14.5740 9.3550
24.0000 70.0000 -25.1260 8.4060
24.0000 60.0000 -19.7260 7.9540
24.0000 11.0000 21.6920 22.0530
24.0000 13.0000 15.7720 15.2300
24.0000 19.0000 -20.0420 9.2640
24.0000 17.0000 -21.4890 9.0830
24.0000 15.0000 -20.9910 7.8630
24.0000 3.0000 -4.9030 19.6130
24.0000 5.0000 -7.1630 23.5450
24.0000 9.0000 22.0990 23.8160
36.0000 11.0000 21.6920 22.0530
36.0000 9.0000 22.0990 23.8160
36.0000 15.0000 -20.9910 7.8630
36.0000 60.0000 -19.7260 7.9540
36.0000 21.0000 -23.9290 8.5190
36.0000 25.0000 13.8960 9.1740
36.0000 5.0000 -6.9140 23.6350
36.0000 1.0000 -8.8580 23.1830
36.0000 3.0000 -3.8860 19.0480
36.0000 17.0000 -21.4890 9.0830
36.0000 19.0000 -20.0420 9.2640
36.0000 13.0000 15.7720 15.2300
36.0000 70.0000 -25.1260 8.4060
48.0000 3.0000 -3.1410 18.8670
48.0000 9.0000 22.0990 23.8160
48.0000 19.0000 -20.0420 9.2640
48.0000 17.0000 -21.4890 9.0830
48.0000 70.0000 -25.1260 8.4060
48.0000 15.0000 -20.9910 7.8630
48.0000 60.0000 -19.7260 7.9540
48.0000 25.0000 13.2190 9.1740
48.0000 13.0000 15.7720 15.2300
48.0000 21.0000 -23.9290 8.5190
48.0000 11.0000 21.6920 22.0530
48.0000 1.0000 -9.2640 22.3250
48.0000 5.0000 -6.7340 23.6350
60.0000 17.0000 -21.4890 9.0830
60.0000 13.0000 15.7720 15.2300
60.0000 11.0000 21.6920 22.0530
60.0000 1.0000 -9.4900 21.7820
60.0000 25.0000 12.5630 9.0830
60.0000 15.0000 -20.9910 7.8630
60.0000 5.0000 -6.5080 23.8160
60.0000 9.0000 22.0990 23.8160
60.0000 70.0000 -25.1260 8.4060
60.0000 19.0000 -20.0420 9.2640
60.0000 60.0000 -19.7260 7.9540
60.0000 21.0000 -23.9290 8.5190
60.0000 3.0000 -2.5760 18.5060
72.0000 5.0000 -6.3270 23.8160
72.0000 19.0000 -20.0420 9.2640
72.0000 21.0000 -23.9290 8.5190
72.0000 11.0000 21.6920 22.0530
72.0000 1.0000 -9.8520 21.1950
72.0000 3.0000 -2.0560 18.3250
72.0000 60.0000 -19.7260 7.9540
72.0000 25.0000 11.9760 9.0830
72.0000 17.0000 -21.4890 9.0830
72.0000 70.0000 -25.1260 8.4060
72.0000 9.0000 22.0990 23.8160
72.0000 15.0000 -20.9910 7.8630
72.0000 13.0000 15.7720 15.2300
84.0000 21.0000 -23.9290 8.5190
84.0000 60.0000 -19.7260 7.9540
84.0000 25.0000 11.4560 9.0830
84.0000 9.0000 22.0990 23.8160
84.0000 15.0000 -20.9910 7.8630
84.0000 19.0000 -20.0420 9.2640
84.0000 5.0000 -6.0780 23.9970
84.0000 3.0000 -1.4690 17.9410
84.0000 70.0000 -25.1260 8.4060
84.0000 17.0000 -21.4890 9.0830
84.0000 1.0000 -10.0780 20.6530
84.0000 11.0000 21.6920 22.0530
84.0000 13.0000 15.7720 15.2300
96.0000 15.0000 -20.9910 7.8630
96.0000 13.0000 15.7720 15.2300
96.0000 19.0000 -20.0420 9.2640
96.0000 17.0000 -21.4890 9.0830
96.0000 25.0000 11.0490 9.0830
96.0000 1.0000 -10.4390 20.0650
96.0000 92.0000 -31.1820 7.0720
96.0000 11.0000 21.6920 22.0530
96.0000 70.0000 -25.1260 8.4060
96.0000 3.0000 -1.1300 17.7600
96.0000 5.0000 -5.8300 24.1770
96.0000 21.0000 -23.9290 8.5190
96.0000 60.0000 -19.7260 7.9540
96.0000 9.0000 22.0990 23.8160
108.0000 13.0000 15.7720 15.2300
108.0000 1.0000 -10.6650 19.5230
108.0000 92.0000 -31.0240 5.8070
108.0000 70.0000 -25.1260 8.4060
108.0000 3.0000 -1.0390 17.7600
108.0000 5.0000 -5.5590 24.3580
108.0000 60.0000 -19.7260 7.9540
108.0000 15.0000 -20.9910 7.8630
108.0000 17.0000 -21.4890 9.0830
108.0000 21.0000 -23.9290 8.5190
108.0000 25.0000 10.5750 9.0830
108.0000 19.0000 -20.0420 9.2640
108.0000 11.0000 21.6920 22.0530
108.0000 9.0000 22.0990 23.8160
120.0000 13.0000 15.7720 15.2300
120.0000 1.0000 -11.0270 18.9800
120.0000 92.0000 -30.7300 5.4460
120.0000 21.0000 -23.9290 8.5190
120.0000 11.0000 21.6920 22.0530
120.0000 70.0000 -25.1260 8.4060
120.0000 9.0000 22.0990 23.8160
120.0000 19.0000 -20.0420 9.2640
120.0000 3.0000 -0.8810 17.7600
120.0000 60.0000 -19.7260 7.9540
120.0000 15.0000 -20.9910 7.8630
120.0000 25.0000 10.1680 9.0830
120.0000 5.0000 -5.4230 24.5840
120.0000 17.0000 -21.4890 9.0830
132.0000 70.0000 -25.1260 8.4060
132.0000 60.0000 -19.7260 7.9540
132.0000 92.0000 -30.4140 5.0610
132.0000 25.0000 9.4220 8.9030
132.0000 19.0000 -20.0420 9.2640
132.0000 21.0000 -23.9290 8.5190
132.0000 13.0000 15.7720 15.2300
132.0000 3.0000 -0.8130 17.6470
132.0000 15.0000 -20.9910 7.8630
132.0000 11.0000 21.6920 22.0530
132.0000 1.0000 -11.2530 18.3930
132.0000 9.0000 22.0310 23.6350
132.0000 5.0000 -5.1520 24.7650
132.0000 17.0000 -21.4890 9.0830
144.0000 92.0000 -29.9850 4.9710
144.0000 19.0000 -20.0420 9.2640
144.0000 5.0000 -4.9030 24.9460
144.0000 70.0000 -25.1260 8.4060
144.0000 21.0000 -23.9290 8.5190
144.0000 9.0000 22.0310 23.6350
144.0000 60.0000 -19.7260 7.9540
144.0000 15.0000 -20.9910 7.8630
144.0000 13.0000 15.7720 15.2300
144.0000 3.0000 -0.7230 17.6470
144.0000 11.0000 21.6920 22.0530
144.0000 1.0000 -11.5240 17.6700
144.0000 25.0000 8.7450 8.6990
144.0000 17.0000 -21.4890 9.0830
156.0000 60.0000 -19.7260 7.9540
156.0000 21.0000 -23.9290 8.5190
156.0000 9.0000 22.0310 23.6350
156.0000 13.0000 15.7720 15.2300
156.0000 25.0000 8.0670 8.5190
156.0000 19.0000 -20.0420 9.2640
156.0000 70.0000 -25.1260 8.4060
156.0000 15.0000 -20.9910 7.8630
156.0000 11.0000 21.6920 22.0530
156.0000 1.0000 -11.8400 16.9020
156.0000 92.0000 -29.6510 4.9640
156.0000 17.0000 -21.4890 9.0830
156.0000 3.0000 -0.6330 17.4670
156.0000 5.0000 -4.6550 25.1260
168.0000 25.0000 7.4110 8.3150
168.0000 21.0000 -23.9290 8.5190
168.0000 11.0000 21.6920 22.0530
168.0000 9.0000 22.0310 23.6350
168.0000 13.0000 15.7720 15.2300
168.0000 60.0000 -19.7260 7.9540
168.0000 3.0000 -0.5420 17.4670
168.0000 19.0000 -20.0420 9.2640
168.0000 15.0000 -20.9910 7.8630
168.0000 70.0000 -25.1260 8.4060
168.0000 1.0000 -12.1110 16.1790
168.0000 92.0000 -29.6610 4.9490
168.0000 17.0000 -21.4890 9.0830
168.0000 5.0000 -4.3160 25.3070
180.0000 60.0000 -19.7260 7.9540
180.0000 5.0000 -3.7960 25.3070
180.0000 25.0000 6.9140 8.3150
180.0000 1.0000 -12.3370 15.4100
180.0000 70.0000 -25.1260 8.4060
180.0000 3.0000 -0.5420 17.4670
180.0000 92.0000 -29.6710 4.9340
180.0000 9.0000 22.0310 23.6350
180.0000 13.0000 15.7720 15.2300
180.0000 17.0000 -21.4890 9.0830
180.0000 19.0000 -20.0420 9.2640
180.0000 11.0000 21.6920 22.0530
180.0000 21.0000 -23.9290 8.5190
180.0000 15.0000 -20.9910 7.8630
192.0000 9.0000 22.0310 23.6350
192.0000 3.0000 -0.4520 17.2860
192.0000 19.0000 -20.0420 9.2640
192.0000 11.0000 21.6920 22.0530
192.0000 5.0000 -3.2990 25.3070
192.0000 1.0000 -12.6080 14.6870
192.0000 60.0000 -19.7260 7.9540
192.0000 21.0000 -23.9290 8.5190
192.0000 15.0000 -20.9910 7.8630
192.0000 70.0000 -25.1260 8.4060
192.0000 25.0000 6.3950 8.3150
192.0000 17.0000 -21.4890 9.0830
192.0000 92.0000 -29.6810 4.9200
192.0000 13.0000 15.7720 15.2300
204.0000 1.0000 -12.8570 14.1000
204.0000 15.0000 -20.9910 7.8630
204.0000 17.0000 -21.4890 9.0830
204.0000 19.0000 -20.0420 9.2640
204.0000 3.0000 -0.3840 17.2860
204.0000 92.0000 -29.6910 4.9050
204.0000 13.0000 15.7720 15.2300
204.0000 70.0000 -25.1260 8.4060
204.0000 9.0000 22.0310 23.6350
204.0000 60.0000 -19.7260 7.9540
204.0000 21.0000 -23.9290 8.5190
204.0000 11.0000 21.6920 22.0530
204.0000 25.0000 5.9880 8.3150
204.0000 5.0000 -2.9830 25.4880
216.0000 60.0000 -19.7260 7.9540
216.0000 70.0000 -25.1260 8.4060
216.0000 25.0000 5.4680 8.3150
216.0000 17.0000 -21.4890 9.0830
216.0000 21.0000 -23.9290 8.5190
216.0000 13.0000 15.7720 15.2300
216.0000 5.0000 -2.9830 25.4880
216.0000 15.0000 -20.9910 7.8630
216.0000 9.0000 22.0310 23.6350
216.0000 3.0000 -0.3840 17.1050
216.0000 19.0000 -20.0420 9.2640
216.0000 92.0000 -29.7010 4.8900
216.0000 11.0000 21.6920 22.0530
216.0000 1.0000 -13.1060 13.7380
228.0000 9.0000 22.0310 23.6350
228.0000 17.0000 -21.4890 9.0830
228.0000 15.0000 -20.9910 7.8630
228.0000 21.0000 -23.9290 8.5190
228.0000 92.0000 -29.7120 4.8760
228.0000 60.0000 -19.7260 7.9540
228.0000 25.0000 4.9710 8.5190
228.0000 5.0000 -2.9830 25.4880
228.0000 13.0000 15.7720 15.2300
228.0000 1.0000 -13.2860 13.1960
228.0000 3.0000 -0.3160 17.1050
228.0000 19.0000 -20.0420 9.2640
228.0000 11.0000 21.6920 22.0530
228.0000 70.0000 -25.1260 8.4060
240.0000 20.0000 -20.0420 9.2640
240.0000 14.0000 15.7720 15.2300
240.0000 4.0000 -0.2260 17.1050
240.0000 71.0000 -25.1260 8.4060
240.0000 26.0000 4.3840 8.5190
240.0000 22.0000 -23.9290 8.5190
240.0000 12.0000 21.6920 22.0530
240.0000 18.0000 -21.4890 9.0830
240.0000 10.0000 22.0310 23.6350
240.0000 92.0000 -29.7220 4.8610
240.0000 61.0000 -19.7260 7.9540
240.0000 6.0000 -2.5760 25.4880
240.0000 16.0000 -20.9910 7.8630
252.0000 26.0000 3.7960 8.6990
252.0000 61.0000 -19.7260 7.9540
252.0000 10.0000 21.9400 23.6350
252.0000 71.0000 -25.1260 8.4060
252.0000 6.0000 -1.9880 25.4880
252.0000 20.0000 -20.0420 9.2640
252.0000 12.0000 21.6920 22.0530
252.0000 4.0000 -0.2260 16.9240
252.0000 14.0000 15.7720 15.2300
252.0000 18.0000 -21.4890 9.0830
252.0000 92.0000 -29.7320 4.8460
252.0000 16.0000 -20.9910 7.8630
252.0000 22.0000 -23.9290 8.5190
264.0000 22.0000 -23.9290 8.5190
264.0000 12.0000 21.6920 22.0530
264.0000 26.0000 3.2090 8.6990
264.0000 20.0000 -20.0420 9.2640
264.0000 10.0000 21.9400 23.6350
264.0000 14.0000 15.7720 15.2300
264.0000 18.0000 -21.4890 9.0830
264.0000 61.0000 -19.7260 7.9540
264.0000 71.0000 -25.1260 8.4060
264.0000 16.0000 -20.9910 7.8630
264.0000 92.0000 -29.7420 4.8310
264.0000 6.0000 -1.4010 25.4880
264.0000 4.0000 -0.1360 16.9240
276.0000 26.0000 2.7110 8.6990
276.0000 22.0000 -23.9290 8.5190
276.0000 12.0000 21.6920 22.0530
276.0000 20.0000 -20.0420 9.2640
276.0000 10.0000 21.9400 23.6350
276.0000 4.0000 0.1360 16.7210
276.0000 71.0000 -25.1260 8.4060
276.0000 14.0000 15.7720 15.2300
276.0000 18.0000 -21.4890 9.0830
276.0000 6.0000 -0.8810 25.4880
276.0000 92.0000 -29.7520 4.8170
276.0000 61.0000 -19.7260 7.9540
276.0000 16.0000 -20.9910 7.8630
288.0000 18.0000 -21.4890 9.0830
288.0000 4.0000 0.5420 16.7210
288.0000 92.0000 -29.7620 4.8030
288.0000 20.0000 -20.0420 9.2640
288.0000 16.0000 -20.9910 7.8630
288.0000 14.0000 15.7720 15.2300
288.0000 22.0000 -23.9290 8.5190
288.0000 12.0000 21.6920 22.0530
288.0000 6.0000 -0.3160 25.4880
288.0000 10.0000 21.9400 23.6350
288.0000 71.0000 -25.1260 8.4060
288.0000 61.0000 -19.7260 7.9540
288.0000 26.0000 2.3050 8.5190
300.0000 14.0000 15.7720 15.2300
300.0000 6.0000 0.2710 25.4880
300.0000 4.0000 0.9490 16.5400
300.0000 92.0000 -29.7720 4.7880
300.0000 12.0000 21.6920 22.0530
300.0000 71.0000 -25.1260 8.4060
300.0000 10.0000 21.9400 23.6350
300.0000 20.0000 -20.0420 9.2640
300.0000 16.0000 -20.9910 7.8630
300.0000 61.0000 -19.7260 7.9540
300.0000 26.0000 1.8080 8.3150
300.0000 22.0000 -23.9290 8.5190
300.0000 18.0000 -21.4890 9.0830
312.0000 92.0000 -29.7830 4.7730
312.0000 26.0000 1.1300 8.3150
312.0000 18.0000 -21.4890 9.0830
312.0000 14.0000 15.7720 15.2300
312.0000 12.0000 21.6920 22.0530
312.0000 6.0000 0.8590 25.4880
312.0000 10.0000 21.9400 23.6350
312.0000 4.0000 1.3780 16.5400
312.0000 16.0000 -20.9910 7.8630
312.0000 71.0000 -25.1260 8.4060
312.0000 61.0000 -19.7260 7.9540
312.0000 22.0000 -23.9290 8.5190
312.0000 20.0000 -20.0420 9.2640
324.0000 16.0000 -20.9910 7.8630
324.0000 26.0000 0.5420 8.3150
324.0000 14.0000 15.7720 15.2300
324.0000 22.0000 -23.9290 8.5190
324.0000 6.0000 1.4460 25.4880
324.0000 18.0000 -21.4890 9.0830
324.0000 61.0000 -19.7260 7.9540
324.0000 20.0000 -20.0420 9.2640
324.0000 12.0000 21.6920 22.0530
324.0000 4.0000 1.8080 16.3370
324.0000 71.0000 -25.1260 8.4060
324.0000 10.0000 21.9400 23.6350
324.0000 92.0000 -29.7930 4.7580
336.0000 26.0000 -0.0450 8.5190
336.0000 61.0000 -19.7260 7.9540
336.0000 20.0000 -20.0420 9.2640
336.0000 16.0000 -20.9910 7.8630
336.0000 93.0000 -29.8030 4.7440
336.0000 71.0000 -25.1260 8.4060
336.0000 18.0000 -21.4890 9.0830
336.0000 22.0000 -23.9290 8.5190
336.0000 6.0000 2.0340 25.4880
336.0000 12.0000 21.6920 22.0530
336.0000 4.0000 2.2140 16.3370
336.0000 10.0000 21.9400 23.6350
336.0000 14.0000 15.7720 15.2300
348.0000 12.0000 21.6920 22.0530
348.0000 26.0000 -0.6330 8.6990
348.0000 93.0000 -29.8130 4.7290
348.0000 10.0000 21.9400 23.6350
348.0000 18.0000 -21.4890 9.0830
348.0000 20.0000 -20.0420 9.2640
348.0000 61.0000 -19.7260 7.9540
348.0000 14.0000 15.7720 15.2300
348.0000 6.0000 2.6210 25.4880
348.0000 16.0000 -20.9910 7.8630
348.0000 71.0000 -25.1260 8.4060
348.0000 22.0000 -23.9290 8.5190
348.0000 4.0000 2.6210 16.1560
360.0000 20.0000 -20.0420 9.2640
360.0000 16.0000 -20.9910 7.8630
360.0000 26.0000 -1.2200 9.0830
360.0000 10.0000 21.9400 23.6350
360.0000 93.0000 -29.8230 4.7140
360.0000 18.0000 -21.4890 9.0830
360.0000 6.0000 3.2090 25.4880
360.0000 22.0000 -23.9290 8.5190
360.0000 14.0000 15.7720 15.2300
360.0000 12.0000 21.6920 22.0530
360.0000 71.0000 -25.1260 8.4060
360.0000 61.0000 -19.7260 7.9540
360.0000 4.0000 3.0500 15.9750
372.0000 20.0000 -20.0420 9.2640
372.0000 12.0000 21.6920 22.0530
372.0000 71.0000 -25.1260 8.4060
372.0000 26.0000 -1.8080 9.0830
372.0000 16.0000 -20.9910 7.8630
372.0000 93.0000 -29.8330 4.6990
372.0000 6.0000 3.7960 25.4880
372.0000 18.0000 -21.4890 9.0830
372.0000 4.0000 3.4800 15.9750
372.0000 22.0000 -23.9290 8.5190
372.0000 14.0000 15.7720 15.2300
372.0000 10.0000 21.8500 23.8160
372.0000 61.0000 -19.7260 7.9540
384.0000 22.0000 -23.9290 8.5190
384.0000 20.0000 -20.0420 9.2640
384.0000 93.0000 -29.8430 4.6850
384.0000 10.0000 21.8500 23.8160
384.0000 26.0000 -2.3050 9.0830
384.0000 71.0000 -25.1260 8.4060
384.0000 6.0000 4.3840 25.4880
384.0000 18.0000 -21.4890 9.0830
384.0000 14.0000 15.7720 15.2300
384.0000 61.0000 -19.7260 7.9540
384.0000 4.0000 4.0670 15.7940
384.0000 16.0000 -20.9910 7.8630
384.0000 12.0000 21.6920 22.0530
396.0000 26.0000 -2.8920 9.0830
396.0000 93.0000 -29.8540 4.6700
396.0000 22.0000 -23.9290 8.5190
396.0000 61.0000 -19.7260 7.9540
396.0000 4.0000 4.8810 15.6140
396.0000 6.0000 4.9710 25.4880
396.0000 71.0000 -25.1260 8.4060
396.0000 18.0000 -21.4890 9.0830
396.0000 91.0000 1.6270 7.4790
396.0000 10.0000 21.8500 23.8160
396.0000 12.0000 21.6920 22.0530
396.0000 14.0000 15.7720 15.2300
396.0000 20.0000 -20.0420 9.2640
396.0000 16.0000 -20.9910 7.8630
408.0000 61.0000 -19.7260 7.9540
408.0000 4.0000 5.7390 15.2300
408.0000 16.0000 -20.9910 7.8630
408.0000 18.0000 -21.4890 9.0830
408.0000 26.0000 -3.3890 9.0830
408.0000 91.0000 0.8130 7.4790
408.0000 14.0000 15.7720 15.2300
408.0000 12.0000 21.6920 22.0530
408.0000 71.0000 -25.1260 8.4060
408.0000 10.0000 21.8500 23.8160
408.0000 6.0000 5.5590 25.4880
408.0000 93.0000 -29.8630 4.6560
408.0000 22.0000 -23.9290 8.5190
408.0000 20.0000 -20.0420 9.2640
420.0000 20.0000 -20.0420 9.2640
420.0000 91.0000 0.4070 7.6830
420.0000 61.0000 -19.7260 7.9540
420.0000 71.0000 -25.1260 8.4060
420.0000 18.0000 -21.4890 9.0830
420.0000 6.0000 6.1460 25.4880
420.0000 22.0000 -23.9290 8.5190
420.0000 4.0000 6.5530 15.0490
420.0000 26.0000 -3.8860 9.0830
420.0000 16.0000 -20.9910 7.8630
420.0000 10.0000 21.8500 23.8160
420.0000 14.0000 15.7720 15.2300
420.0000 12.0000 21.6920 22.0530
420.0000 93.0000 -29.8740 4.6410
432.0000 4.0000 7.3210 14.4840
432.0000 93.0000 -29.8840 4.6260
432.0000 10.0000 21.8500 23.8160
432.0000 61.0000 -19.7260 7.9540
432.0000 14.0000 15.7720 15.2300
432.0000 16.0000 -20.9910 7.8630
432.0000 91.0000 0.0000 7.8630
432.0000 18.0000 -21.4890 9.0830
432.0000 6.0000 6.7340 25.4880
432.0000 12.0000 21.6920 22.0530
432.0000 20.0000 -20.0420 9.2640
432.0000 22.0000 -23.9290 8.5190
432.0000 26.0000 -4.4060 9.0830
432.0000 71.0000 -25.1260 8.4060
444.0000 14.0000 15.7720 15.2300
444.0000 20.0000 -20.0420 9.2640
444.0000 10.0000 21.8500 23.8160
444.0000 26.0000 -4.9030 9.2640
444.0000 18.0000 -21.4890 9.0830
444.0000 71.0000 -25.1260 8.4060
444.0000 93.0000 -29.8940 4.6110
444.0000 22.0000 -23.9290 8.5190
444.0000 61.0000 -19.7260 7.9540
444.0000 12.0000 21.6920 22.0530
444.0000 16.0000 -20.9910 7.8630
444.0000 91.0000 -0.4520 7.9540
444.0000 4.0000 8.1570 13.9420
444.0000 6.0000 7.2310 25.4880
456.0000 93.0000 -29.9040 4.5970
456.0000 71.0000 -25.1260 8.4060
456.0000 91.0000 -0.8810 8.1570
456.0000 14.0000 15.7720 15.2300
456.0000 61.0000 -19.7260 7.9540
456.0000 12.0000 21.6920 22.0530
456.0000 16.0000 -20.9910 7.8630
456.0000 20.0000 -20.0420 9.2640
456.0000 10.0000 21.8500 23.8160
456.0000 22.0000 -23.9290 8.5190
456.0000 6.0000 7.9990 25.6690
456.0000 18.0000 -21.4890 9.0830
456.0000 4.0000 8.9030 13.3540
456.0000 26.0000 -5.4000 9.4450
468.0000 6.0000 8.8120 25.8500
468.0000 12.0000 21.6920 22.0530
468.0000 16.0000 -20.9910 7.8630
468.0000 4.0000 9.7610 12.8120
468.0000 91.0000 -1.4010 8.1570
468.0000 61.0000 -19.7260 7.9540
468.0000 10.0000 21.8500 23.8160
468.0000 20.0000 -20.0420 9.2640
468.0000 18.0000 -21.4890 9.0830
468.0000 71.0000 -25.1260 8.4060
468.0000 14.0000 15.7720 15.2300
468.0000 26.0000 -5.9200 9.6260
468.0000 22.0000 -23.9290 8.5190
468.0000 93.0000 -29.9140 4.5820
480.0000 27.0000 -6.3270 9.8070
480.0000 91.0000 -1.9880 8.1570
480.0000 72.0000 -25.1260 8.4060
480.0000 62.0000 -19.7260 7.9540
480.0000 93.0000 -29.9240 4.5680
492.0000 62.0000 -19.7260 7.9540
492.0000 27.0000 -7.0720 9.6260
492.0000 93.0000 -29.9340 4.5530
492.0000 91.0000 -2.4860 7.9540
492.0000 72.0000 -25.1260 8.4060
504.0000 91.0000 -2.9830 7.9760
504.0000 27.0000 -7.8410 9.6260
504.0000 72.0000 -25.1260 8.3150
504.0000 95.0000 14.6420 25.0360
504.0000 62.0000 -19.8160 7.9540
504.0000 93.0000 -29.9440 4.5380
516.0000 91.0000 -3.4800 8.2470
516.0000 93.0000 -29.9550 4.5240
516.0000 62.0000 -19.8160 7.9540
516.0000 72.0000 -25.1260 8.3150
516.0000 95.0000 14.2350 25.0360
516.0000 27.0000 -8.4280 9.7160
528.0000 72.0000 -25.1260 8.3150
528.0000 27.0000 -8.9930 9.8070
528.0000 62.0000 -19.8160 7.9540
528.0000 91.0000 -4.0220 8.1340
528.0000 93.0000 -29.9650 4.5090
528.0000 95.0000 13.8060 25.0360
540.0000 27.0000 -9.5130 9.8970
540.0000 62.0000 -19.8620 7.9540
540.0000 95.0000 13.4670 25.0360
540.0000 72.0000 -25.1260 8.3150
540.0000 93.0000 -29.9750 4.4940
540.0000 91.0000 -4.6100 8.1340
552.0000 27.0000 -10.1000 10.1000
552.0000 95.0000 13.0600 25.0360
552.0000 62.0000 -19.8620 7.9540
552.0000 72.0000 -25.1260 8.3150
552.0000 93.0000 -29.9850 4.4790
552.0000 91.0000 -5.1970 7.9540
564.0000 93.0000 -29.9950 4.4650
564.0000 91.0000 -5.7850 7.7730
564.0000 95.0000 12.6310 25.0360
564.0000 72.0000 -25.1260 8.3150
564.0000 27.0000 -10.6880 10.3040
564.0000 62.0000 -19.8620 7.9540
576.0000 95.0000 12.2240 25.0360
576.0000 72.0000 -25.1260 8.3150
576.0000 62.0000 -19.8840 7.9540
576.0000 94.0000 -30.0050 4.4500
576.0000 91.0000 -6.3720 7.7730
576.0000 27.0000 -11.2750 10.3940
588.0000 62.0000 -19.8840 7.9540
588.0000 95.0000 11.7950 25.0360
588.0000 91.0000 -6.9590 7.5920
588.0000 27.0000 -11.8400 10.5750
588.0000 94.0000 -30.0150 4.4360
588.0000 72.0000 -25.1260 8.3150
600.0000 95.0000 11.4560 25.0360
600.0000 91.0000 -7.5470 7.5920
600.0000 72.0000 -25.0810 8.3150
600.0000 27.0000 -12.4280 10.5750
600.0000 94.0000 -30.0260 4.4210
600.0000 62.0000 -19.8840 7.9540
612.0000 94.0000 -30.0360 4.4060
612.0000 91.0000 -8.1340 7.3890
612.0000 62.0000 -19.9290 7.9540
612.0000 27.0000 -12.9700 10.7560
612.0000 95.0000 11.0490 25.0360
612.0000 72.0000 -25.0810 8.2250
624.0000 91.0000 -8.7220 7.2080
624.0000 95.0000 10.7100 25.0360
624.0000 72.0000 -25.0810 8.2250
624.0000 62.0000 -19.9290 7.9540
624.0000 94.0000 -30.0460 4.3910
624.0000 27.0000 -13.5350 10.7560
636.0000 72.0000 -25.0810 8.2250
636.0000 62.0000 -19.9290 7.9540
636.0000 95.0000 10.3040 25.0360
636.0000 94.0000 -30.0560 4.3770
636.0000 27.0000 -14.0770 10.9360
648.0000 95.0000 9.8740 25.0360
648.0000 27.0000 -14.5970 10.9360
648.0000 62.0000 -19.9750 7.9540
648.0000 94.0000 -30.0660 4.3620
648.0000 72.0000 -25.0810 8.2250
660.0000 94.0000 -30.0760 4.3470
660.0000 95.0000 9.3770 25.0360
660.0000 72.0000 -25.0810 8.2250
660.0000 62.0000 -19.9750 7.9540
660.0000 27.0000 -15.1390 10.9360
672.0000 62.0000 -19.9750 7.9540
672.0000 94.0000 -30.0860 4.3330
672.0000 72.0000 -25.0810 8.2250
672.0000 95.0000 8.8800 25.0360
672.0000 27.0000 -15.7270 11.1170
684.0000 94.0000 -30.0970 4.3180
684.0000 72.0000 -25.0810 8.2250
684.0000 95.0000 8.4510 25.0360
684.0000 62.0000 -20.0200 7.9540
684.0000 30.0000 -17.2860 23.7260
684.0000 27.0000 -16.2690 11.1170
696.0000 30.0000 -17.4670 23.1610
696.0000 94.0000 -30.1070 4.3030
696.0000 95.0000 8.1120 25.0360
696.0000 72.0000 -25.0810 8.2250
696.0000 27.0000 -16.8110 11.2070
696.0000 62.0000 -20.0200 7.9540
708.0000 30.0000 -17.5340 22.4150
708.0000 62.0000 -20.0200 7.9540
708.0000 95.0000 7.7050 25.0360
708.0000 72.0000 -25.0360 8.1340
708.0000 94.0000 -30.1170 4.2890
708.0000 27.0000 -17.3310 11.2980
720.0000 30.0000 -17.7150 21.6690
720.0000 73.0000 -25.0360 8.1340
720.0000 28.0000 -17.9180 11.2980
720.0000 63.0000 -20.0650 7.9540
720.0000 94.0000 -30.1270 4.2740
720.0000 95.0000 7.2760 25.0360
732.0000 73.0000 -25.0360 8.1340
732.0000 28.0000 -18.4380 11.3880
732.0000 63.0000 -20.0650 7.9540
732.0000 95.0000 6.8460 25.0460
732.0000 30.0000 -17.8730 20.9240
732.0000 94.0000 -30.1370 4.2590
744.0000 30.0000 -17.9640 20.3810
744.0000 28.0000 -18.9800 11.5010
744.0000 73.0000 -25.0360 8.1340
744.0000 94.0000 -30.1470 4.2450
744.0000 96.0000 6.4160 25.0570
744.0000 63.0000 -20.0650 7.9540
756.0000 96.0000 5.9860 25.0670
756.0000 30.0000 -18.1220 19.6130
756.0000 28.0000 -19.5450 11.5010
756.0000 73.0000 -25.0360 8.1340
756.0000 94.0000 -30.1570 4.2300
756.0000 63.0000 -20.1100 7.9540
768.0000 28.0000 -20.0880 11.6140
768.0000 94.0000 -30.1680 4.2150
768.0000 96.0000 5.5560 25.0770
768.0000 73.0000 -25.0360 8.1340
768.0000 30.0000 -18.2120 18.8900
768.0000 63.0000 -20.1100 7.9540
780.0000 73.0000 -25.0360 8.1340
780.0000 63.0000 -20.1100 7.9540
780.0000 96.0000 5.1260 25.0880
780.0000 28.0000 -20.6070 11.7050
780.0000 94.0000 -30.1780 4.2010
780.0000 30.0000 -18.3930 18.1220
792.0000 86.0000 -25.0810 8.2250
792.0000 96.0000 4.6960 25.0980
792.0000 94.0000 -30.1880 4.1860
792.0000 73.0000 -25.0360 8.1340
792.0000 30.0000 -18.5510 17.5800
792.0000 63.0000 -20.1330 7.9540
792.0000 28.0000 -21.1500 11.7950
804.0000 94.0000 -30.1980 4.1710
804.0000 28.0000 -21.7370 11.7950
804.0000 30.0000 -18.6420 16.8110
804.0000 73.0000 -25.0140 8.0440
804.0000 96.0000 4.2660 25.1080
804.0000 63.0000 -20.1330 7.9540
804.0000 86.0000 -25.0810 8.6090
816.0000 63.0000 -20.1330 7.9540
816.0000 73.0000 -25.0140 8.0440
816.0000 86.0000 -25.0810 8.9930
816.0000 28.0000 -22.2570 11.8850
816.0000 96.0000 3.8360 25.1190
816.0000 30.0000 -18.8000 16.2690
828.0000 28.0000 -22.8220 11.9760
828.0000 96.0000 3.4060 25.1290
828.0000 86.0000 -25.1720 9.3550
828.0000 30.0000 -19.0480 15.6810
828.0000 73.0000 -25.0140 8.0440
828.0000 63.0000 -20.1780 7.9540
840.0000 96.0000 2.9760 25.1400
840.0000 73.0000 -25.0140 8.0440
840.0000 63.0000 -20.1780 7.9540
840.0000 30.0000 -19.2290 15.3200
840.0000 28.0000 -23.3640 11.9760
840.0000 86.0000 -25.1720 9.7160
852.0000 86.0000 -25.0810 10.1000
852.0000 96.0000 2.5460 25.1500
852.0000 73.0000 -25.0140 8.0440
852.0000 28.0000 -23.9290 12.1570
852.0000 30.0000 -19.4780 14.7780
852.0000 63.0000 -20.1780 7.9540
864.0000 30.0000 -19.7260 14.1900
864.0000 96.0000 2.1160 25.1600
864.0000 86.0000 -24.8330 10.8460
864.0000 73.0000 -25.0140 8.0440
864.0000 63.0000 -20.2230 7.9540
864.0000 28.0000 -24.4710 12.1570
876.0000 28.0000 -24.9910 12.1570
876.0000 30.0000 -19.8840 13.8290
876.0000 96.0000 1.6860 25.1700
876.0000 73.0000 -25.0140 8.0440
876.0000 86.0000 -24.6750 11.4110
876.0000 63.0000 -20.2230 7.9540
888.0000 96.0000 1.2560 25.1810
888.0000 30.0000 -20.1330 13.2860
888.0000 63.0000 -20.2230 7.9540
888.0000 86.0000 -24.4030 11.9760
888.0000 73.0000 -25.0140 8.0440
888.0000 28.0000 -25.5560 12.3370
900.0000 28.0000 -26.0980 12.3370
900.0000 63.0000 -20.2680 7.9540
900.0000 30.0000 -20.3140 12.9020
900.0000 73.0000 -24.9680 8.0440
900.0000 86.0000 -24.2450 12.5180
900.0000 96.0000 0.8270 25.1910
912.0000 63.0000 -20.2680 7.9540
912.0000 96.0000 0.3960 25.2020
912.0000 86.0000 -23.9970 13.0830
912.0000 30.0000 -20.5620 12.3370
912.0000 73.0000 -24.9680 7.9540
912.0000 28.0000 -26.6400 12.4280
924.0000 86.0000 -23.8160 13.6480
924.0000 96.0000 -0.0330 25.2120
924.0000 63.0000 -20.2680 7.9540
924.0000 28.0000 -27.2280 12.5180
924.0000 73.0000 -24.9680 7.9540
936.0000 86.0000 -23.5670 14.3940
936.0000 73.0000 -24.9680 7.9540
936.0000 96.0000 -0.4970 25.0360
936.0000 63.0000 -20.3140 7.9540
936.0000 28.0000 -27.7250 12.5180
948.0000 96.0000 -1.0170 24.8550
948.0000 73.0000 -24.9680 7.9540
948.0000 63.0000 -20.3140 7.9540
948.0000 28.0000 -28.2670 12.5180
948.0000 86.0000 -23.4090 14.9580
960.0000 96.0000 -1.4240 24.6520
960.0000 64.0000 -20.3140 7.9540
960.0000 86.0000 -23.1610 15.5010
960.0000 74.0000 -24.9680 7.9540
972.0000 86.0000 -22.9120 16.0880
972.0000 96.0000 -1.9210 24.4710
972.0000 74.0000 -24.9680 7.9540
972.0000 64.0000 -20.3590 7.9540
984.0000 86.0000 -22.7310 16.6300
984.0000 74.0000 -24.9680 7.9540
984.0000 64.0000 -20.3590 7.9540
984.0000 29.0000 -31.0920 16.0880
996.0000 74.0000 -24.9680 7.9540
996.0000 37.0000 0.7680 22.1210
996.0000 23.0000 -19.5680 7.3890
996.0000 55.0000 -19.9750 9.6260
996.0000 31.0000 -23.8610 8.1340
996.0000 42.0000 -5.9880 14.1900
996.0000 29.0000 -30.9560 15.1390
996.0000 33.0000 8.2470 12.6990
996.0000 35.0000 0.5420 23.3190
996.0000 86.0000 -22.4830 17.1950
996.0000 64.0000 -20.3590 7.9540
1008.0000 35.0000 -0.0450 22.4150
1008.0000 23.0000 -19.5680 7.3890
1008.0000 64.0000 -20.4490 7.9540
1008.0000 33.0000 8.5640 11.5920
1008.0000 55.0000 -19.9750 9.6260
1008.0000 29.0000 -30.6620 14.5060
1008.0000 31.0000 -23.8610 8.1340
1008.0000 86.0000 -22.2340 17.9410
1008.0000 74.0000 -24.9680 7.9540
1008.0000 42.0000 -5.6940 14.1900
1008.0000 37.0000 0.1360 21.1040
1020.0000 74.0000 -24.9680 7.9540
1020.0000 42.0000 -5.1970 14.1900
1020.0000 23.0000 -19.5680 7.3890
1020.0000 86.0000 -21.8500 18.4830
1020.0000 31.0000 -23.8610 8.1340
1020.0000 29.0000 -30.2560 13.7380
1020.0000 64.0000 -20.4490 7.9540
1020.0000 35.0000 -0.4520 22.2340
1020.0000 55.0000 -19.9750 9.6260
1020.0000 33.0000 9.1510 11.4110
1020.0000 37.0000 -0.2710 21.1040
1032.0000 87.0000 -21.5790 19.1610
1032.0000 55.0000 -19.9750 9.6260
1032.0000 42.0000 -4.7000 14.1900
1032.0000 35.0000 -0.9040 22.2340
1032.0000 37.0000 -0.6330 21.0140
1032.0000 29.0000 -29.9390 13.0830
1032.0000 64.0000 -20.4940 7.9540
1032.0000 74.0000 -24.9680 7.9540
1032.0000 33.0000 9.7390 11.0270
1032.0000 31.0000 -23.8610 8.1340
1032.0000 23.0000 -19.5680 7.3890
1044.0000 64.0000 -20.4940 7.9540
1044.0000 74.0000 -24.9680 7.9540
1044.0000 29.0000 -29.6910 12.3370
1044.0000 55.0000 -19.9750 9.6260
1044.0000 35.0000 -1.4010 22.0530
1044.0000 31.0000 -23.8610 8.1340
1044.0000 42.0000 -4.2710 14.3940
1044.0000 82.0000 21.1040 21.2850
1044.0000 87.0000 -21.2170 19.7940
1044.0000 33.0000 10.2580 10.8460
1044.0000 37.0000 -0.9260 21.0140
1044.0000 23.0000 -19.5680 7.3890
1056.0000 37.0000 -0.9260 21.2170
1056.0000 33.0000 10.8460 10.4840
1056.0000 31.0000 -23.8610 8.1340
1056.0000 42.0000 -3.7730 14.5970
1056.0000 23.0000 -19.5680 7.3890
1056.0000 35.0000 -1.7170 22.0530
1056.0000 39.0000 -3.1630 26.1210
1056.0000 64.0000 -20.4940 7.9540
1056.0000 74.0000 -24.9680 7.9540
1056.0000 82.0000 21.1040 21.2850
1056.0000 87.0000 -20.8560 20.3810
1056.0000 29.0000 -29.3520 11.4110
1056.0000 55.0000 -19.9750 9.6260
1068.0000 31.0000 -23.8610 8.1340
1068.0000 37.0000 -0.9260 21.5790
1068.0000 64.0000 -20.5170 7.9540
1068.0000 82.0000 21.1040 21.2850
1068.0000 55.0000 -19.9750 9.6260
1068.0000 74.0000 -24.9680 7.9540
1068.0000 35.0000 -1.8080 22.0530
1068.0000 23.0000 -19.5680 7.3890
1068.0000 39.0000 -3.6150 25.2170
1068.0000 29.0000 -29.1030 10.6650
1068.0000 42.0000 -3.3440 14.7780
1068.0000 87.0000 -20.5400 21.0140
1068.0000 33.0000 11.4110 10.2810
1080.0000 82.0000 21.1040 21.2850
1080.0000 64.0000 -20.5170 7.9540
1080.0000 39.0000 -3.7060 25.2170
1080.0000 37.0000 -0.9260 21.7600
1080.0000 42.0000 -2.8470 14.9580
1080.0000 31.0000 -23.8610 8.1340
1080.0000 35.0000 -1.9880 22.0530
1080.0000 74.0000 -24.9680 7.9540
1080.0000 55.0000 -19.9750 9.6260
1080.0000 87.0000 -20.2230 21.5790
1080.0000 29.0000 -28.8550 9.9200
1080.0000 23.0000 -19.5680 7.3890
1080.0000 33.0000 11.9310 9.9200
1092.0000 33.0000 12.2690 9.9200
1092.0000 35.0000 -2.0560 22.2340
1092.0000 39.0000 -3.7730 25.2170
1092.0000 37.0000 -0.9260 22.1440
1092.0000 31.0000 -23.8610 8.1340
1092.0000 42.0000 -2.3500 14.9580
1092.0000 23.0000 -19.5680 7.3890
1092.0000 55.0000 -19.9750 9.6260
1092.0000 29.0000 -28.7640 9.7160
1092.0000 87.0000 -19.8620 22.3250
1092.0000 74.0000 -24.9680 7.9540
1092.0000 82.0000 21.1040 21.2850
1092.0000 64.0000 -20.5620 7.9540
1104.0000 42.0000 -1.7620 14.7780
1104.0000 39.0000 -3.8410 25.2170
1104.0000 55.0000 -19.9750 9.6260
1104.0000 87.0000 -19.5450 22.8670
1104.0000 82.0000 21.1040 21.2850
1104.0000 35.0000 -2.1240 22.2340
1104.0000 37.0000 -1.0170 22.1440
1104.0000 23.0000 -19.5680 7.3890
1104.0000 74.0000 -25.0140 7.9540
1104.0000 31.0000 -23.8610 8.1340
1104.0000 33.0000 12.5860 9.9200
1104.0000 29.0000 -28.6060 9.3550
1104.0000 64.0000 -20.5620 7.9540
1116.0000 74.0000 -25.0140 7.9540
1116.0000 42.0000 -1.2650 14.7780
1116.0000 82.0000 21.1040 21.2850
1116.0000 55.0000 -19.9750 9.6260
1116.0000 23.0000 -19.5680 7.3890
1116.0000 31.0000 -23.8610 8.1340
1116.0000 29.0000 -28.5160 9.1740
1116.0000 64.0000 -20.5620 7.9540
1116.0000 39.0000 -3.9320 25.2170
1116.0000 37.0000 -1.0850 22.1440
1116.0000 35.0000 -2.3050 22.2340
1116.0000 33.0000 12.9250 9.9200
1116.0000 87.0000 -19.2970 23.5450
1128.0000 29.0000 -28.3350 8.6090
1128.0000 31.0000 -23.8610 8.1340
1128.0000 87.0000 -19.0480 24.2900
1128.0000 23.0000 -19.5680 7.3890
1128.0000 39.0000 -4.0220 25.2170
1128.0000 55.0000 -19.9750 9.6260
1128.0000 42.0000 -0.7680 14.7780
1128.0000 64.0000 -20.6070 7.8630
1128.0000 35.0000 -2.3950 22.4150
1128.0000 74.0000 -25.0140 7.8630
1128.0000 82.0000 21.1040 21.2850
1128.0000 33.0000 13.1730 9.7160
1128.0000 37.0000 -1.1750 22.0530
1140.0000 74.0000 -25.0140 7.8630
1140.0000 33.0000 13.4440 9.3550
1140.0000 82.0000 21.1040 21.2850
1140.0000 42.0000 -0.3390 14.9580
1140.0000 39.0000 -4.1120 25.2170
1140.0000 29.0000 -28.2220 8.0440
1140.0000 23.0000 -19.5680 7.3890
1140.0000 87.0000 -18.8900 25.2170
1140.0000 55.0000 -19.9750 9.6260
1140.0000 35.0000 -2.4860 22.4150
1140.0000 37.0000 -1.2650 21.8500
1140.0000 64.0000 -20.6070 7.8630
1140.0000 31.0000 -23.8610 8.1340
1152.0000 82.0000 21.1040 21.2850
1152.0000 39.0000 -4.2030 25.2170
1152.0000 35.0000 -2.6210 22.4150
1152.0000 29.0000 -28.0870 7.5020
1152.0000 42.0000 0.0680 14.9580
1152.0000 64.0000 -20.6530 7.8630
1152.0000 87.0000 -18.7320 25.9630
1152.0000 31.0000 -23.8610 8.1340
1152.0000 23.0000 -19.5680 7.3890
1152.0000 37.0000 -1.3780 21.8500
1152.0000 55.0000 -19.9750 9.6260
1152.0000 33.0000 13.6030 9.1740
1152.0000 74.0000 -25.0140 7.8630
1164.0000 87.0000 -18.7550 25.9490
1164.0000 29.0000 -27.9740 6.9140
1164.0000 39.0000 -4.2710 25.2170
1164.0000 55.0000 -19.9750 9.6260
1164.0000 74.0000 -25.0140 7.8630
1164.0000 64.0000 -20.6530 7.8630
1164.0000 33.0000 13.8510 8.9930
1164.0000 35.0000 -2.7110 22.4150
1164.0000 42.0000 0.4970 15.1390
1164.0000 23.0000 -19.5680 7.3890
1164.0000 82.0000 21.1040 21.2850
1164.0000 31.0000 -23.8610 8.1340
1164.0000 37.0000 -1.5140 21.7600
1164.0000 40.0000 22.4600 8.5190
1176.0000 40.0000 21.7600 8.5190
1176.0000 33.0000 14.1000 8.7900
1176.0000 35.0000 -2.8020 22.4150
1176.0000 74.0000 -25.0140 7.8630
1176.0000 31.0000 -23.8610 8.1340
1176.0000 87.0000 -18.7810 25.9340
1176.0000 39.0000 -4.3610 25.2170
1176.0000 55.0000 -19.9750 9.6260
1176.0000 37.0000 -1.6040 21.5790
1176.0000 82.0000 21.1040 21.2850
1176.0000 23.0000 -19.5680 7.3890
1176.0000 42.0000 0.9260 15.1390
1176.0000 29.0000 -27.8150 6.3720
1176.0000 64.0000 -20.6530 7.8630
1188.0000 64.0000 -20.6980 7.8630
1188.0000 82.0000 21.1040 21.2850
1188.0000 39.0000 -4.4290 25.2170
1188.0000 87.0000 -18.8060 25.9180
1188.0000 40.0000 21.1720 8.5190
1188.0000 29.0000 -27.6800 5.8070
1188.0000 37.0000 -1.6720 21.5790
1188.0000 33.0000 14.2580 8.4280
1188.0000 35.0000 -2.8920 22.4150
1188.0000 74.0000 -25.0140 7.8630
1188.0000 55.0000 -19.9750 9.6260
1188.0000 31.0000 -23.8610 8.1340
1188.0000 23.0000 -19.5680 7.3890
1188.0000 42.0000 1.4240 15.3200
1200.0000 65.0000 -20.6980 7.8630
1200.0000 82.0000 21.1040 21.2850
1200.0000 37.0000 -1.7620 21.4890
1200.0000 31.0000 -23.8610 8.1340
1200.0000 23.0000 -19.5680 7.3890
1200.0000 42.0000 1.8300 15.3200
1200.0000 75.0000 -25.0140 7.8630
1200.0000 35.0000 -3.0730 22.3250
1200.0000 29.0000 -27.4990 5.4230
1200.0000 40.0000 20.6750 8.5190
1200.0000 87.0000 -18.8320 25.9030
1200.0000 55.0000 -19.9750 9.6260
1200.0000 33.0000 14.2580 7.8630
1200.0000 39.0000 -4.5190 25.2170
1212.0000 35.0000 -3.1630 22.3250
1212.0000 31.0000 -23.8610 8.1340
1212.0000 39.0000 -4.5190 25.2170
1212.0000 65.0000 -20.7430 7.8630
1212.0000 33.0000 14.3030 7.1180
1212.0000 82.0000 21.1040 21.2850
1212.0000 75.0000 -25.0360 7.8630
1212.0000 23.0000 -19.5680 7.3890
1212.0000 42.0000 2.2600 15.3200
1212.0000 29.0000 -27.4090 4.8810
1212.0000 40.0000 20.0880 8.5190
1212.0000 87.0000 -18.8570 25.8880
1212.0000 55.0000 -19.9750 9.6260
1212.0000 37.0000 -1.8980 21.3980
1224.0000 75.0000 -25.0360 7.8630
1224.0000 40.0000 19.5910 8.5190
1224.0000 65.0000 -20.7430 7.8630
1224.0000 39.0000 -4.6100 25.2170
1224.0000 33.0000 14.3940 6.5530
1224.0000 55.0000 -19.9750 9.6260
1224.0000 31.0000 -23.8610 8.1340
1224.0000 35.0000 -3.2090 22.2340
1224.0000 37.0000 -1.9660 21.2850
1224.0000 23.0000 -19.5680 7.3890
1224.0000 82.0000 21.1040 21.2850
1224.0000 42.0000 2.7570 15.3200
1224.0000 87.0000 -18.8830 25.8730
1236.0000 65.0000 -20.7880 7.8630
1236.0000 75.0000 -25.0360 7.8630
1236.0000 24.0000 -19.5680 7.3890
1236.0000 32.0000 -23.8610 8.1340
1236.0000 34.0000 14.3940 5.6260
1236.0000 43.0000 3.2540 15.3200
1236.0000 56.0000 -19.9750 9.6260
1236.0000 36.0000 -3.2990 22.1440
1236.0000 38.0000 -2.0560 21.1950
1236.0000 39.0000 -4.7000 25.2170
1236.0000 82.0000 21.1040 21.2850
1236.0000 87.0000 -18.9080 25.8580
1236.0000 40.0000 19.0030 8.5190
1248.0000 38.0000 -2.1470 21.1040
1248.0000 56.0000 -19.9750 9.6260
1248.0000 32.0000 -23.8610 8.1340
1248.0000 24.0000 -19.5680 7.3890
1248.0000 34.0000 14.4840 5.0610
1248.0000 36.0000 -3.3890 22.1440
1248.0000 65.0000 -20.7880 7.8630
1248.0000 43.0000 3.6830 15.1390
1248.0000 75.0000 -25.0360 7.8630
1248.0000 39.0000 -4.7900 25.2170
1248.0000 40.0000 18.4160 8.5190
1248.0000 82.0000 21.1040 21.2850
1248.0000 87.0000 -18.9330 25.8420
1260.0000 82.0000 21.1040 21.2850
1260.0000 75.0000 -25.0360 7.7730
1260.0000 39.0000 -5.1970 25.3980
1260.0000 36.0000 -3.5700 22.1440
1260.0000 34.0000 14.4840 5.0610
1260.0000 87.0000 -18.9590 25.8270
1260.0000 38.0000 -2.2600 21.0140
1260.0000 56.0000 -19.9750 9.6260
1260.0000 32.0000 -23.8610 8.1340
1260.0000 40.0000 17.9180 8.3380
1260.0000 65.0000 -20.7880 7.7730
1260.0000 43.0000 4.1800 14.9580
1260.0000 24.0000 -19.5680 7.3890
1272.0000 24.0000 -19.5680 7.3890
1272.0000 32.0000 -23.8610 8.1340
1272.0000 34.0000 14.4840 5.0610
1272.0000 40.0000 17.3310 8.3380
1272.0000 88.0000 -18.9850 25.8120
1272.0000 75.0000 -25.0360 7.7730
1272.0000 39.0000 -5.6940 25.3980
1272.0000 43.0000 4.6100 14.7780
1272.0000 65.0000 -20.8110 7.7730
1272.0000 56.0000 -19.9750 9.6260
1272.0000 82.0000 21.1040 21.2850
1272.0000 36.0000 -3.6610 21.9630
1272.0000 38.0000 -2.3950 20.8330
1284.0000 40.0000 16.7430 8.3380
1284.0000 36.0000 -3.7960 21.5790
1284.0000 39.0000 -6.1010 25.2170
1284.0000 88.0000 -19.0100 25.7970
1284.0000 83.0000 21.1040 21.2850
1284.0000 56.0000 -19.9750 9.6260
1284.0000 38.0000 -2.8020 20.0650
1284.0000 75.0000 -25.0360 7.7730
1284.0000 32.0000 -23.8610 8.1340
1284.0000 34.0000 14.4840 5.0610
1284.0000 65.0000 -20.8110 7.7730
1284.0000 43.0000 5.0160 14.7780
1284.0000 24.0000 -19.5680 7.3890
1296.0000 34.0000 14.4840 5.0610
1296.0000 38.0000 -3.2310 19.5230
1296.0000 32.0000 -23.8610 8.1340
1296.0000 56.0000 -19.9750 9.6260
1296.0000 43.0000 5.5130 14.5970
1296.0000 88.0000 -19.0360 25.7820
1296.0000 36.0000 -3.9770 21.2850
1296.0000 40.0000 16.1560 8.1340
1296.0000 65.0000 -20.8560 7.7730
1296.0000 75.0000 -25.0360 7.7730
1296.0000 83.0000 21.1040 21.2850
1296.0000 24.0000 -19.5680 7.3890
1308.0000 38.0000 -3.6610 18.8000
1308.0000 34.0000 14.4840 5.0610
1308.0000 50.0000 -9.7160 26.3470
1308.0000 43.0000 5.9430 14.3940
1308.0000 56.0000 -19.9750 9.6260
1308.0000 32.0000 -23.8610 8.1340
1308.0000 65.0000 -20.8560 7.7730
1308.0000 75.0000 -25.0810 7.7730
1308.0000 83.0000 21.1040 21.2850
1308.0000 40.0000 15.5680 8.1340
1308.0000 88.0000 -19.0610 25.7670
1308.0000 36.0000 -4.1580 20.9240
1308.0000 24.0000 -19.5680 7.3890
1320.0000 40.0000 14.9360 7.9540
1320.0000 56.0000 -19.9750 9.6260
1320.0000 34.0000 14.4840 5.0610
1320.0000 83.0000 21.1040 21.2850
1320.0000 43.0000 6.3490 14.1900
1320.0000 75.0000 -25.0810 7.7730
1320.0000 36.0000 -4.3160 20.6530
1320.0000 38.0000 -3.9770 18.2120
1320.0000 65.0000 -20.8560 7.7730
1320.0000 32.0000 -23.8610 8.1340
1320.0000 88.0000 -19.0870 25.7510
1320.0000 50.0000 -9.2190 26.3470
1320.0000 24.0000 -19.5680 7.3890
1332.0000 36.0000 -4.9030 20.5620
1332.0000 38.0000 -4.6550 18.2120
1332.0000 32.0000 -23.8610 8.1340
1332.0000 40.0000 14.3480 7.9540
1332.0000 56.0000 -19.9750 9.6260
1332.0000 65.0000 -20.9010 7.7730
1332.0000 34.0000 14.4840 5.0610
1332.0000 83.0000 21.1040 21.2850
1332.0000 75.0000 -25.0810 7.7730
1332.0000 88.0000 -19.1120 25.7360
1332.0000 43.0000 6.8690 14.0090
1332.0000 50.0000 -8.7220 26.3470
1332.0000 24.0000 -19.5680 7.3890
1344.0000 40.0000 13.7610 7.9540
1344.0000 83.0000 21.1040 21.2850
1344.0000 88.0000 -19.1370 25.7210
1344.0000 56.0000 -19.9750 9.6260
1344.0000 36.0000 -5.4230 20.5620
1344.0000 65.0000 -20.9010 7.7730
1344.0000 34.0000 14.4840 5.0610
1344.0000 50.0000 -8.2250 26.3470
1344.0000 75.0000 -25.0810 7.7730
1344.0000 43.0000 7.1850 13.8290
1344.0000 38.0000 -5.2420 18.3930
1344.0000 24.0000 -19.5680 7.3890
1344.0000 32.0000 -23.8610 8.1340
1356.0000 65.0000 -20.9460 7.7730
1356.0000 38.0000 -5.9200 18.3930
1356.0000 40.0000 13.1730 7.7730
1356.0000 43.0000 7.5240 13.4670
1356.0000 32.0000 -23.8610 8.1340
1356.0000 88.0000 -19.1630 25.7060
1356.0000 24.0000 -19.5680 7.3890
1356.0000 36.0000 -5.9200 20.6530
1356.0000 83.0000 21.1040 21.2850
1356.0000 50.0000 -7.6830 26.1430
1356.0000 34.0000 14.4840 5.0610
1356.0000 75.0000 -25.0810 7.7730
1356.0000 56.0000 -19.9750 9.6260
1368.0000 75.0000 -25.0810 7.7730
1368.0000 40.0000 12.5860 7.7730
1368.0000 32.0000 -23.8610 8.1340
1368.0000 38.0000 -6.7340 18.3930
1368.0000 56.0000 -19.9750 9.6260
1368.0000 88.0000 -19.1880 25.6910
1368.0000 34.0000 14.4840 5.0610
1368.0000 24.0000 -19.5680 7.3890
1368.0000 65.0000 -20.9460 7.7730
1368.0000 83.0000 21.1040 21.2850
1368.0000 36.0000 -6.5080 20.6530
1368.0000 50.0000 -7.0050 26.1430
1368.0000 43.0000 7.8630 13.0830
1380.0000 56.0000 -19.9750 9.6260
1380.0000 88.0000 -19.2140 25.6760
1380.0000 50.0000 -6.4170 26.1430
1380.0000 43.0000 8.2020 12.9020
1380.0000 40.0000 11.9980 7.5920
1380.0000 34.0000 14.4840 5.0610
1380.0000 65.0000 -20.9460 7.6830
1380.0000 83.0000 21.1040 21.2850
1380.0000 32.0000 -23.8610 8.1340
1380.0000 38.0000 -7.5920 18.3930
1380.0000 75.0000 -25.0810 7.6830
1380.0000 36.0000 -7.2310 20.7430
1380.0000 24.0000 -19.5680 7.3890
1392.0000 56.0000 -19.9750 9.6260
1392.0000 32.0000 -23.8610 8.1340
1392.0000 40.0000 11.4110 7.5920
1392.0000 36.0000 -8.3150 20.7430
1392.0000 50.0000 -5.7390 25.9630
1392.0000 24.0000 -19.5680 7.3890
1392.0000 83.0000 21.1040 21.2850
1392.0000 43.0000 8.4510 12.5180
1392.0000 75.0000 -25.0810 7.6830
1392.0000 79.0000 -31.6570 19.6130
1392.0000 38.0000 -8.4060 18.3930
1392.0000 65.0000 -20.9910 7.6830
1392.0000 34.0000 14.4840 5.0610
1392.0000 88.0000 -19.2390 25.6610
1404.0000 88.0000 -19.2650 25.6450
1404.0000 75.0000 -25.1260 7.6830
1404.0000 83.0000 21.1040 21.2850
1404.0000 24.0000 -19.5680 7.3890
1404.0000 65.0000 -20.9910 7.6830
1404.0000 32.0000 -23.8610 8.1340
1404.0000 50.0000 -5.2420 25.9630
1404.0000 56.0000 -19.9750 9.6260
1404.0000 34.0000 14.4840 5.0610
1404.0000 38.0000 -9.2640 18.3930
1404.0000 79.0000 -31.1370 19.6130
1404.0000 36.0000 -9.4450 20.9240
1404.0000 43.0000 8.7900 12.1570
1404.0000 41.0000 10.8460 7.5920
1416.0000 41.0000 10.0780 7.5920
1416.0000 38.0000 -10.2580 18.3930
1416.0000 65.0000 -21.0370 7.6830
1416.0000 83.0000 21.1040 21.2850
1416.0000 36.0000 -10.4390 20.9240
1416.0000 75.0000 -25.1260 7.6830
1416.0000 88.0000 -19.2900 25.6300
1416.0000 43.0000 9.1960 11.9760
1416.0000 79.0000 -30.6850 19.7040
1416.0000 50.0000 -4.6550 25.9630
1416.0000 34.0000 14.4840 5.0610
1416.0000 56.0000 -19.9750 9.6260
1416.0000 32.0000 -23.8610 8.1340
1416.0000 24.0000 -19.5680 7.3890
1428.0000 24.0000 -19.5680 7.3890
1428.0000 50.0000 -4.1580 25.9630
1428.0000 38.0000 -11.1850 17.8510
1428.0000 41.0000 9.4220 7.5920
1428.0000 32.0000 -23.8610 8.1340
1428.0000 65.0000 -21.0370 7.6830
1428.0000 36.0000 -11.4330 20.5620
1428.0000 56.0000 -19.9750 9.6260
1428.0000 83.0000 21.1040 21.2850
1428.0000 34.0000 14.4840 5.0610
1428.0000 88.0000 -19.3160 25.6150
1428.0000 79.0000 -30.1880 19.7040
1428.0000 43.0000 9.6260 11.9760
1428.0000 75.0000 -25.1260 7.6830
1440.0000 50.0000 -3.5810 25.9690
1440.0000 79.0000 -29.6000 19.8840
1440.0000 41.0000 8.6540 7.5920
1440.0000 66.0000 -21.0370 7.6830
1440.0000 76.0000 -25.1260 7.6830
1440.0000 83.0000 21.1040 21.2850
1440.0000 38.0000 -12.2020 18.0310
1440.0000 88.0000 -19.3410 25.6000
1440.0000 34.0000 14.4840 5.0610
1440.0000 43.0000 10.0330 11.7950
1440.0000 24.0000 -19.5680 7.3890
1440.0000 56.0000 -19.9750 9.6260
1440.0000 32.0000 -23.8610 8.1340
1440.0000 36.0000 -12.3370 20.1780
1452.0000 38.0000 -13.2860 18.2120
1452.0000 79.0000 -29.1030 20.2680
1452.0000 43.0000 10.4620 11.7950
1452.0000 36.0000 -13.3770 19.7940
1452.0000 32.0000 -23.8610 8.1340
1452.0000 56.0000 -19.9750 9.6260
1452.0000 41.0000 7.9990 7.5920
1452.0000 76.0000 -25.1260 7.6830
1452.0000 24.0000 -19.5680 7.3890
1452.0000 34.0000 14.4840 5.0610
1452.0000 83.0000 21.1040 21.2850
1452.0000 66.0000 -21.0820 7.6830
1452.0000 88.0000 -19.3670 25.5850
1452.0000 50.0000 -3.0670 25.9850
1464.0000 38.0000 -14.5290 18.0310
1464.0000 34.0000 14.4840 5.0610
1464.0000 24.0000 -19.5680 7.3890
1464.0000 41.0000 7.2310 7.5920
1464.0000 79.0000 -28.5160 20.4720
1464.0000 50.0000 -2.5520 26.0000
1464.0000 36.0000 -14.5970 19.7940
1464.0000 32.0000 -23.8610 8.1340
1464.0000 43.0000 10.8910 11.5920
1464.0000 56.0000 -19.9750 9.6260
1464.0000 76.0000 -25.1260 7.6830
1464.0000 83.0000 21.1040 21.2850
1464.0000 88.0000 -19.3920 25.5690
1464.0000 66.0000 -21.0820 7.6830
1476.0000 79.0000 -27.9280 20.6530
1476.0000 76.0000 -25.1260 7.6830
1476.0000 44.0000 11.2980 11.5920
1476.0000 41.0000 6.5750 7.5920
1476.0000 57.0000 -19.9750 9.6260
1476.0000 66.0000 -21.1040 7.6830
1476.0000 88.0000 -19.4170 25.5540
1476.0000 83.0000 21.1040 21.2850
1476.0000 50.0000 -2.0380 26.0160
1488.0000 41.0000 5.8070 7.5920
1488.0000 66.0000 -21.1040 7.6830
1488.0000 83.0000 21.1040 21.2850
1488.0000 76.0000 -25.1260 7.6830
1488.0000 50.0000 -1.5230 26.0320
1488.0000 79.0000 -27.4310 20.8330
1488.0000 88.0000 -19.4430 25.5390
1488.0000 57.0000 -19.9750 9.6260
1488.0000 44.0000 11.7270 11.4110
1500.0000 88.0000 -19.4690 25.5240
1500.0000 57.0000 -19.9750 9.6260
1500.0000 66.0000 -21.1040 7.6830
1500.0000 48.0000 9.2640 25.3300
1500.0000 83.0000 21.1040 21.2850
1500.0000 53.0000 -30.6400 23.5220
1500.0000 79.0000 -26.9340 21.0140
1500.0000 46.0000 11.5460 25.8720
1500.0000 44.0000 12.1340 11.4110
1500.0000 41.0000 5.1520 7.5920
1500.0000 50.0000 -1.0080 26.0480
1500.0000 51.0000 -0.2940 24.2900
1500.0000 76.0000 -25.1260 7.6830
1512.0000 76.0000 -25.1260 7.6830
1512.0000 53.0000 -30.6400 23.5220
1512.0000 46.0000 11.0950 25.6910
1512.0000 66.0000 -21.1720 7.6830
1512.0000 51.0000 -0.6330 24.2900
1512.0000 57.0000 -19.9750 9.5350
1512.0000 48.0000 8.9030 25.1040
1512.0000 44.0000 12.5180 11.1170
1512.0000 89.0000 -19.4940 25.5090
1512.0000 79.0000 -26.4140 20.8330
1512.0000 50.0000 -0.4930 26.0640
1512.0000 83.0000 21.1040 21.2850
1512.0000 41.0000 4.5640 7.6830
1524.0000 48.0000 8.6770 25.1040
1524.0000 89.0000 -19.5200 25.4940
1524.0000 51.0000 -0.9720 24.4710
1524.0000 66.0000 -21.1720 7.6830
1524.0000 50.0000 0.0210 26.0800
1524.0000 84.0000 21.1040 21.2850
1524.0000 57.0000 -19.9750 9.5350
1524.0000 44.0000 12.9020 10.9360
1524.0000 76.0000 -25.0810 7.6830
1524.0000 53.0000 -30.6400 23.5220
1524.0000 41.0000 4.0220 7.9540
1524.0000 46.0000 10.6650 25.5110
1524.0000 79.0000 -25.9170 20.7430
1536.0000 44.0000 13.3090 10.7560
1536.0000 57.0000 -19.9750 9.5350
1536.0000 53.0000 -30.6170 23.5220
1536.0000 84.0000 21.1040 21.2850
1536.0000 50.0000 0.5360 26.0950
1536.0000 48.0000 8.4060 25.1040
1536.0000 51.0000 -1.2200 24.4710
1536.0000 46.0000 10.2130 25.4200
1536.0000 89.0000 -19.5450 25.4790
1536.0000 79.0000 -25.3750 20.7430
1536.0000 76.0000 -24.9910 7.6830
1536.0000 41.0000 3.5020 8.0670
1536.0000 66.0000 -21.1720 7.6830
1548.0000 44.0000 13.6700 10.5750
1548.0000 46.0000 9.7840 25.4200
1548.0000 79.0000 -24.8330 20.6530
1548.0000 89.0000 -19.5710 25.4630
1548.0000 51.0000 -1.5590 24.6520
1548.0000 76.0000 -24.9460 7.8630
1548.0000 57.0000 -19.9750 9.4450
1548.0000 41.0000 2.9150 8.2470
1548.0000 84.0000 21.1040 21.2850
1548.0000 66.0000 -21.1720 7.7730
1548.0000 53.0000 -30.6170 23.5220
1548.0000 48.0000 7.9990 24.9230
1560.0000 51.0000 -1.8080 24.6520
1560.0000 84.0000 21.1040 21.2850
1560.0000 41.0000 2.3500 8.2470
1560.0000 79.0000 -24.2900 20.6530
1560.0000 48.0000 7.5700 24.9230
1560.0000 76.0000 -24.9460 7.8630
1560.0000 89.0000 -19.5960 25.4480
1560.0000 53.0000 -30.6170 23.5220
1560.0000 44.0000 14.1000 10.4840
1560.0000 57.0000 -19.9750 9.4450
1560.0000 66.0000 -21.1720 7.7730
1560.0000 46.0000 9.3770 25.4200
1572.0000 57.0000 -19.9750 9.4450
1572.0000 79.0000 -23.7930 20.5620
1572.0000 41.0000 1.7170 8.2470
1572.0000 89.0000 -19.6210 25.4330
1572.0000 46.0000 8.9250 25.4200
1572.0000 44.0000 14.5290 10.1000
1572.0000 66.0000 -21.1720 7.7730
1572.0000 76.0000 -24.8550 7.8630
1572.0000 53.0000 -30.5270 23.3410
1572.0000 84.0000 21.1500 21.2850
1572.0000 51.0000 -2.1470 24.8550
1572.0000 48.0000 7.1400 24.7420
1584.0000 46.0000 8.4510 25.4200
1584.0000 41.0000 1.1300 8.2470
1584.0000 76.0000 -24.8100 8.0440
1584.0000 66.0000 -21.2170 7.8630
1584.0000 57.0000 -19.9750 9.4450
1584.0000 84.0000 21.1500 21.3760
1584.0000 79.0000 -23.2510 20.5620
1584.0000 51.0000 -2.4860 24.8550
1584.0000 89.0000 -19.6470 25.4180
1584.0000 44.0000 15.0260 9.7160
1584.0000 53.0000 -30.5270 23.1610
1584.0000 48.0000 6.7340 24.7420
1596.0000 48.0000 6.3270 24.5620
1596.0000 66.0000 -21.2170 7.8630
1596.0000 41.0000 0.4520 8.2470
1596.0000 51.0000 -2.7340 25.0360
1596.0000 89.0000 -19.6720 25.4030
1596.0000 53.0000 -30.6170 22.9800
1596.0000 76.0000 -24.7880 8.0440
1596.0000 84.0000 21.1500 21.3760
1596.0000 57.0000 -19.9750 9.3550
1596.0000 79.0000 -22.6860 20.4720
1596.0000 46.0000 7.9990 25.4200
1596.0000 44.0000 15.4330 9.5350
1608.0000 48.0000 5.8970 24.5620
1608.0000 66.0000 -21.2630 7.8630
1608.0000 76.0000 -24.7200 8.0440
1608.0000 53.0000 -30.6170 22.9800
1608.0000 57.0000 -19.9750 9.3550
1608.0000 79.0000 -22.1890 20.4720
1608.0000 89.0000 -19.9290 25.3980
1608.0000 84.0000 21.1500 21.3760
1608.0000 51.0000 -3.0500 25.0360
1608.0000 46.0000 7.4340 25.5070
1608.0000 41.0000 -0.1360 8.2470
1608.0000 44.0000 15.8620 9.3550
1620.0000 44.0000 16.2690 9.1740
1620.0000 66.0000 -21.2630 7.9540
1620.0000 89.0000 -20.3590 25.5110
1620.0000 51.0000 -3.5700 25.0360
1620.0000 79.0000 -21.6470 20.3590
1620.0000 41.0000 -0.7910 8.0670
1620.0000 48.0000 4.8810 24.3810
1620.0000 46.0000 6.8020 25.6220
1620.0000 57.0000 -19.9750 9.3550
1620.0000 76.0000 -24.7200 8.2250
1620.0000 53.0000 -30.6170 22.9800
1620.0000 84.0000 21.1500 21.3760
1632.0000 66.0000 -21.2630 7.9540
1632.0000 44.0000 16.6080 8.7900
1632.0000 51.0000 -4.1580 25.0360
1632.0000 41.0000 -1.4690 8.0670
1632.0000 84.0000 21.1500 21.3760
1632.0000 80.0000 -21.1500 20.3590
1632.0000 46.0000 6.1700 25.7370
1632.0000 53.0000 -30.6170 22.9800
1632.0000 57.0000 -19.9750 9.4450
1632.0000 89.0000 -20.6750 25.6910
1632.0000 48.0000 3.7960 24.3810
1632.0000 76.0000 -24.6750 8.2250
1644.0000 44.0000 17.0370 8.4280
1644.0000 53.0000 -30.6170 22.9800
1644.0000 76.0000 -24.5840 8.2250
1644.0000 46.0000 5.5380 25.8530
1644.0000 51.0000 -4.6550 25.0360
1644.0000 66.0000 -21.2630 7.9540
1644.0000 84.0000 21.1720 21.3760
1644.0000 57.0000 -19.9750 9.3550
1644.0000 48.0000 2.6210 24.3810
1644.0000 80.0000 -20.7200 20.5620
1644.0000 89.0000 -21.0140 25.7820
1656.0000 89.0000 -21.4110 25.7750
1656.0000 76.0000 -24.5390 8.2250
1656.0000 48.0000 1.9660 24.2000
1656.0000 51.0000 -5.2420 25.0360
1656.0000 57.0000 -19.9750 9.3550
1656.0000 44.0000 17.5340 8.4280
