0.0000 1.0000 16.0850 13.7330
0.0000 12.0000 6.0020 10.5330
0.0000 10.0000 16.5010 -0.0170
0.0000 7.0000 -19.9770 -5.2750
0.0000 5.0000 -18.4550 11.3640
12.0000 12.0000 6.3820 10.2570
12.0000 10.0000 16.5010 -0.0170
12.0000 5.0000 -17.9530 11.3640
12.0000 7.0000 -19.8390 -5.5520
12.0000 1.0000 15.5670 13.8890
24.0000 5.0000 -17.4350 11.3640
24.0000 10.0000 16.5010 -0.0170
24.0000 1.0000 15.0820 14.0270
24.0000 7.0000 -19.7180 -5.6900
24.0000 12.0000 6.8320 10.1180
36.0000 12.0000 7.2990 9.9630
36.0000 10.0000 16.5010 -0.0170
36.0000 1.0000 14.5630 14.1660
36.0000 7.0000 -19.5970 -5.9670
36.0000 5.0000 -16.9160 11.3640
48.0000 10.0000 16.5010 -0.0170
48.0000 7.0000 -19.4580 -6.1060
48.0000 12.0000 7.7660 9.8240
48.0000 1.0000 14.0790 14.3040
48.0000 5.0000 -16.3970 11.3640
60.0000 7.0000 -19.1300 -6.1060
60.0000 12.0000 8.1470 9.5470
60.0000 5.0000 -15.8780 11.3640
60.0000 1.0000 13.5950 14.4420
60.0000 10.0000 16.5010 -0.0170
72.0000 1.0000 13.1110 14.5810
72.0000 12.0000 8.5960 9.4090
72.0000 5.0000 -15.3590 11.3640
72.0000 10.0000 16.5010 -0.0170
72.0000 7.0000 -18.7320 -6.1060
84.0000 12.0000 9.0460 9.2710
84.0000 7.0000 -18.4900 -6.2440
84.0000 5.0000 -14.9790 11.3640
84.0000 1.0000 12.7820 14.7190
84.0000 10.0000 16.5010 -0.0170
108.0000 3.0000 -21.6380 44.1570
120.0000 3.0000 -21.3610 43.7420
132.0000 3.0000 -20.9800 43.5860
144.0000 3.0000 -20.6000 43.4480
156.0000 3.0000 -20.2020 43.3100
168.0000 3.0000 -19.8040 43.1710
180.0000 3.0000 -19.4240 43.0330
192.0000 3.0000 -19.0430 43.0330
240.0000 2.0000 6.5550 15.9820
240.0000 8.0000 -18.2820 -6.6590
240.0000 11.0000 16.5010 -0.0170
240.0000 6.0000 -10.3430 11.8480
252.0000 2.0000 6.0360 15.9820
252.0000 8.0000 -18.2820 -6.6590
252.0000 6.0000 -10.0490 11.8480
252.0000 11.0000 16.5010 -0.0170
264.0000 8.0000 -18.2820 -6.6590
264.0000 6.0000 -9.6860 11.8480
264.0000 2.0000 5.5170 16.1200
264.0000 11.0000 16.5010 -0.0170
276.0000 8.0000 -18.2820 -6.6590
276.0000 6.0000 -9.4090 11.8480
276.0000 11.0000 16.5010 -0.0170
276.0000 2.0000 5.0500 16.2580
288.0000 6.0000 -9.0460 11.8480
288.0000 11.0000 16.5010 -0.0170
288.0000 2.0000 4.5320 16.2580
288.0000 8.0000 -18.2820 -6.6590
300.0000 8.0000 -18.2820 -6.6590
300.0000 11.0000 16.5010 -0.0170
300.0000 6.0000 -8.6830 11.9170
300.0000 2.0000 4.2200 16.3970
312.0000 8.0000 -18.2820 -6.6590
312.0000 11.0000 16.5010 -0.0170
312.0000 2.0000 3.8920 16.6740
312.0000 6.0000 -7.9560 11.9170
324.0000 9.0000 20.1670 41.4940
