0.0000 1.0000 10.2920 13.9070
0.0000 11.0000 -25.7310 13.9070
0.0000 7.0000 41.6800 13.6730
0.0000 13.0000 -26.0920 5.3380
0.0000 9.0000 10.8660 -16.6930
0.0000 19.0000 -7.5070 -22.7110
0.0000 15.0000 -20.7970 11.0790
0.0000 3.0000 35.9380 22.2010
0.0000 5.0000 32.6630 15.1190
0.0000 17.0000 -23.1150 -1.7440
12.0000 3.0000 35.4700 22.0940
12.0000 1.0000 10.8030 14.0140
12.0000 11.0000 -25.2630 13.7160
12.0000 7.0000 40.9780 13.2690
12.0000 19.0000 -7.1660 -22.6260
12.0000 13.0000 -25.9650 5.1460
12.0000 5.0000 32.1950 14.6300
12.0000 9.0000 11.3340 -16.5870
12.0000 17.0000 -23.2000 -1.7440
12.0000 15.0000 -20.5850 11.0790
24.0000 5.0000 31.7280 14.2480
24.0000 13.0000 -25.7310 4.9340
24.0000 1.0000 11.3980 14.2050
24.0000 7.0000 40.2760 12.8870
24.0000 11.0000 -24.7530 13.6100
24.0000 15.0000 -20.3290 11.1640
24.0000 3.0000 35.0020 22.0090
24.0000 19.0000 -6.6990 -22.5410
24.0000 9.0000 11.9300 -16.5020
24.0000 17.0000 -23.2000 -1.7440
36.0000 13.0000 -25.4970 4.7630
36.0000 15.0000 -20.1170 11.2490
36.0000 11.0000 -24.2850 13.5250
36.0000 17.0000 -23.2000 -1.7440
36.0000 9.0000 12.5040 -16.4170
36.0000 19.0000 -6.2310 -22.4350
36.0000 5.0000 31.2600 13.8650
36.0000 1.0000 11.9940 14.3960
36.0000 3.0000 34.5350 21.9240
36.0000 7.0000 39.6810 12.6100
48.0000 5.0000 30.8980 13.4610
48.0000 3.0000 34.1940 21.7970
48.0000 15.0000 -19.8620 11.3560
48.0000 11.0000 -23.7530 13.4400
48.0000 13.0000 -25.2630 4.5510
48.0000 7.0000 38.9790 12.2270
48.0000 1.0000 12.5680 14.5450
48.0000 17.0000 -23.2000 -1.7440
48.0000 9.0000 13.0990 -16.3100
48.0000 19.0000 -5.8270 -22.2860
60.0000 15.0000 -19.6490 11.4620
60.0000 1.0000 13.1630 14.7150
60.0000 3.0000 33.7260 21.7120
60.0000 17.0000 -23.2000 -1.7440
60.0000 9.0000 13.6730 -16.1190
60.0000 19.0000 -5.3590 -22.1370
60.0000 5.0000 30.4300 13.0780
60.0000 7.0000 38.3410 11.9300
60.0000 11.0000 -23.2210 13.2910
60.0000 13.0000 -25.0290 4.4660
72.0000 13.0000 -24.9230 4.5510
72.0000 9.0000 14.1410 -16.0340
72.0000 7.0000 37.6820 11.5470
72.0000 1.0000 13.7370 14.8640
72.0000 15.0000 -19.3940 11.5470
72.0000 11.0000 -22.6900 13.1840
72.0000 19.0000 -4.9550 -22.0520
72.0000 5.0000 29.9630 12.6950
72.0000 3.0000 33.2590 21.6270
72.0000 17.0000 -23.2000 -1.7440
84.0000 17.0000 -23.2000 -1.7440
84.0000 19.0000 -4.5290 -21.9030
84.0000 13.0000 -24.6890 4.6570
84.0000 1.0000 14.3330 15.0770
84.0000 3.0000 32.8330 21.5420
84.0000 5.0000 29.6010 12.2270
84.0000 15.0000 -19.1810 11.6320
84.0000 9.0000 14.7370 -15.9280
84.0000 11.0000 -22.2220 13.0780
84.0000 7.0000 37.0440 11.2710
240.0000 10.0000 21.5420 -14.7580
240.0000 2.0000 21.1160 17.0550
240.0000 16.0000 -15.9060 12.6950
240.0000 12.0000 -19.5430 14.2480
240.0000 8.0000 29.1970 6.1460
240.0000 20.0000 0.5100 -20.4570
240.0000 14.0000 -21.5200 6.5920
240.0000 4.0000 26.8580 20.6480
240.0000 6.0000 23.8590 7.4000
240.0000 18.0000 -23.3920 -1.6160
252.0000 8.0000 28.6230 5.7630
252.0000 6.0000 23.3920 7.0170
252.0000 16.0000 -15.5240 12.6950
252.0000 12.0000 -19.4150 14.2480
252.0000 18.0000 -23.3920 -1.6160
252.0000 4.0000 26.3900 20.6480
252.0000 20.0000 0.8510 -20.3510
252.0000 2.0000 21.7120 17.2250
252.0000 10.0000 22.1160 -14.6730
252.0000 14.0000 -21.1590 6.6770
264.0000 8.0000 28.0270 5.2740
264.0000 12.0000 -19.0750 14.3540
264.0000 10.0000 22.5840 -14.5880
264.0000 6.0000 22.9240 6.7410
264.0000 16.0000 -15.3110 12.6950
264.0000 4.0000 25.7950 20.5630
264.0000 18.0000 -23.3920 -1.6160
264.0000 20.0000 1.2120 -20.1810
264.0000 2.0000 22.2860 17.4370
264.0000 14.0000 -20.8190 6.8690
276.0000 14.0000 -20.4570 6.9750
276.0000 12.0000 -18.8200 14.3540
276.0000 18.0000 -23.3920 -1.5100
276.0000 20.0000 1.5520 -19.9680
276.0000 16.0000 -15.0560 12.6950
276.0000 10.0000 23.0510 -14.5880
276.0000 2.0000 22.8810 17.5220
276.0000 4.0000 25.3270 20.5630
276.0000 6.0000 22.4560 6.3580
276.0000 8.0000 27.4530 4.8910
288.0000 10.0000 23.5190 -14.4820
288.0000 2.0000 23.5830 17.7140
288.0000 20.0000 1.9140 -19.7770
288.0000 16.0000 -14.8430 12.8020
288.0000 12.0000 -18.4790 14.4390
288.0000 8.0000 26.8580 4.5080
288.0000 4.0000 24.8590 20.4780
288.0000 18.0000 -23.3920 -1.5100
288.0000 6.0000 21.9880 6.0610
