0.0000 0.0000 12.0840 -9.2380
0.0000 46.0000 3.2350 31.5740
0.0000 8.0000 -8.5170 -0.2530
0.0000 26.0000 0.1750 51.6290
12.0000 8.0000 -8.5170 1.2860
12.0000 0.0000 12.3960 -9.5500
12.0000 26.0000 0.1750 51.6290
12.0000 46.0000 2.9240 31.3990
24.0000 8.0000 -8.5170 2.9040
24.0000 26.0000 0.1750 51.6290
24.0000 0.0000 12.7080 -9.7450
24.0000 46.0000 2.6900 31.2430
36.0000 8.0000 -8.5170 4.5220
36.0000 46.0000 2.4170 31.0870
36.0000 26.0000 0.1750 51.6290
36.0000 0.0000 13.0970 -9.9010
48.0000 46.0000 2.1440 31.0870
48.0000 8.0000 -8.5170 6.1390
48.0000 26.0000 0.1750 51.6290
48.0000 0.0000 13.4090 -10.0570
60.0000 8.0000 -8.6730 7.6010
60.0000 26.0000 0.1750 51.6290
60.0000 46.0000 1.8710 30.9110
60.0000 0.0000 13.8180 -10.2130
72.0000 46.0000 1.7150 30.7550
72.0000 0.0000 14.1300 -10.3690
72.0000 26.0000 0.1750 51.6290
72.0000 35.0000 -14.1690 -7.4650
72.0000 8.0000 -8.8290 9.2190
84.0000 46.0000 1.6370 30.5990
84.0000 35.0000 -15.3580 -7.1330
84.0000 8.0000 -9.2970 10.4470
84.0000 26.0000 0.1750 51.6290
84.0000 0.0000 14.5200 -10.5250
96.0000 8.0000 -9.6870 11.7330
96.0000 46.0000 1.4810 30.4240
96.0000 35.0000 -16.5280 -6.8220
96.0000 0.0000 14.8320 -10.6810
96.0000 26.0000 0.1750 51.6290
108.0000 46.0000 1.4030 30.4240
108.0000 0.0000 15.2220 -11.0310
108.0000 35.0000 -17.7160 -6.4900
108.0000 26.0000 0.1750 51.6290
108.0000 8.0000 -10.0180 12.7080
120.0000 0.0000 15.4560 -11.1870
120.0000 35.0000 -18.8860 -6.1590
120.0000 26.0000 0.1750 51.6290
120.0000 8.0000 -9.3750 10.2520
120.0000 46.0000 1.3250 30.2680
132.0000 35.0000 -20.0750 -5.8470
132.0000 26.0000 0.1750 51.6290
132.0000 46.0000 1.2470 30.1120
132.0000 8.0000 -8.7510 7.9130
132.0000 0.0000 15.7090 -11.3430
144.0000 46.0000 1.1500 29.9370
144.0000 26.0000 0.1750 51.6290
144.0000 8.0000 -9.7650 8.3220
144.0000 0.0000 15.8650 -11.6550
144.0000 35.0000 -21.2440 -5.5160
156.0000 8.0000 -14.9290 15.9430
156.0000 26.0000 0.1750 51.6290
156.0000 35.0000 -25.5320 -5.8470
156.0000 0.0000 16.0990 -11.8500
156.0000 46.0000 0.9940 29.7810
168.0000 0.0000 16.3330 -12.1620
168.0000 35.0000 -27.0910 -6.0030
168.0000 8.0000 -16.6830 16.0990
168.0000 46.0000 0.9940 29.6250
168.0000 26.0000 0.1750 51.6290
180.0000 8.0000 -18.4180 16.2740
180.0000 35.0000 -27.0910 -6.0030
180.0000 46.0000 1.0720 29.1380
180.0000 26.0000 0.1750 51.6290
180.0000 0.0000 16.5670 -12.3180
192.0000 26.0000 0.1750 51.6290
192.0000 8.0000 -20.1920 16.5080
192.0000 35.0000 -27.0910 -6.0030
192.0000 46.0000 1.2470 28.8060
192.0000 0.0000 16.8000 -12.4740
204.0000 46.0000 1.3250 28.3190
204.0000 35.0000 -26.5270 -6.0650
204.0000 26.0000 0.1750 51.6290
204.0000 8.0000 -21.9460 16.6640
204.0000 0.0000 17.0340 -12.7850
216.0000 26.0000 0.1750 51.6290
216.0000 46.0000 1.4810 28.0070
216.0000 52.0000 18.3600 22.5110
216.0000 8.0000 -23.6800 16.8200
216.0000 35.0000 -25.9110 -6.1330
216.0000 0.0000 17.2680 -12.9800
228.0000 35.0000 -25.2960 -6.2010
228.0000 52.0000 18.8470 22.6670
228.0000 46.0000 1.5590 27.5200
228.0000 26.0000 0.1750 51.6290
228.0000 8.0000 -23.3600 16.4940
228.0000 0.0000 17.5020 -13.2920
240.0000 35.0000 -24.6800 -6.2690
