0.0000 0.0000 11.4410 18.1710
0.0000 350.0000 15.8800 17.4270
12.0000 0.0000 10.9830 18.2860
12.0000 350.0000 15.3080 17.4270
24.0000 0.0000 10.5390 18.4580
24.0000 350.0000 14.8060 17.5410
36.0000 0.0000 10.0810 18.6300
36.0000 350.0000 14.2910 17.6560
48.0000 0.0000 9.6230 18.8160
48.0000 350.0000 13.7900 17.7700
60.0000 0.0000 9.1790 19.0450
60.0000 350.0000 13.2740 17.8850
72.0000 350.0000 12.7730 18.0000
72.0000 0.0000 8.7210 19.1740
84.0000 350.0000 12.2570 18.1140
84.0000 0.0000 8.2770 19.4030
240.0000 1.0000 3.9240 23.6410
240.0000 351.0000 5.3270 19.2170
252.0000 1.0000 3.6940 24.1000
252.0000 351.0000 4.7680 19.2170
264.0000 1.0000 3.5230 24.3290
264.0000 351.0000 4.1960 19.2170
276.0000 351.0000 3.6370 19.1020
276.0000 1.0000 3.3510 24.5580
288.0000 1.0000 3.0640 25.3600
288.0000 351.0000 2.9500 18.8730
300.0000 1.0000 2.9500 26.0760
300.0000 351.0000 2.3340 18.7580
312.0000 351.0000 1.7610 18.7580
312.0000 1.0000 2.8350 26.5340
324.0000 351.0000 1.2030 18.6440
324.0000 1.0000 2.7350 27.1070
396.0000 190.0000 -4.5680 39.1210
408.0000 190.0000 -4.5110 38.7770
420.0000 190.0000 -4.5680 38.3050
432.0000 190.0000 -4.6250 37.7320
444.0000 190.0000 -4.6820 37.1590
456.0000 190.0000 -4.6820 36.6860
468.0000 190.0000 -4.6250 36.0990
468.0000 186.0000 19.7040 6.5730
480.0000 190.0000 -4.6250 35.5270
480.0000 186.0000 19.2450 6.4580
480.0000 352.0000 -6.2580 17.9420
492.0000 352.0000 -6.8880 17.9420
492.0000 186.0000 18.5150 6.4580
504.0000 352.0000 -7.4750 17.9420
504.0000 186.0000 17.7700 6.3440
516.0000 186.0000 17.0400 6.3440
516.0000 352.0000 -8.0190 17.9420
528.0000 186.0000 16.2810 6.2860
528.0000 352.0000 -8.5200 18.0000
540.0000 186.0000 15.5370 6.2860
540.0000 352.0000 -9.0640 18.0000
540.0000 9.0000 19.1590 38.0750
552.0000 186.0000 14.8060 6.2290
552.0000 352.0000 -9.5800 18.0570
552.0000 9.0000 19.1590 38.0750
564.0000 352.0000 -10.0810 18.0570
564.0000 9.0000 19.1590 38.0750
564.0000 7.0000 19.2450 38.7200
576.0000 9.0000 19.1590 38.0750
576.0000 7.0000 19.3890 38.4760
588.0000 7.0000 19.4740 38.2470
588.0000 9.0000 19.1590 38.0750
600.0000 9.0000 19.1590 38.0750
600.0000 7.0000 19.5320 38.2470
612.0000 9.0000 19.1590 38.0750
612.0000 7.0000 19.5320 38.2470
624.0000 9.0000 19.1590 38.0750
624.0000 7.0000 19.5320 38.2470
636.0000 7.0000 19.5320 38.2470
636.0000 191.0000 -4.0090 28.5100
648.0000 7.0000 19.5320 38.2470
648.0000 191.0000 -4.0090 27.9370
660.0000 191.0000 -4.0090 27.3360
672.0000 191.0000 -4.0090 26.6490
684.0000 191.0000 -4.0810 26.1900
696.0000 191.0000 -4.1960 25.9610
696.0000 181.0000 20.0190 7.6040
708.0000 191.0000 -4.1960 25.4740
708.0000 181.0000 19.4170 6.6870
708.0000 187.0000 5.3270 4.7110
720.0000 191.0000 -4.1960 25.0160
720.0000 181.0000 19.0450 7.0310
720.0000 353.0000 -16.6820 18.2860
720.0000 187.0000 4.5390 4.2530
732.0000 353.0000 -17.6270 18.0570
732.0000 187.0000 3.9810 3.7950
732.0000 181.0000 18.3720 6.9160
744.0000 353.0000 -18.3150 18.0570
744.0000 187.0000 3.4080 3.3220
744.0000 181.0000 17.6850 6.9160
756.0000 181.0000 17.0120 6.8020
756.0000 187.0000 2.7780 2.9640
756.0000 353.0000 -18.8300 17.8280
768.0000 353.0000 -19.4320 17.5990
768.0000 181.0000 16.3390 6.8020
768.0000 187.0000 2.1050 2.7350
780.0000 187.0000 1.1460 2.0480
780.0000 181.0000 15.6800 6.8020
780.0000 353.0000 -19.6610 18.1710
780.0000 10.0000 19.1590 38.0750
792.0000 353.0000 -19.8880 17.8430
792.0000 10.0000 19.1590 38.0750
792.0000 187.0000 0.1290 1.3600
804.0000 353.0000 -19.8800 17.9030
804.0000 10.0000 19.1590 38.0750
804.0000 8.0000 19.5320 38.2470
816.0000 8.0000 19.5320 38.2470
816.0000 10.0000 19.1590 38.0750
828.0000 8.0000 19.5320 38.2470
828.0000 10.0000 19.1590 38.0750
840.0000 10.0000 19.1590 38.0750
840.0000 8.0000 19.5320 38.2470
852.0000 8.0000 19.5320 38.2470
852.0000 10.0000 19.1590 38.0750
864.0000 10.0000 19.1590 38.0750
864.0000 8.0000 19.5320 38.2470
876.0000 8.0000 19.5320 38.2470
876.0000 192.0000 -4.4530 19.1160
888.0000 8.0000 19.5320 38.2470
888.0000 192.0000 -4.3960 18.5150
900.0000 192.0000 -4.3960 18.0570
912.0000 192.0000 -4.3390 17.4840
924.0000 192.0000 -4.2820 16.9110
936.0000 182.0000 7.4600 6.0000
936.0000 192.0000 -4.2240 16.4240
948.0000 182.0000 6.8300 6.0000
948.0000 192.0000 -4.2240 15.9660
960.0000 192.0000 -4.1670 15.5080
960.0000 182.0000 6.0280 5.8850
960.0000 354.0000 -19.7760 18.6820
972.0000 182.0000 5.1980 5.7710
972.0000 354.0000 -19.7690 18.7420
984.0000 182.0000 4.5680 5.6420
984.0000 354.0000 -19.7610 18.8010
984.0000 197.0000 -19.6180 19.8040
996.0000 354.0000 -19.7530 18.8620
996.0000 182.0000 3.6370 5.5270
996.0000 197.0000 -19.1590 19.8610
1008.0000 197.0000 -18.6870 19.9760
1008.0000 182.0000 2.9640 5.5270
1008.0000 354.0000 -19.7450 18.9210
1020.0000 182.0000 2.4200 5.6560
1020.0000 354.0000 -19.7370 18.9810
1020.0000 197.0000 -18.1140 20.0330
1032.0000 354.0000 -19.7290 19.0410
1032.0000 197.0000 -17.5700 20.0900
1044.0000 354.0000 -19.7210 19.1010
1044.0000 197.0000 -17.0400 20.1470
1044.0000 184.0000 3.2360 39.2930
1056.0000 184.0000 3.4650 39.1210
1056.0000 197.0000 -16.4820 20.2050
1068.0000 184.0000 3.6940 39.1210
1068.0000 197.0000 -15.9380 20.2050
1080.0000 184.0000 3.9090 39.1210
1092.0000 184.0000 4.1380 39.0060
1104.0000 184.0000 4.2530 38.6630
1116.0000 184.0000 4.3670 38.1900
1116.0000 193.0000 -4.4530 9.0640
1128.0000 193.0000 -4.5680 8.7210
1128.0000 184.0000 4.4820 37.8460
1140.0000 193.0000 -4.6250 8.2480
1152.0000 193.0000 -4.6820 7.7900
1164.0000 193.0000 -4.7970 7.4460
1176.0000 193.0000 -4.8540 6.9740
1176.0000 183.0000 -8.4630 5.3410
1188.0000 193.0000 -4.9120 6.5150
1188.0000 183.0000 -9.0360 5.4560
1200.0000 183.0000 -9.6660 5.7130
1200.0000 193.0000 -4.9690 6.0430
1200.0000 355.0000 -13.9330 19.6890
1212.0000 183.0000 -10.2240 5.8280
1212.0000 355.0000 -13.3310 19.6890
1224.0000 355.0000 -12.7730 19.6890
1224.0000 198.0000 -8.5770 19.4600
1224.0000 183.0000 -10.8400 5.9430
1236.0000 183.0000 -11.4130 6.0570
1236.0000 198.0000 -7.9620 19.3460
1236.0000 355.0000 -12.1720 19.6890
1248.0000 198.0000 -7.4030 19.2310
1248.0000 355.0000 -11.5840 19.6890
1248.0000 183.0000 -12.0280 6.1720
1260.0000 355.0000 -11.0120 19.8040
1260.0000 183.0000 -12.6580 6.1720
1260.0000 198.0000 -6.8300 19.1020
1272.0000 355.0000 -10.4530 19.8040
1272.0000 198.0000 -6.2000 18.8730
1284.0000 355.0000 -9.8800 19.9180
1284.0000 198.0000 -5.6420 18.7580
1284.0000 185.0000 6.0140 33.9510
1296.0000 198.0000 -5.1410 18.8730
1296.0000 185.0000 6.0140 33.9510
1308.0000 185.0000 6.0140 33.9510
1308.0000 198.0000 -4.6250 18.9880
1320.0000 185.0000 6.0140 33.9510
1332.0000 185.0000 6.0140 33.9510
1332.0000 195.0000 -13.4750 38.9490
1344.0000 185.0000 6.0140 33.9510
1344.0000 195.0000 -13.5890 38.7060
1356.0000 194.0000 -5.0260 -0.2150
1356.0000 195.0000 -13.5890 38.0180
1356.0000 185.0000 6.0140 33.9510
1368.0000 195.0000 -13.6460 37.3880
1368.0000 194.0000 -5.0260 -0.6870
1368.0000 185.0000 6.0140 33.9510
1380.0000 195.0000 -13.6460 36.7440
1380.0000 194.0000 -4.9690 -1.1460
1392.0000 195.0000 -13.7040 36.0990
1392.0000 194.0000 -4.9690 -1.6040
1404.0000 194.0000 -4.9120 -2.0760
1404.0000 195.0000 -13.7040 35.5270
1416.0000 195.0000 -13.7610 34.8970
1416.0000 194.0000 -4.9120 -2.4200
1428.0000 194.0000 -4.8540 -2.8930
1440.0000 194.0000 -4.8540 -3.3510
1440.0000 356.0000 -2.3050 20.2620
1452.0000 356.0000 -1.6750 20.2620
1464.0000 199.0000 2.9640 18.8730
1464.0000 356.0000 -1.0020 20.1470
1476.0000 356.0000 -0.3870 20.1470
1476.0000 199.0000 3.5230 18.7580
1488.0000 356.0000 0.2430 20.0330
1488.0000 199.0000 4.0810 18.6300
1500.0000 199.0000 4.6540 18.6300
1500.0000 356.0000 0.9160 20.0330
1512.0000 356.0000 1.3750 20.0330
1512.0000 199.0000 5.1980 18.6300
1524.0000 356.0000 1.8470 20.0900
1524.0000 199.0000 5.7280 18.7580
1536.0000 199.0000 6.3440 18.8160
1548.0000 199.0000 7.0020 18.8160
1572.0000 196.0000 -14.6920 26.9920
1572.0000 240.0000 11.7560 19.3460
1584.0000 196.0000 -14.8060 26.4190
1584.0000 240.0000 11.1260 19.3460
1596.0000 196.0000 -14.9210 25.9610
1596.0000 240.0000 10.5530 19.3460
1608.0000 196.0000 -15.0210 25.3600
1608.0000 240.0000 9.9950 19.3460
1620.0000 240.0000 9.4370 19.3460
1620.0000 196.0000 -15.0780 24.9020
1632.0000 196.0000 -15.3080 24.3290
1632.0000 240.0000 8.8060 19.3460
1644.0000 196.0000 -15.4790 23.8710
1644.0000 240.0000 8.2340 19.3460
1656.0000 196.0000 -15.6510 23.2830
1656.0000 240.0000 7.6900 19.3460
1680.0000 357.0000 9.2930 18.5150
1692.0000 357.0000 9.8520 18.5150
1704.0000 357.0000 10.3670 18.4010
1716.0000 357.0000 10.8110 18.4010
1728.0000 357.0000 11.3270 18.2860
1740.0000 357.0000 11.8990 18.2860
1752.0000 357.0000 12.4580 18.2860
1764.0000 357.0000 13.0160 18.2860
1788.0000 259.0000 -19.5170 17.1400
1800.0000 259.0000 -19.7180 17.4840
1812.0000 259.0000 -19.6460 17.9420
1812.0000 241.0000 -0.1290 20.2620
1824.0000 259.0000 -18.9300 17.9420
1824.0000 241.0000 -0.8730 20.3770
1836.0000 241.0000 -1.5890 20.4910
1836.0000 259.0000 -18.2570 17.9420
1848.0000 259.0000 -17.5410 17.9420
1848.0000 241.0000 -2.3340 20.6060
1860.0000 259.0000 -16.9540 17.9420
1860.0000 241.0000 -3.0790 20.8350
1872.0000 241.0000 -3.6230 20.9640
1872.0000 259.0000 -16.3960 17.9420
1884.0000 241.0000 -4.1380 21.1930
1884.0000 255.0000 8.0760 -14.9500
1896.0000 255.0000 7.5030 -14.8920
1896.0000 241.0000 -4.7110 21.3070
1908.0000 255.0000 6.9450 -14.7780
1920.0000 255.0000 6.3150 -14.7780
1920.0000 358.0000 16.4690 18.0600
1932.0000 255.0000 5.9860 -14.3190
1932.0000 358.0000 16.4830 18.0450
1944.0000 358.0000 16.4960 18.0310
1944.0000 255.0000 5.6420 -13.8470
1956.0000 255.0000 5.3550 -13.3890
1956.0000 358.0000 16.5090 18.0160
1968.0000 358.0000 16.5230 18.0010
1968.0000 255.0000 5.0260 -12.9300
1980.0000 358.0000 16.5360 17.9870
1992.0000 358.0000 16.5500 17.9720
2004.0000 358.0000 16.5630 17.9570
2004.0000 262.0000 6.0860 33.8370
2016.0000 262.0000 6.0860 33.8370
2028.0000 262.0000 6.0860 33.8370
2028.0000 260.0000 -11.4130 13.1310
2040.0000 260.0000 -11.1550 12.5440
2040.0000 262.0000 6.0860 33.8370
2052.0000 262.0000 6.0860 33.8370
2052.0000 260.0000 -10.8400 11.9710
2052.0000 242.0000 -11.6130 22.4670
2064.0000 262.0000 6.0860 33.8370
2064.0000 260.0000 -10.5820 11.4410
2064.0000 242.0000 -12.1000 22.3530
2076.0000 262.0000 6.0860 33.8370
2076.0000 242.0000 -12.6580 22.2380
2076.0000 260.0000 -10.4100 10.8680
2088.0000 242.0000 -13.3310 22.1240
2088.0000 260.0000 -10.3100 10.1670
2088.0000 262.0000 6.0860 33.8370
2100.0000 260.0000 -10.1950 9.5940
2100.0000 242.0000 -13.9610 22.1240
2112.0000 260.0000 -10.1380 8.7780
2112.0000 242.0000 -14.1330 22.2380
2124.0000 256.0000 4.1380 -5.8420
2124.0000 242.0000 -14.2480 22.4670
2136.0000 242.0000 -14.3050 22.6960
2136.0000 256.0000 4.1960 -5.2700
2148.0000 256.0000 4.1960 -4.7970
2160.0000 359.0000 16.7380 17.7660
2160.0000 256.0000 4.2530 -4.2240
2172.0000 256.0000 4.3100 -3.5230
2172.0000 363.0000 19.4460 6.4580
2172.0000 359.0000 16.7520 17.7520
2184.0000 363.0000 19.1020 6.4580
2184.0000 359.0000 16.7650 17.7370
2184.0000 256.0000 4.3670 -2.8210
2196.0000 359.0000 16.7790 17.7230
2196.0000 256.0000 4.4820 -2.2480
2196.0000 363.0000 18.7730 6.4580
2208.0000 359.0000 16.7920 17.7080
2208.0000 256.0000 4.5970 -1.7900
2208.0000 363.0000 18.4290 6.4580
2220.0000 359.0000 16.8060 17.6930
2220.0000 363.0000 18.0850 6.4580
2232.0000 359.0000 16.8190 17.6790
2232.0000 363.0000 17.7420 6.3440
2244.0000 263.0000 6.0860 33.8370
2244.0000 363.0000 17.1830 6.3440
2244.0000 359.0000 16.8330 17.6640
2256.0000 363.0000 16.6110 6.3440
2256.0000 263.0000 6.0860 33.8370
2268.0000 263.0000 6.0860 33.8370
2268.0000 261.0000 -8.8350 -0.1580
2280.0000 263.0000 6.0860 33.8370
2280.0000 261.0000 -8.6630 -0.7450
2292.0000 263.0000 6.0860 33.8370
2292.0000 261.0000 -8.4910 -1.2030
2304.0000 263.0000 6.0860 33.8370
2304.0000 261.0000 -8.3200 -1.7760
2316.0000 261.0000 -8.1480 -2.2480
2316.0000 263.0000 6.0860 33.8370
2328.0000 261.0000 -7.9900 -2.7210
2328.0000 263.0000 6.0860 33.8370
2340.0000 261.0000 -7.8180 -3.2930
2352.0000 261.0000 -7.6610 -3.7520
2364.0000 257.0000 4.9400 4.8260
2376.0000 257.0000 5.0550 5.4130
2388.0000 257.0000 5.1690 5.9860
2400.0000 360.0000 16.2810 17.8280
2400.0000 257.0000 5.3270 6.5730
2412.0000 257.0000 5.3840 7.0310
2412.0000 364.0000 9.6080 6.1140
2412.0000 360.0000 15.5940 18.0570
2424.0000 364.0000 9.0930 6.0000
2424.0000 360.0000 14.9640 18.1710
2424.0000 257.0000 5.3840 7.2600
2436.0000 360.0000 14.3050 18.1710
2436.0000 364.0000 8.5770 6.0000
2436.0000 257.0000 5.3840 7.3890
2448.0000 360.0000 13.6180 18.1710
2448.0000 364.0000 8.0760 6.0000
2448.0000 257.0000 5.3840 7.6180
2460.0000 364.0000 7.5180 6.1140
2460.0000 360.0000 13.0450 18.2860
2472.0000 360.0000 12.4720 18.2860
2472.0000 364.0000 7.0020 6.2290
2484.0000 364.0000 6.3720 6.2290
2484.0000 264.0000 6.0860 33.8370
2484.0000 360.0000 11.9280 18.4010
2496.0000 364.0000 5.8140 6.2290
2496.0000 264.0000 6.0860 33.8370
2496.0000 266.0000 4.7970 33.6650
2508.0000 266.0000 4.7970 33.6650
2508.0000 264.0000 6.0860 33.8370
2520.0000 264.0000 6.1140 33.8940
2520.0000 266.0000 4.7970 33.6650
2532.0000 266.0000 4.7970 33.6650
2532.0000 264.0000 6.1720 34.0090
2544.0000 264.0000 6.1720 34.1380
2544.0000 266.0000 4.7970 33.6650
2556.0000 264.0000 6.2290 34.1950
2556.0000 266.0000 4.7970 33.6650
2568.0000 264.0000 6.2580 34.2520
2568.0000 266.0000 4.7970 33.6650
2580.0000 266.0000 4.7970 33.6650
2604.0000 258.0000 7.0310 13.2460
2616.0000 258.0000 7.5460 13.4750
2628.0000 258.0000 8.2050 13.3600
2640.0000 258.0000 8.0900 14.1050
2640.0000 361.0000 3.7370 19.8040
2652.0000 258.0000 8.7780 13.7610
2652.0000 365.0000 -1.3320 7.1450
2652.0000 361.0000 3.3510 19.9180
2664.0000 365.0000 -1.9620 7.5030
2664.0000 361.0000 3.2930 19.5750
2664.0000 258.0000 8.7780 14.8210
2676.0000 361.0000 3.0210 19.8040
2676.0000 258.0000 9.1790 15.1640
2676.0000 365.0000 -2.5920 7.7330
2688.0000 361.0000 2.4490 20.3770
2688.0000 258.0000 10.0950 14.9350
2688.0000 365.0000 -3.2650 7.7330
2700.0000 361.0000 2.1620 20.1470
2700.0000 365.0000 -3.7660 7.9620
2712.0000 365.0000 -4.1670 8.6630
2712.0000 361.0000 1.8190 19.8040
2724.0000 361.0000 1.2030 19.9180
2724.0000 365.0000 -4.4530 9.2360
2724.0000 265.0000 6.4010 34.9540
2736.0000 365.0000 -4.5110 9.9380
2736.0000 265.0000 6.3440 35.0680
2736.0000 267.0000 4.7970 33.6650
2748.0000 265.0000 6.3440 35.0680
2748.0000 267.0000 4.7970 33.6650
2760.0000 265.0000 6.3440 35.1830
2760.0000 267.0000 4.7970 33.6650
2772.0000 265.0000 6.3440 35.1830
2772.0000 267.0000 4.7970 33.6650
2784.0000 267.0000 4.7970 33.6650
2784.0000 265.0000 6.2860 35.2970
2796.0000 265.0000 6.2860 35.2970
2796.0000 267.0000 4.7970 33.6650
2808.0000 265.0000 6.2860 35.4120
2808.0000 267.0000 4.7970 33.6650
2820.0000 267.0000 4.7970 33.6650
2880.0000 362.0000 -8.2340 20.7350
2892.0000 362.0000 -8.6350 20.2620
2892.0000 366.0000 -6.6010 16.4390
2904.0000 362.0000 -9.2650 20.2620
2904.0000 366.0000 -6.9450 16.6680
2916.0000 362.0000 -9.8950 20.3770
2916.0000 366.0000 -7.4030 17.0120
2928.0000 362.0000 -10.5530 20.3770
2928.0000 366.0000 -7.8470 17.4840
2940.0000 362.0000 -11.1840 20.2620
2940.0000 366.0000 -8.2910 17.9420
2952.0000 362.0000 -11.8710 20.1470
2952.0000 366.0000 -8.9210 17.7130
2964.0000 362.0000 -12.6440 20.2620
2964.0000 366.0000 -9.2070 17.3700
2976.0000 366.0000 -9.4370 17.3700
3408.0000 98.0000 2.3340 -14.8920
3420.0000 98.0000 2.5630 -14.8920
3432.0000 98.0000 2.8500 -14.3770
3444.0000 98.0000 2.8930 -13.9040
3456.0000 98.0000 2.9500 -13.4460
3468.0000 98.0000 3.0070 -12.9880
3468.0000 158.0000 6.8300 -14.6060
3480.0000 98.0000 3.0640 -12.5150
3480.0000 158.0000 6.3150 -14.8350
3492.0000 98.0000 3.1220 -11.9420
3492.0000 158.0000 5.9280 -14.8920
3504.0000 158.0000 5.5270 -14.8350
3516.0000 158.0000 5.0830 -14.6060
3528.0000 158.0000 4.7970 -14.4340
3540.0000 158.0000 4.6250 -14.1910
3552.0000 158.0000 4.4530 -13.8470
3648.0000 99.0000 4.0240 -5.0260
3660.0000 99.0000 4.0240 -4.4530
3672.0000 99.0000 4.0240 -3.8810
3684.0000 99.0000 4.0240 -3.2790
3696.0000 99.0000 4.0240 -2.7060
3708.0000 99.0000 4.0240 -2.2480
3708.0000 159.0000 4.0520 -8.9780
3720.0000 99.0000 4.0240 -1.6750
3720.0000 159.0000 4.1100 -8.5200
3732.0000 159.0000 4.1670 -8.1760
3732.0000 99.0000 4.0240 -1.0880
3744.0000 159.0000 4.2240 -7.8180
3756.0000 159.0000 4.2820 -7.3460
3768.0000 159.0000 4.2820 -7.0020
3780.0000 159.0000 4.2820 -6.6590
3792.0000 159.0000 4.2240 -6.2000
3888.0000 100.0000 4.0810 5.6560
3900.0000 100.0000 4.0810 6.2290
3912.0000 100.0000 4.0810 6.8020
3924.0000 100.0000 4.0810 7.3750
3936.0000 100.0000 4.0810 7.9760
3948.0000 100.0000 4.0810 8.5490
3948.0000 160.0000 3.5510 -1.2170
3960.0000 160.0000 3.4370 -0.7300
3960.0000 100.0000 4.0810 9.1210
3972.0000 160.0000 3.3790 -0.2720
3972.0000 100.0000 4.0810 9.5800
3972.0000 95.0000 -19.8040 6.0570
3984.0000 95.0000 -19.6180 6.0570
3984.0000 160.0000 3.3220 -0.0430
3996.0000 160.0000 3.3220 0.3010
3996.0000 95.0000 -19.3030 6.0570
4008.0000 160.0000 3.2650 0.5870
4008.0000 95.0000 -18.8440 5.9430
4020.0000 95.0000 -18.3720 5.9430
4020.0000 160.0000 3.2650 0.9880
4032.0000 95.0000 -17.9140 5.8850
4032.0000 160.0000 3.2360 1.3600
4044.0000 95.0000 -17.4700 5.7560
4056.0000 95.0000 -16.9830 5.7560
4128.0000 101.0000 4.4530 16.8400
4140.0000 101.0000 4.4530 17.4270
4152.0000 101.0000 4.4530 18.0000
4164.0000 153.0000 16.0810 18.1710
4164.0000 101.0000 4.5110 18.4580
4164.0000 205.0000 16.0810 17.1980
4176.0000 101.0000 4.5110 19.0450
4176.0000 205.0000 16.0810 17.1980
4176.0000 153.0000 16.0810 18.1710
4188.0000 205.0000 15.7940 17.0830
4188.0000 161.0000 3.9660 6.5150
4188.0000 101.0000 4.5110 19.6320
4188.0000 153.0000 15.8520 18.1710
4200.0000 153.0000 15.5080 18.1710
4200.0000 205.0000 15.4510 17.0830
4200.0000 161.0000 4.0810 6.9740
4200.0000 223.0000 16.6960 18.4010
4200.0000 101.0000 4.5680 20.0900
4200.0000 211.0000 16.7250 17.4270
4212.0000 223.0000 16.1950 18.4010
4212.0000 161.0000 4.1380 7.3170
4212.0000 211.0000 16.2240 17.1980
4212.0000 205.0000 15.1210 17.0830
4212.0000 96.0000 -11.1840 4.4820
4212.0000 153.0000 15.1790 18.1710
4212.0000 101.0000 4.6250 20.5480
4224.0000 223.0000 15.8520 18.4010
4224.0000 153.0000 14.8350 18.1710
4224.0000 161.0000 4.2530 7.6610
4224.0000 211.0000 15.8230 17.3120
4224.0000 205.0000 14.7780 17.0830
4224.0000 96.0000 -10.8400 4.2530
4236.0000 223.0000 15.6800 18.4010
4236.0000 96.0000 -10.5100 3.9090
4236.0000 211.0000 15.5940 17.3120
4236.0000 153.0000 14.4910 18.1710
4236.0000 161.0000 4.3100 7.6610
4236.0000 205.0000 14.3770 17.0830
4248.0000 153.0000 14.0900 18.1710
4248.0000 211.0000 15.2650 17.3120
4248.0000 96.0000 -10.3390 3.5510
4248.0000 161.0000 4.3670 7.6610
4248.0000 205.0000 13.9900 17.0830
4248.0000 223.0000 15.3360 18.4010
4260.0000 96.0000 -10.1670 3.0930
4260.0000 161.0000 4.4250 7.7900
4260.0000 223.0000 15.0070 18.4010
4260.0000 211.0000 14.9210 17.3120
4272.0000 223.0000 14.6630 18.4010
4272.0000 96.0000 -9.9950 2.6200
4272.0000 161.0000 4.3670 8.0330
4272.0000 211.0000 14.5770 17.3120
4284.0000 96.0000 -9.8800 2.1620
4284.0000 223.0000 14.3770 18.4010
4284.0000 211.0000 14.2340 17.4270
4296.0000 96.0000 -9.7660 2.0480
4320.0000 316.0000 -8.9780 38.9350
4332.0000 316.0000 -8.9210 38.7060
4344.0000 316.0000 -8.7490 38.4760
4344.0000 200.0000 5.3270 -15.0640
4356.0000 200.0000 5.1550 -14.6630
4356.0000 316.0000 -8.4630 37.7890
4368.0000 200.0000 4.9690 -14.2620
4368.0000 102.0000 4.5680 27.5080
4368.0000 316.0000 -8.1910 37.1020
4380.0000 316.0000 -7.9040 36.5000
4380.0000 200.0000 4.7680 -13.7900
4380.0000 102.0000 4.5680 28.1090
4392.0000 316.0000 -7.5750 35.8130
4392.0000 200.0000 4.5680 -13.3890
4392.0000 102.0000 4.5680 28.6820
4404.0000 154.0000 9.8230 18.1140
4404.0000 206.0000 9.7370 16.7250
4404.0000 102.0000 4.5680 29.3690
4404.0000 200.0000 4.3960 -12.9300
4404.0000 316.0000 -7.4030 35.2400
4416.0000 200.0000 4.2820 -12.4580
4416.0000 102.0000 4.5110 29.9560
4416.0000 154.0000 9.5370 18.1140
4416.0000 206.0000 9.4650 16.7250
4428.0000 200.0000 4.2240 -12.1140
4428.0000 102.0000 4.5110 30.6580
4428.0000 162.0000 4.8830 13.7040
4428.0000 154.0000 9.2650 18.1140
4428.0000 206.0000 9.1210 16.7250
4440.0000 162.0000 4.8260 14.1620
4440.0000 206.0000 8.8350 16.8400
4440.0000 212.0000 10.2240 17.7700
4440.0000 224.0000 10.1380 18.6440
4440.0000 154.0000 8.9780 18.0000
4440.0000 102.0000 4.5110 31.2310
4452.0000 154.0000 8.6920 18.0000
4452.0000 206.0000 8.4910 16.8400
4452.0000 212.0000 9.8800 17.7700
4452.0000 102.0000 4.5110 31.8040
4452.0000 162.0000 4.8260 14.6490
4452.0000 224.0000 9.7950 18.6440
4452.0000 97.0000 -7.5030 -3.1790
4464.0000 154.0000 8.4200 17.8850
4464.0000 224.0000 9.5220 18.7580
4464.0000 212.0000 9.5510 17.8850
4464.0000 162.0000 4.7680 15.1070
4464.0000 97.0000 -7.3460 -3.6370
4464.0000 206.0000 8.2190 16.9540
4476.0000 224.0000 9.2360 18.7580
4476.0000 154.0000 8.0760 17.8850
4476.0000 206.0000 7.8760 16.9540
4476.0000 212.0000 9.2070 17.8850
4476.0000 162.0000 4.6540 15.5650
4476.0000 97.0000 -7.1740 -3.9950
4488.0000 224.0000 8.9500 18.7580
4488.0000 97.0000 -6.9450 -4.4530
4488.0000 154.0000 7.7330 17.8850
4488.0000 212.0000 8.8640 17.8850
4488.0000 206.0000 7.5320 17.0830
4488.0000 162.0000 4.4820 16.0230
4500.0000 212.0000 8.5770 18.0000
4500.0000 162.0000 4.3100 16.4820
4500.0000 224.0000 8.7210 18.8730
4500.0000 97.0000 -6.7730 -4.7970
4512.0000 97.0000 -6.5150 -5.2550
4512.0000 212.0000 8.2480 17.9420
4512.0000 224.0000 8.3910 18.8730
4512.0000 162.0000 4.1380 16.9110
4524.0000 212.0000 7.9330 18.0000
4524.0000 97.0000 -6.2580 -5.6130
4524.0000 274.0000 -13.3310 38.5910
4524.0000 224.0000 8.0760 18.9300
4536.0000 97.0000 -5.9860 -5.9710
4536.0000 274.0000 -13.3310 38.6480
4548.0000 274.0000 -13.1600 38.3620
4560.0000 274.0000 -12.8160 37.8460
4560.0000 317.0000 -5.7280 27.5790
4572.0000 317.0000 -5.3270 26.9920
4572.0000 274.0000 -12.5300 37.3310
4584.0000 274.0000 -12.2150 36.8010
4584.0000 317.0000 -5.1690 26.5340
4584.0000 201.0000 3.7660 -5.0400
4596.0000 317.0000 -5.1980 26.3050
4596.0000 274.0000 -11.9280 36.2710
4596.0000 201.0000 3.7660 -4.5680
4608.0000 274.0000 -11.6990 35.8130
4608.0000 317.0000 -4.7400 25.8320
4608.0000 201.0000 3.7660 -3.9810
4620.0000 317.0000 -4.2820 25.4310
4620.0000 201.0000 3.7090 -3.4080
4632.0000 317.0000 -3.8380 25.3170
4632.0000 201.0000 3.7090 -2.8350
4644.0000 207.0000 3.1220 16.8400
4644.0000 317.0000 -3.3220 25.0880
4644.0000 201.0000 3.7090 -2.2480
4644.0000 155.0000 3.7090 17.9420
4656.0000 155.0000 3.4370 17.9420
4656.0000 207.0000 2.7350 16.8400
4656.0000 201.0000 3.6510 -1.9040
4668.0000 155.0000 3.0930 17.9420
4668.0000 201.0000 3.5940 -1.4320
4668.0000 207.0000 2.4490 16.9690
4668.0000 163.0000 3.2930 23.1690
4680.0000 155.0000 2.8780 17.9420
4680.0000 225.0000 4.2530 19.2880
4680.0000 213.0000 4.0240 18.1140
4680.0000 207.0000 2.2770 16.9690
4680.0000 163.0000 3.2360 23.6270
4692.0000 225.0000 3.9380 19.2880
4692.0000 213.0000 3.6800 18.1140
4692.0000 163.0000 3.2080 23.9850
4692.0000 207.0000 2.0480 17.0830
4692.0000 155.0000 2.6490 17.9420
4704.0000 207.0000 1.8760 17.0830
4704.0000 225.0000 3.5940 19.2880
4704.0000 163.0000 3.1650 24.3860
4704.0000 155.0000 2.4770 17.9420
4704.0000 213.0000 3.4080 18.1140
4716.0000 225.0000 3.2930 19.2880
4716.0000 163.0000 3.1650 24.9590
4716.0000 155.0000 2.2480 17.9420
4716.0000 207.0000 1.7040 17.1980
4716.0000 213.0000 3.1360 18.1140
4728.0000 225.0000 2.9640 19.2880
4728.0000 207.0000 1.5320 17.1980
4728.0000 163.0000 3.1650 25.4310
4728.0000 213.0000 2.9640 18.1140
4728.0000 155.0000 2.0190 17.9420
4740.0000 213.0000 2.7920 18.1140
4740.0000 225.0000 2.6200 19.2880
4740.0000 163.0000 3.1650 26.0180
4752.0000 225.0000 2.2770 19.2880
4752.0000 213.0000 2.5630 18.1140
4752.0000 163.0000 3.1650 26.4770
4764.0000 213.0000 2.3340 18.1140
4764.0000 225.0000 1.9330 19.2880
4764.0000 275.0000 -9.3790 29.3120
4776.0000 275.0000 -9.0930 28.8540
4788.0000 275.0000 -8.8060 28.2810
4800.0000 318.0000 3.2930 21.3650
4800.0000 275.0000 -8.5200 27.8080
4812.0000 275.0000 -8.2910 27.2210
4812.0000 318.0000 3.7520 21.0210
4812.0000 217.0000 16.7820 18.3430
4812.0000 220.0000 16.7250 17.1400
4824.0000 275.0000 -8.0050 26.7630
4824.0000 318.0000 4.1960 20.7920
4824.0000 202.0000 3.5370 4.9550
4824.0000 220.0000 16.0520 17.1400
4824.0000 217.0000 15.9950 17.9420
4836.0000 275.0000 -7.7470 26.1900
4836.0000 217.0000 15.4220 17.9420
4836.0000 318.0000 4.7110 20.4340
4836.0000 202.0000 3.5370 5.5270
4836.0000 220.0000 15.5370 17.1980
4848.0000 202.0000 3.5370 6.1000
4848.0000 220.0000 14.9780 17.3120
4848.0000 217.0000 14.9070 18.0570
4848.0000 275.0000 -7.4600 25.7180
4848.0000 318.0000 5.2120 20.0900
4860.0000 217.0000 14.4200 18.1710
4860.0000 220.0000 14.4630 17.3120
4860.0000 202.0000 3.5370 6.5730
4860.0000 318.0000 5.6710 19.7470
4872.0000 217.0000 13.9040 18.2860
4872.0000 202.0000 3.5370 7.1600
4872.0000 318.0000 6.1720 19.3890
4872.0000 220.0000 13.9610 17.4270
4884.0000 208.0000 -2.6490 17.4270
4884.0000 156.0000 -1.4320 18.1710
4884.0000 202.0000 3.4940 7.7330
4884.0000 220.0000 13.4460 17.4270
4884.0000 318.0000 6.8590 19.3890
4884.0000 217.0000 13.3310 18.4010
4896.0000 202.0000 3.2220 8.1910
4896.0000 208.0000 -3.0500 17.4270
4896.0000 217.0000 12.7010 18.4010
4896.0000 156.0000 -1.8190 18.1710
4896.0000 220.0000 12.8730 17.4270
4908.0000 208.0000 -3.4940 17.4270
4908.0000 164.0000 3.5510 31.5740
4908.0000 156.0000 -2.1620 18.0570
4908.0000 202.0000 2.9930 8.7780
4920.0000 214.0000 -2.2480 18.3430
4920.0000 226.0000 -2.8500 19.1740
4920.0000 164.0000 3.5510 31.9180
4920.0000 208.0000 -3.9380 17.4270
4920.0000 156.0000 -2.4490 17.9420
4932.0000 226.0000 -3.2360 19.1740
4932.0000 164.0000 3.5510 32.1620
4932.0000 214.0000 -2.6490 18.3430
4932.0000 156.0000 -2.7920 17.8280
4932.0000 208.0000 -4.4530 17.4270
4944.0000 208.0000 -4.8540 17.4270
4944.0000 164.0000 3.5510 32.3910
4944.0000 226.0000 -3.6800 19.1740
4944.0000 156.0000 -3.0790 17.7130
4944.0000 214.0000 -2.8780 18.3430
4956.0000 208.0000 -5.2550 17.4270
4956.0000 164.0000 3.5510 32.7490
4956.0000 156.0000 -3.2360 17.4840
4956.0000 226.0000 -4.0810 19.1740
4956.0000 214.0000 -2.9930 18.3430
4968.0000 226.0000 -4.4820 19.1740
4968.0000 208.0000 -5.6420 17.4270
4968.0000 164.0000 3.3220 32.9780
4968.0000 214.0000 -3.1650 18.3430
4968.0000 156.0000 -3.3510 17.2550
4980.0000 214.0000 -3.5370 18.4580
4980.0000 164.0000 3.1650 33.2070
4980.0000 226.0000 -4.8830 19.1740
4992.0000 214.0000 -4.1100 18.4580
4992.0000 164.0000 2.9350 33.4360
4992.0000 226.0000 -5.2840 19.1740
5004.0000 276.0000 -5.1120 20.1470
5004.0000 226.0000 -5.5270 19.1740
5004.0000 214.0000 -4.5970 18.4010
5016.0000 276.0000 -5.0830 19.7470
5028.0000 276.0000 -5.0260 19.3460
5040.0000 276.0000 -4.9970 18.8730
5040.0000 319.0000 15.0930 18.4580
5052.0000 276.0000 -4.9690 18.4580
5052.0000 221.0000 5.6420 17.6560
5052.0000 319.0000 15.7080 18.3430
5052.0000 218.0000 5.4130 18.8160
5064.0000 203.0000 -1.4750 14.3480
5064.0000 218.0000 4.7680 18.9300
5064.0000 221.0000 5.0830 17.7130
5064.0000 319.0000 16.3390 18.1140
5064.0000 276.0000 -4.9690 18.0000
5076.0000 203.0000 -1.8470 14.7630
5076.0000 218.0000 4.1960 18.9300
5076.0000 221.0000 4.4530 17.7130
5076.0000 319.0000 16.5520 18.1180
5076.0000 276.0000 -5.0260 17.5410
5088.0000 319.0000 16.5490 18.1230
5088.0000 203.0000 -2.1910 15.2220
5088.0000 276.0000 -5.0830 16.9690
5088.0000 218.0000 3.6370 19.0450
5088.0000 221.0000 3.8230 17.7130
5100.0000 203.0000 -2.5350 15.6800
5100.0000 221.0000 3.2080 17.8280
5100.0000 319.0000 16.5470 18.1290
5100.0000 218.0000 3.0070 19.1740
5112.0000 218.0000 2.4490 19.1740
5112.0000 221.0000 2.5920 17.8280
5112.0000 203.0000 -2.8780 16.0230
5112.0000 319.0000 16.5440 18.1350
5124.0000 157.0000 -8.2480 17.4840
5124.0000 203.0000 -3.1500 16.4820
5124.0000 218.0000 1.8760 19.2880
5124.0000 221.0000 1.9620 17.8280
5124.0000 319.0000 16.5420 18.1410
5124.0000 209.0000 -10.4820 17.8850
5136.0000 218.0000 1.3170 19.2880
5136.0000 221.0000 1.4030 17.9420
5136.0000 203.0000 -3.2650 16.9690
5136.0000 209.0000 -10.4820 17.8850
5136.0000 157.0000 -8.5920 17.5990
5148.0000 165.0000 -3.5230 34.3670
5148.0000 209.0000 -10.4820 17.8850
5148.0000 203.0000 -3.3790 17.5410
5148.0000 157.0000 -8.8640 17.5990
5160.0000 157.0000 -9.0930 17.5990
5160.0000 209.0000 -10.4820 17.8850
5160.0000 215.0000 -9.1210 18.4010
5160.0000 165.0000 -3.9090 34.4810
5160.0000 227.0000 -9.3790 19.1020
5172.0000 215.0000 -9.4650 18.4010
5172.0000 157.0000 -9.3790 17.5990
5172.0000 209.0000 -10.4820 17.8850
5172.0000 165.0000 -4.3670 34.4810
5172.0000 227.0000 -9.6510 19.1020
5184.0000 215.0000 -9.8520 18.2860
5184.0000 209.0000 -10.4820 17.8850
5184.0000 227.0000 -9.9950 19.1020
5184.0000 157.0000 -9.7660 17.4840
5184.0000 165.0000 -4.7680 34.5960
5196.0000 157.0000 -10.3390 17.3700
5196.0000 165.0000 -5.1690 34.5960
5196.0000 209.0000 -11.8420 18.0000
5196.0000 227.0000 -10.3390 19.1020
5196.0000 215.0000 -10.1950 18.2860
5208.0000 227.0000 -10.6820 19.1020
5208.0000 165.0000 -5.5560 34.5960
5208.0000 209.0000 -12.9590 18.0000
5208.0000 157.0000 -10.8970 17.3700
5208.0000 215.0000 -10.5960 18.1710
5220.0000 215.0000 -10.9260 18.1710
5220.0000 165.0000 -6.0000 34.7100
5220.0000 227.0000 -10.9540 19.1020
5220.0000 288.0000 2.9640 38.8200
5232.0000 215.0000 -11.3270 18.1710
5232.0000 165.0000 -6.4010 34.8250
5232.0000 227.0000 -11.3550 18.9880
5232.0000 288.0000 2.9070 38.3620
5244.0000 215.0000 -11.6700 18.1710
5244.0000 227.0000 -11.6990 18.9880
5244.0000 288.0000 2.8500 38.0180
5244.0000 277.0000 -5.5270 9.8660
5256.0000 277.0000 -5.5270 9.2930
5256.0000 288.0000 2.8500 37.5600
5268.0000 288.0000 2.7920 37.2160
5268.0000 277.0000 -5.5270 8.7210
5280.0000 288.0000 2.7920 36.8730
5280.0000 320.0000 16.5080 18.2170
5280.0000 277.0000 -5.5270 8.1480
5292.0000 219.0000 -6.3150 19.8610
5292.0000 320.0000 16.5050 18.2230
5292.0000 222.0000 -5.9570 18.7580
5292.0000 288.0000 2.7350 36.1570
5292.0000 277.0000 -5.5850 7.5460
5304.0000 139.0000 1.5610 -14.3620
5304.0000 219.0000 -6.9450 19.8610
5304.0000 277.0000 -5.6420 6.9740
5304.0000 288.0000 2.7350 35.5840
5304.0000 222.0000 -6.5730 18.8730
5304.0000 320.0000 16.5030 18.2290
5304.0000 204.0000 -5.3130 24.1570
5316.0000 320.0000 16.5000 18.2350
5316.0000 204.0000 -5.3550 24.5010
5316.0000 139.0000 1.7330 -14.1330
5316.0000 219.0000 -7.5030 19.8610
5316.0000 277.0000 -5.6990 6.4010
5316.0000 222.0000 -7.1450 18.8730
5328.0000 139.0000 1.9040 -13.9040
5328.0000 204.0000 -5.4700 24.8440
5328.0000 222.0000 -7.6470 18.9880
5328.0000 219.0000 -8.0760 19.9760
5328.0000 277.0000 -5.7560 5.8280
5328.0000 320.0000 16.4980 18.2410
5340.0000 219.0000 -8.6350 20.0900
5340.0000 222.0000 -8.2190 19.1020
5340.0000 204.0000 -5.5850 25.3020
5340.0000 139.0000 2.0760 -13.6750
5340.0000 320.0000 16.4950 18.2460
5352.0000 139.0000 2.1910 -13.4460
5352.0000 219.0000 -9.2070 20.2050
5352.0000 222.0000 -8.7780 19.1020
5352.0000 204.0000 -5.6990 25.7890
5352.0000 320.0000 16.4930 18.2520
5364.0000 204.0000 -5.8140 26.1330
5364.0000 219.0000 -9.8230 20.2050
5364.0000 139.0000 2.3630 -13.1020
5364.0000 320.0000 16.4900 18.2580
5364.0000 222.0000 -9.4080 19.1020
5364.0000 210.0000 -15.3360 17.4270
5376.0000 210.0000 -15.3360 17.4270
5376.0000 222.0000 -10.0240 18.9880
5376.0000 219.0000 -10.4530 20.2050
5376.0000 204.0000 -5.9280 26.5910
5376.0000 139.0000 2.4200 -12.5300
5388.0000 210.0000 -15.3930 17.4270
5388.0000 139.0000 2.4770 -12.0430
5388.0000 204.0000 -6.0280 27.0490
5400.0000 210.0000 -15.3930 17.3120
5400.0000 228.0000 -15.5940 18.6440
5400.0000 216.0000 -14.6630 18.0570
5412.0000 216.0000 -14.6630 18.0570
5412.0000 228.0000 -15.7080 18.5150
5412.0000 210.0000 -15.4510 17.3120
5424.0000 210.0000 -15.5080 17.3120
5424.0000 216.0000 -14.7200 18.0570
5424.0000 228.0000 -15.7660 18.5150
5436.0000 210.0000 -15.5080 17.3120
5436.0000 216.0000 -14.7200 18.0570
5436.0000 228.0000 -15.8230 18.5150
5448.0000 228.0000 -15.8800 18.5150
5448.0000 210.0000 -15.6230 17.1980
5448.0000 216.0000 -14.7780 18.0570
5460.0000 216.0000 -14.7780 18.0570
5460.0000 228.0000 -15.8800 18.5150
5460.0000 289.0000 2.8500 27.5650
5472.0000 216.0000 -14.7780 18.0570
5472.0000 228.0000 -15.9380 18.5150
5472.0000 289.0000 2.8500 26.8780
5484.0000 289.0000 2.9070 26.1900
5484.0000 228.0000 -15.9950 18.5150
5484.0000 216.0000 -14.8350 18.0570
5484.0000 278.0000 -5.2410 -0.4440
5496.0000 278.0000 -5.0830 -1.1460
5496.0000 289.0000 2.9640 25.4740
5508.0000 278.0000 -4.9690 -1.7330
5508.0000 289.0000 2.8500 24.8440
5520.0000 289.0000 2.7350 24.3860
5520.0000 278.0000 -4.8260 -2.1910
5520.0000 321.0000 16.4560 18.3340
5532.0000 289.0000 2.8500 23.5840
5532.0000 321.0000 16.4540 18.3400
5532.0000 278.0000 -4.8830 -2.6490
5544.0000 321.0000 16.4510 18.3460
5544.0000 278.0000 -4.9400 -3.0070
5544.0000 289.0000 3.0210 22.8680
5544.0000 140.0000 3.2930 -5.6710
5556.0000 278.0000 -4.9400 -3.3510
5556.0000 321.0000 16.4490 18.3520
5556.0000 140.0000 3.4080 -5.4410
5568.0000 140.0000 3.4650 -5.0980
5568.0000 321.0000 16.4460 18.3580
5568.0000 278.0000 -4.9970 -3.8090
5580.0000 321.0000 16.4440 18.3640
5580.0000 140.0000 3.5800 -4.7540
5592.0000 140.0000 3.5230 -3.4650
5592.0000 321.0000 16.4410 18.3700
5604.0000 321.0000 16.4380 18.3750
5604.0000 140.0000 3.4080 -3.3510
5616.0000 140.0000 3.4080 -3.0070
5628.0000 140.0000 3.4080 -2.6630
5700.0000 290.0000 3.7950 15.1070
5712.0000 290.0000 3.7370 14.3910
5724.0000 290.0000 3.7370 13.7040
5724.0000 279.0000 -4.6820 -10.3820
5736.0000 279.0000 -4.7970 -11.1840
5736.0000 290.0000 3.9090 13.2460
5748.0000 290.0000 4.0240 12.7870
5748.0000 279.0000 -4.8540 -11.7560
5760.0000 290.0000 4.0240 12.3290
5760.0000 322.0000 16.4050 18.4510
5760.0000 279.0000 -4.8540 -11.9850
5772.0000 279.0000 -4.9120 -12.1140
5772.0000 322.0000 16.4020 18.4580
5772.0000 290.0000 3.9660 11.4990
5784.0000 279.0000 -4.9120 -12.5870
5784.0000 322.0000 16.4000 18.4630
5784.0000 290.0000 3.9660 10.8110
5784.0000 141.0000 3.3790 2.9640
5796.0000 279.0000 -4.8540 -12.9300
5796.0000 322.0000 16.3970 18.4690
5796.0000 141.0000 3.3220 3.4370
5808.0000 279.0000 -4.8540 -12.9300
5808.0000 322.0000 16.2810 18.1140
5808.0000 141.0000 3.2650 3.9090
5820.0000 141.0000 3.2080 4.3670
5820.0000 322.0000 16.1670 18.0000
5832.0000 322.0000 15.9950 17.7700
5832.0000 141.0000 3.2080 4.8260
5844.0000 141.0000 3.2080 5.4130
5844.0000 322.0000 15.8230 17.7700
5856.0000 141.0000 3.2650 6.0000
5868.0000 141.0000 3.2650 6.2290
5940.0000 291.0000 4.0810 2.4490
5952.0000 291.0000 4.0810 1.7610
5964.0000 291.0000 4.0810 1.1890
5964.0000 280.0000 -4.9690 -9.6660
5976.0000 291.0000 4.0240 0.5870
5976.0000 280.0000 -4.9690 -9.4370
5988.0000 291.0000 3.9660 0.1290
5988.0000 280.0000 -4.9120 -9.2070
6000.0000 291.0000 3.9660 -0.3290
6000.0000 280.0000 -4.8540 -8.9780
6000.0000 323.0000 8.2480 17.6560
6000.0000 243.0000 -3.4650 -6.6590
6012.0000 251.0000 0.6440 -14.3620
6012.0000 243.0000 -3.7520 -5.9570
6012.0000 280.0000 -4.8540 -8.6920
6012.0000 291.0000 3.8810 -0.8450
6012.0000 323.0000 7.4890 18.0570
6024.0000 280.0000 -4.8540 -8.3480
6024.0000 291.0000 3.8520 -1.3890
6024.0000 243.0000 -4.0240 -5.2700
6024.0000 251.0000 1.0310 -14.4200
6024.0000 323.0000 6.9160 18.2860
6024.0000 142.0000 3.0070 11.7280
6036.0000 251.0000 1.3170 -14.3050
6036.0000 142.0000 2.9210 12.2000
6036.0000 323.0000 6.3440 18.2860
6036.0000 243.0000 -4.2530 -4.4530
6036.0000 280.0000 -4.8540 -8.0480
6048.0000 251.0000 1.5890 -14.1910
6048.0000 323.0000 5.7280 18.1710
6048.0000 142.0000 2.8350 12.6580
6048.0000 243.0000 -4.5390 -3.7660
6048.0000 280.0000 -4.8540 -7.6470
6060.0000 323.0000 5.1690 18.1710
6060.0000 243.0000 -4.5970 -3.0640
6060.0000 142.0000 2.7640 13.1880
6060.0000 251.0000 1.8760 -14.0190
6072.0000 243.0000 -4.6250 -2.4770
6072.0000 323.0000 4.3670 18.4010
6072.0000 251.0000 2.1620 -13.9040
6072.0000 142.0000 2.6780 13.5890
6084.0000 251.0000 2.2200 -13.3310
6084.0000 243.0000 -4.6250 -1.7900
6084.0000 323.0000 3.6230 18.6440
6084.0000 142.0000 2.5630 14.0620
6096.0000 142.0000 2.5630 14.5770
6096.0000 251.0000 2.2770 -12.8730
6108.0000 142.0000 2.6200 15.0350
6180.0000 292.0000 4.0810 -8.8060
6192.0000 292.0000 4.0240 -9.3790
6204.0000 297.0000 -7.8470 38.5340
6204.0000 281.0000 -4.1100 -2.7210
6204.0000 292.0000 3.9660 -9.9660
6216.0000 297.0000 -8.0190 38.5340
6216.0000 281.0000 -4.1100 -2.4770
6216.0000 292.0000 3.9380 -10.4390
6228.0000 292.0000 3.8810 -11.0120
6228.0000 281.0000 -4.1100 -2.3630
6228.0000 297.0000 -8.0760 38.3050
6240.0000 292.0000 3.6090 -11.0120
6240.0000 324.0000 -3.7950 19.8610
6240.0000 281.0000 -4.4530 -1.3170
6240.0000 244.0000 -4.9120 1.9330
6240.0000 297.0000 -8.0760 38.3050
6252.0000 252.0000 3.6370 -5.9140
6252.0000 244.0000 -4.9690 2.1620
6252.0000 297.0000 -7.9620 37.8460
6252.0000 324.0000 -4.0520 19.1590
6252.0000 292.0000 3.2790 -11.8710
6252.0000 281.0000 -4.5110 -0.9740
6264.0000 252.0000 3.6800 -5.1980
6264.0000 297.0000 -7.8470 37.2740
6264.0000 324.0000 -4.7970 18.9880
6264.0000 281.0000 -4.5110 -0.6300
6264.0000 244.0000 -5.0260 2.5060
6264.0000 292.0000 2.9350 -12.5870
6264.0000 143.0000 0.7450 19.3310
6276.0000 252.0000 3.7370 -4.5110
6276.0000 281.0000 -4.5110 -0.1580
6276.0000 324.0000 -5.6420 19.2170
6276.0000 244.0000 -5.1410 2.9780
6276.0000 297.0000 -7.7330 36.8010
6276.0000 143.0000 0.0140 19.6890
6288.0000 143.0000 -0.6160 20.1470
6288.0000 252.0000 3.6800 -4.0520
6288.0000 281.0000 -4.5110 0.1860
6288.0000 244.0000 -5.2980 3.4370
6288.0000 324.0000 -5.6420 18.7580
6288.0000 297.0000 -7.6900 36.3280
6300.0000 143.0000 -1.1170 20.6200
6300.0000 252.0000 3.6370 -3.5940
6300.0000 324.0000 -7.5750 19.3460
6300.0000 244.0000 -5.4700 4.0240
6312.0000 268.0000 -4.6540 -14.2480
6312.0000 143.0000 -1.5750 21.0780
6312.0000 324.0000 -7.9040 19.2170
6312.0000 252.0000 3.5230 -3.2220
6312.0000 244.0000 -5.6420 4.4820
6324.0000 252.0000 3.5230 -2.7640
6324.0000 244.0000 -5.9280 4.7110
6324.0000 143.0000 -1.8470 21.0780
6324.0000 324.0000 -8.9210 19.2170
6324.0000 268.0000 -4.6540 -14.2480
6336.0000 143.0000 -2.4200 21.8940
6336.0000 268.0000 -4.6820 -14.2480
6336.0000 252.0000 3.6800 -2.1910
6348.0000 268.0000 -4.6820 -13.9040
6348.0000 143.0000 -2.9780 22.6960
6360.0000 268.0000 -4.6820 -13.3310
6372.0000 268.0000 -4.6540 -12.7590
6384.0000 268.0000 -4.6540 -12.1720
6396.0000 268.0000 -4.5970 -11.5270
6420.0000 293.0000 1.1000 -15.1280
6432.0000 293.0000 1.0970 -15.1200
6444.0000 293.0000 1.0950 -15.1130
6444.0000 298.0000 -8.6350 30.3000
6444.0000 282.0000 -5.2980 3.5510
6456.0000 293.0000 1.0930 -15.1060
6456.0000 298.0000 -8.5200 29.8420
6456.0000 282.0000 -5.2980 3.4370
6468.0000 282.0000 -5.3550 3.3220
6468.0000 298.0000 -8.7490 29.4840
6468.0000 293.0000 1.0900 -15.0980
6480.0000 245.0000 -8.6350 8.0760
6480.0000 282.0000 -5.3550 4.7110
6480.0000 298.0000 -8.6350 29.2550
6480.0000 293.0000 1.0880 -15.0910
6492.0000 253.0000 4.1380 5.0550
6492.0000 245.0000 -8.8060 8.3200
6492.0000 298.0000 -8.4060 29.1400
6492.0000 293.0000 1.0850 -15.0830
6492.0000 282.0000 -5.4130 4.4820
6504.0000 144.0000 -5.1840 27.8660
6504.0000 298.0000 -8.4340 28.2240
6504.0000 293.0000 1.0830 -15.0760
6504.0000 282.0000 -5.4700 4.5390
6504.0000 245.0000 -9.0930 8.6060
6504.0000 253.0000 4.1670 5.5270
6516.0000 282.0000 -5.5850 4.6540
6516.0000 298.0000 -8.4630 27.8080
6516.0000 245.0000 -9.5800 9.0640
6516.0000 144.0000 -5.2410 28.3950
6516.0000 249.0000 -1.1170 38.8340
6516.0000 253.0000 4.1670 5.9430
6528.0000 144.0000 -5.2980 28.9110
6528.0000 253.0000 4.1380 6.4580
6528.0000 282.0000 -5.7280 4.7680
6528.0000 249.0000 -0.8310 38.3620
6528.0000 298.0000 -8.4910 27.3360
6528.0000 245.0000 -10.0810 9.4650
6540.0000 144.0000 -5.3550 29.4260
6540.0000 249.0000 -0.6160 37.9040
6540.0000 253.0000 4.1380 6.9160
6540.0000 245.0000 -10.5390 9.8660
6552.0000 253.0000 4.1100 7.3750
6552.0000 144.0000 -5.4410 29.9560
6552.0000 269.0000 -4.9970 -4.1100
6552.0000 245.0000 -11.0120 10.2960
6552.0000 249.0000 -0.4440 37.3310
6564.0000 253.0000 4.0810 7.7900
6564.0000 245.0000 -11.3550 10.7540
6564.0000 144.0000 -5.4990 30.5430
6564.0000 269.0000 -4.9970 -3.5370
6564.0000 249.0000 -0.2150 36.7440
6576.0000 249.0000 0.0140 36.2710
6576.0000 269.0000 -5.0550 -2.9930
6576.0000 144.0000 -5.4990 31.0020
6576.0000 253.0000 4.1100 8.3200
6588.0000 249.0000 0.1860 35.6980
6588.0000 144.0000 -5.4990 31.4600
6588.0000 269.0000 -5.0550 -2.4200
6600.0000 249.0000 0.4150 35.1260
6600.0000 269.0000 -5.1120 -1.9040
6612.0000 269.0000 -5.1120 -1.4460
6624.0000 269.0000 -5.1120 -0.8450
6636.0000 269.0000 -5.1690 -0.3290
6660.0000 294.0000 1.0500 -14.9780
6672.0000 294.0000 1.0480 -14.9710
6684.0000 294.0000 1.0450 -14.9640
6684.0000 283.0000 -6.6590 5.2980
6684.0000 299.0000 -9.1500 22.2380
6696.0000 294.0000 1.0430 -14.9560
6696.0000 283.0000 -6.7160 5.1690
6696.0000 299.0000 -9.2070 21.8940
6708.0000 294.0000 1.0400 -14.9480
6708.0000 299.0000 -9.2070 21.6650
6708.0000 283.0000 -6.7160 5.1690
6720.0000 246.0000 -14.0190 18.7580
6720.0000 299.0000 -9.2070 21.4220
6720.0000 294.0000 1.0380 -14.9410
6720.0000 283.0000 -6.7730 5.1690
6732.0000 283.0000 -6.7730 5.1690
6732.0000 294.0000 1.0350 -14.9330
6732.0000 299.0000 -9.2070 20.8350
6732.0000 254.0000 5.9280 14.7630
6732.0000 246.0000 -13.8470 19.2170
6744.0000 145.0000 -5.9570 37.2740
6744.0000 254.0000 6.2000 15.2220
6744.0000 294.0000 1.0330 -14.9260
6744.0000 299.0000 -9.1500 20.3770
6744.0000 283.0000 -6.7730 5.1690
6744.0000 246.0000 -13.6180 19.6890
6756.0000 145.0000 -6.0570 37.6170
6756.0000 247.0000 -10.8110 39.5790
6756.0000 283.0000 -6.6010 5.2980
6756.0000 246.0000 -13.5030 20.2620
6756.0000 299.0000 -9.1500 19.9180
6756.0000 250.0000 2.4490 27.8080
6756.0000 254.0000 6.5440 15.5650
6768.0000 145.0000 -6.0570 37.9610
6768.0000 247.0000 -11.2120 38.7630
6768.0000 250.0000 2.5630 27.2210
6768.0000 246.0000 -13.5610 20.8350
6768.0000 254.0000 6.9450 15.7940
6768.0000 283.0000 -6.4870 5.2980
6768.0000 299.0000 -9.0930 19.5750
6780.0000 250.0000 2.7920 26.8780
6780.0000 254.0000 7.3460 16.1380
6780.0000 145.0000 -6.1140 38.3050
6780.0000 247.0000 -11.3270 38.3050
6780.0000 246.0000 -13.6180 21.4220
6792.0000 270.0000 -4.8830 5.6420
6792.0000 250.0000 3.0640 26.5340
6792.0000 247.0000 -11.3840 37.7320
6792.0000 254.0000 7.7900 16.3670
6792.0000 145.0000 -6.1140 38.7200
6792.0000 246.0000 -13.7320 22.0090
6804.0000 254.0000 8.3050 16.6110
6804.0000 145.0000 -6.1140 39.0630
6804.0000 247.0000 -11.4410 37.1020
6804.0000 303.0000 3.2930 39.0630
6804.0000 270.0000 -4.8830 5.6420
6804.0000 246.0000 -13.7900 22.5820
6804.0000 250.0000 3.2930 26.1900
6816.0000 303.0000 3.4650 38.7200
6816.0000 270.0000 -4.8830 5.6420
6816.0000 250.0000 3.4650 25.7180
6816.0000 145.0000 -6.1140 39.0630
6816.0000 254.0000 8.8060 16.7250
6816.0000 247.0000 -11.5560 36.5000
6828.0000 250.0000 3.6940 25.1310
6828.0000 145.0000 -6.1140 39.0630
6828.0000 270.0000 -4.8830 5.6420
6828.0000 247.0000 -11.6130 35.9280
6828.0000 303.0000 3.5800 38.3050
6840.0000 250.0000 3.8520 24.6720
6840.0000 247.0000 -11.6700 35.2970
6840.0000 270.0000 -4.9400 5.6420
6840.0000 303.0000 3.5230 37.8460
6852.0000 270.0000 -4.9970 5.7710
6852.0000 303.0000 3.4650 37.2740
6864.0000 270.0000 -4.9970 5.7710
6864.0000 303.0000 3.4080 36.8010
6876.0000 303.0000 3.3510 36.3280
6876.0000 270.0000 -4.9970 5.8850
6888.0000 303.0000 3.2930 35.8700
6900.0000 295.0000 1.1170 -14.7780
6912.0000 295.0000 1.2310 -14.6630
6924.0000 295.0000 1.5040 -14.0760
6924.0000 284.0000 -6.8880 5.6420
6924.0000 300.0000 -8.5770 15.3930
6936.0000 295.0000 1.7330 -13.6180
6936.0000 300.0000 -8.5770 14.8210
6936.0000 284.0000 -7.0020 5.6420
6948.0000 295.0000 2.0190 -13.0450
6948.0000 300.0000 -8.5200 14.3480
6948.0000 284.0000 -7.1170 5.8850
6960.0000 300.0000 -8.4630 13.8760
6960.0000 284.0000 -7.2310 6.1140
6960.0000 295.0000 2.1910 -12.4580
6972.0000 300.0000 -8.4630 13.3030
6972.0000 295.0000 2.3630 -11.8710
6972.0000 284.0000 -7.3460 6.3440
6984.0000 284.0000 -7.3460 6.3440
6984.0000 146.0000 -5.9110 39.1060
6984.0000 295.0000 2.4770 -11.1840
6984.0000 300.0000 -8.4060 12.8450
6996.0000 146.0000 -5.8950 39.1100
6996.0000 248.0000 -12.9590 27.6940
6996.0000 284.0000 -7.4030 6.3440
6996.0000 300.0000 -8.2480 12.4870
7008.0000 300.0000 -8.0480 12.0860
7008.0000 248.0000 -13.1020 27.1070
7008.0000 146.0000 -5.8790 39.1130
7008.0000 284.0000 -7.4600 6.5150
7020.0000 248.0000 -13.2740 26.5910
7020.0000 146.0000 -5.8630 39.1160
7032.0000 146.0000 -5.8470 39.1200
7032.0000 248.0000 -13.4460 26.0180
7032.0000 271.0000 -5.5850 13.7610
7044.0000 271.0000 -5.5850 14.2770
7044.0000 146.0000 -5.8320 39.1230
7044.0000 248.0000 -13.5890 25.4170
7044.0000 304.0000 4.0520 29.1970
7056.0000 248.0000 -13.8180 24.8440
7056.0000 304.0000 4.0810 28.7390
7056.0000 146.0000 -5.8160 39.1260
7056.0000 271.0000 -5.5560 14.9920
7068.0000 304.0000 4.1380 28.2810
7068.0000 146.0000 -5.8000 39.1300
7068.0000 248.0000 -14.1620 24.1570
7068.0000 271.0000 -5.5560 15.6800
7080.0000 271.0000 -5.4990 16.3670
7080.0000 248.0000 -14.4910 23.5840
7080.0000 304.0000 4.1960 27.8080
7092.0000 271.0000 -5.4410 17.0830
7092.0000 309.0000 -5.0830 38.8920
7092.0000 304.0000 4.1960 27.2790
7104.0000 309.0000 -5.1410 38.6480
7104.0000 271.0000 -5.3840 17.4270
7104.0000 304.0000 4.2530 26.8200
7116.0000 304.0000 4.2820 26.3050
7116.0000 271.0000 -5.3270 17.8850
7116.0000 309.0000 -5.2410 38.3050
7128.0000 304.0000 4.3390 25.8470
7128.0000 309.0000 -5.2980 38.0750
7140.0000 309.0000 -5.3550 37.8460
7140.0000 296.0000 3.6370 -3.3510
7152.0000 309.0000 -5.4130 37.2740
7152.0000 296.0000 3.6940 -2.6490
7164.0000 301.0000 -5.7560 6.4580
7164.0000 296.0000 3.7520 -1.9620
7164.0000 285.0000 -7.8760 10.6970
7164.0000 309.0000 -5.5270 36.6860
7176.0000 296.0000 3.8090 -1.2600
7176.0000 285.0000 -7.8760 11.2690
7176.0000 309.0000 -5.6420 35.9850
7176.0000 301.0000 -5.6990 6.0000
7188.0000 296.0000 3.9090 -0.6870
7188.0000 285.0000 -7.9330 11.8420
7188.0000 301.0000 -5.6420 5.5270
7200.0000 296.0000 3.9660 -0.2150
7200.0000 285.0000 -7.9900 12.4290
7200.0000 301.0000 -5.5850 5.1690
7212.0000 296.0000 4.0810 0.6010
7212.0000 285.0000 -8.1050 13.1310
7212.0000 301.0000 -5.5270 4.8260
7224.0000 301.0000 -5.4700 4.3670
7224.0000 285.0000 -8.1620 13.7040
7224.0000 296.0000 4.1960 1.4030
7224.0000 147.0000 -5.5950 39.1730
7236.0000 285.0000 -8.2190 14.2910
7236.0000 301.0000 -5.4130 4.0240
7236.0000 147.0000 -5.5790 39.1760
7248.0000 285.0000 -8.3340 14.7630
7248.0000 147.0000 -5.5640 39.1790
7248.0000 301.0000 -5.3550 3.5660
7260.0000 147.0000 -5.5480 39.1830
7272.0000 272.0000 -7.7040 22.1810
7272.0000 147.0000 -5.5320 39.1860
7284.0000 147.0000 -5.5160 39.1900
7284.0000 272.0000 -7.7040 22.2950
7284.0000 305.0000 5.6130 20.3190
7296.0000 147.0000 -5.5010 39.1930
7296.0000 272.0000 -7.7040 22.2950
7296.0000 305.0000 5.9570 19.7470
7308.0000 147.0000 -5.4850 39.1960
7308.0000 305.0000 6.4580 19.5170
7308.0000 272.0000 -7.6470 22.2950
7320.0000 272.0000 -7.6470 22.2950
7320.0000 305.0000 7.1450 19.4030
7332.0000 305.0000 7.7040 19.4030
7332.0000 310.0000 -5.5850 28.5670
7332.0000 272.0000 -7.6470 22.4100
7344.0000 272.0000 -7.6470 22.4100
7344.0000 305.0000 7.8180 19.2880
7344.0000 310.0000 -5.5850 28.1090
7356.0000 272.0000 -7.5890 22.4100
7356.0000 310.0000 -5.5850 27.6220
7356.0000 305.0000 8.2770 19.0590
7356.0000 306.0000 19.7040 6.2150
7368.0000 306.0000 19.7040 6.2150
7368.0000 310.0000 -5.5850 27.0490
7368.0000 305.0000 8.6630 18.8010
7380.0000 306.0000 19.1880 6.2150
7380.0000 310.0000 -5.5270 26.4770
7392.0000 310.0000 -5.5270 25.9040
7392.0000 306.0000 18.5720 6.2720
7404.0000 310.0000 -5.4700 25.3020
7404.0000 306.0000 17.9420 6.5150
7404.0000 302.0000 -5.1260 -2.4770
7404.0000 286.0000 -9.2650 20.7200
7416.0000 310.0000 -5.4700 24.7300
7416.0000 302.0000 -5.2410 -2.9350
7416.0000 306.0000 17.3700 6.5150
7416.0000 286.0000 -9.4370 21.3220
7428.0000 302.0000 -5.2980 -3.2930
7428.0000 306.0000 16.8110 6.6300
7428.0000 286.0000 -9.5510 21.8940
7440.0000 286.0000 -9.6080 22.2380
7440.0000 302.0000 -5.3550 -3.7660
7440.0000 306.0000 16.1950 6.6300
7452.0000 286.0000 -9.6510 22.4670
7452.0000 302.0000 -5.4130 -4.1100
7464.0000 148.0000 -5.2980 38.8920
7464.0000 302.0000 -5.3550 -4.5680
7464.0000 286.0000 -9.8230 22.8110
7476.0000 286.0000 -9.9950 23.1550
7476.0000 302.0000 -5.2980 -5.0260
7476.0000 148.0000 -5.2700 38.6480
7488.0000 302.0000 -5.2410 -5.4990
7488.0000 286.0000 -10.1100 23.6410
7488.0000 148.0000 -5.2120 38.1900
7500.0000 148.0000 -5.2120 37.6170
7512.0000 148.0000 -5.2120 36.9300
7512.0000 273.0000 -8.3480 26.9350
7524.0000 148.0000 -5.1840 36.2710
7524.0000 273.0000 -8.5200 27.5080
7536.0000 273.0000 -8.6920 28.1090
7536.0000 148.0000 -5.1980 35.6410
7548.0000 273.0000 -8.8640 28.5670
7548.0000 148.0000 -5.1690 35.0110
7560.0000 273.0000 -9.0070 29.1400
7572.0000 273.0000 -9.2070 29.7130
7572.0000 311.0000 -5.1840 18.5720
7584.0000 273.0000 -9.3510 30.2000
7584.0000 311.0000 -5.2410 18.1710
7596.0000 273.0000 -9.5220 30.7730
7596.0000 311.0000 -5.2980 17.8280
7596.0000 307.0000 8.4340 6.4010
7608.0000 307.0000 7.8180 6.2860
7608.0000 311.0000 -5.3550 17.3700
7620.0000 311.0000 -5.3550 17.0260
7620.0000 307.0000 7.2600 6.1720
7632.0000 307.0000 6.6300 6.1720
7632.0000 311.0000 -5.4130 16.5530
7644.0000 311.0000 -5.4700 16.0810
7644.0000 307.0000 6.0140 6.1720
7644.0000 287.0000 -11.7850 29.5410
7656.0000 311.0000 -5.5270 15.7370
7656.0000 307.0000 5.3840 6.1720
7656.0000 287.0000 -11.9420 30.0140
7668.0000 307.0000 4.7680 6.1720
7668.0000 287.0000 -12.0570 30.4860
7680.0000 307.0000 4.1960 6.1720
7680.0000 287.0000 -12.1720 30.9440
7692.0000 287.0000 -12.2860 31.2880
7704.0000 287.0000 -12.4010 31.7460
7704.0000 149.0000 -5.5270 28.7960
7716.0000 287.0000 -12.5150 32.0900
7716.0000 149.0000 -5.3550 28.3380
7728.0000 287.0000 -12.5720 32.5770
7728.0000 149.0000 -5.2550 27.9800
7740.0000 149.0000 -5.0830 27.5080
7752.0000 149.0000 -4.9690 27.0490
7764.0000 149.0000 -4.8540 26.5910
7776.0000 149.0000 -4.8540 26.0180
7788.0000 149.0000 -4.8540 25.5460
7812.0000 312.0000 -3.3790 10.2960
7824.0000 312.0000 -3.1500 9.8090
7836.0000 312.0000 -2.8640 9.4650
7836.0000 308.0000 -4.2820 5.4700
7848.0000 308.0000 -4.9120 5.4700
7848.0000 312.0000 -2.5350 9.0070
7860.0000 308.0000 -5.4700 5.4700
7860.0000 312.0000 -2.2480 8.5490
7872.0000 312.0000 -1.9620 8.0900
7872.0000 308.0000 -6.1430 5.4700
7884.0000 312.0000 -1.6320 7.6040
7884.0000 308.0000 -6.8300 5.5850
7896.0000 312.0000 -1.3460 7.1450
7896.0000 308.0000 -7.4600 5.5850
7908.0000 308.0000 -8.0760 5.5850
7920.0000 308.0000 -8.6350 5.5850
7944.0000 103.0000 1.1740 -14.6630
7944.0000 150.0000 -4.7400 18.5720
7956.0000 150.0000 -4.6820 18.0000
7956.0000 103.0000 1.6750 -14.6060
7968.0000 150.0000 -4.6820 17.5410
7968.0000 103.0000 1.9620 -14.3770
7980.0000 103.0000 2.3050 -14.0190
7980.0000 150.0000 -4.6250 17.0830
7992.0000 103.0000 2.4200 -13.4460
7992.0000 150.0000 -4.6250 16.4960
8004.0000 103.0000 2.4770 -12.8730
8004.0000 150.0000 -4.5970 16.0230
8016.0000 150.0000 -4.5970 15.5080
8016.0000 103.0000 2.5630 -12.2290
8028.0000 103.0000 2.6780 -11.5840
8028.0000 150.0000 -4.5970 15.1070
8052.0000 313.0000 2.5920 1.9900
8052.0000 314.0000 -19.8040 35.0680
8064.0000 314.0000 -19.5890 35.2970
8064.0000 313.0000 2.8780 1.4180
8076.0000 313.0000 3.1500 0.9450
8076.0000 314.0000 -19.3600 35.5270
8088.0000 313.0000 3.4370 0.4730
8088.0000 314.0000 -19.0740 35.4120
8100.0000 314.0000 -18.7300 35.1830
8100.0000 313.0000 3.7090 -0.1000
8112.0000 313.0000 3.9380 -0.5580
8112.0000 314.0000 -18.4010 34.9540
8124.0000 313.0000 3.9950 -1.1460
8124.0000 314.0000 -18.0570 34.9540
8136.0000 314.0000 -17.7130 34.9540
8136.0000 313.0000 3.9950 -1.8470
8184.0000 104.0000 3.1500 -3.8810
8184.0000 231.0000 16.0230 16.7250
8184.0000 151.0000 -4.9120 8.7780
8196.0000 151.0000 -4.9120 8.2050
8196.0000 231.0000 15.3360 16.9540
8196.0000 104.0000 3.1500 -3.2930
8208.0000 104.0000 3.1500 -2.7060
8208.0000 151.0000 -4.9120 7.6040
8208.0000 231.0000 14.6630 17.0690
8220.0000 104.0000 3.1500 -2.1340
8220.0000 151.0000 -4.8540 7.0310
8220.0000 231.0000 13.9330 17.0690
8232.0000 104.0000 3.1500 -1.6750
8232.0000 151.0000 -4.8540 6.4580
8232.0000 231.0000 13.1880 17.0690
8244.0000 151.0000 -4.8540 5.8850
8244.0000 231.0000 12.4580 17.0690
8244.0000 104.0000 3.1500 -1.0880
8256.0000 231.0000 11.8990 17.1830
8256.0000 104.0000 3.2650 -0.5010
8256.0000 151.0000 -4.8540 5.2840
8268.0000 151.0000 -4.8540 4.8260
8268.0000 104.0000 3.3790 0.1860
8268.0000 231.0000 11.4410 17.4270
8292.0000 315.0000 -15.0640 33.7800
8304.0000 315.0000 -15.0640 33.6080
8316.0000 315.0000 -15.0350 33.4360
8328.0000 315.0000 -14.9210 33.2640
8340.0000 315.0000 -14.8640 33.2070
8352.0000 315.0000 -14.7490 33.0920
8364.0000 315.0000 -14.6340 33.0350
8376.0000 315.0000 -14.5770 32.9780
8424.0000 105.0000 3.7230 8.5490
8424.0000 232.0000 6.1720 17.6560
8424.0000 152.0000 -4.7400 -2.0190
8436.0000 105.0000 3.7230 9.2360
8436.0000 152.0000 -4.7970 -2.4770
8436.0000 232.0000 5.9000 17.7700
8448.0000 152.0000 -4.8540 -2.9350
8448.0000 232.0000 5.4990 17.5410
8448.0000 105.0000 3.7230 9.8090
8460.0000 105.0000 3.7230 10.5250
8460.0000 152.0000 -4.8540 -3.2790
8460.0000 232.0000 4.8830 17.2980
8472.0000 105.0000 3.7230 11.0980
8472.0000 152.0000 -4.9120 -3.7660
8472.0000 232.0000 4.2530 17.1830
8484.0000 105.0000 3.7230 11.6700
8484.0000 152.0000 -4.9690 -4.2240
8484.0000 232.0000 3.6370 17.2980
8496.0000 232.0000 3.2360 17.7700
8496.0000 105.0000 3.7230 12.3860
8496.0000 152.0000 -5.0260 -4.6820
8508.0000 105.0000 3.7520 13.0160
8508.0000 152.0000 -5.0550 -5.1410
8508.0000 232.0000 3.0640 17.8280
8508.0000 112.0000 19.6750 10.4680
8520.0000 112.0000 19.4460 10.8110
8532.0000 112.0000 19.2740 11.3840
8544.0000 112.0000 19.1020 11.8420
8556.0000 112.0000 18.8160 12.2000
8568.0000 112.0000 18.5440 12.6730
8568.0000 235.0000 -13.1880 38.3050
8580.0000 112.0000 18.3150 13.1310
8580.0000 235.0000 -13.8760 38.4760
8592.0000 235.0000 -13.9330 37.9040
8592.0000 112.0000 18.0280 13.4750
8604.0000 235.0000 -13.9330 37.3310
8616.0000 235.0000 -13.9900 36.7440
8628.0000 235.0000 -14.0470 36.1570
8628.0000 14.0000 0.5300 -14.1910
8628.0000 56.0000 2.5920 -13.6750
8640.0000 235.0000 -14.1050 35.5840
8640.0000 14.0000 0.5300 -14.1910
8640.0000 56.0000 2.4200 -14.1910
8652.0000 56.0000 2.6200 -13.9610
8652.0000 35.0000 1.6180 -14.1910
8652.0000 14.0000 0.7020 -14.0190
8652.0000 235.0000 -14.2190 34.7820
8664.0000 106.0000 3.7660 21.4940
8664.0000 14.0000 0.9160 -13.7900
8664.0000 56.0000 2.8500 -13.7320
8664.0000 233.0000 -2.7920 19.0450
8664.0000 35.0000 1.7900 -14.0760
8676.0000 106.0000 3.7660 21.9520
8676.0000 56.0000 3.1220 -13.3890
8676.0000 14.0000 1.0880 -13.5610
8676.0000 233.0000 -3.4650 19.0450
8676.0000 35.0000 1.9330 -13.8470
8688.0000 14.0000 1.3170 -13.3310
8688.0000 35.0000 2.1050 -13.6180
8688.0000 233.0000 -4.1380 19.0450
8688.0000 56.0000 3.3510 -13.1600
8688.0000 106.0000 3.7660 22.5250
8700.0000 35.0000 2.2770 -13.3890
8700.0000 233.0000 -4.8260 19.1590
8700.0000 56.0000 3.5800 -12.9300
8700.0000 14.0000 1.4890 -13.1020
8700.0000 106.0000 3.7660 23.0970
8712.0000 233.0000 -5.4990 19.1590
8712.0000 106.0000 3.7660 23.5840
8712.0000 35.0000 2.4490 -13.1600
8712.0000 56.0000 3.7950 -12.5870
8712.0000 14.0000 1.7040 -12.8730
8724.0000 106.0000 3.7090 24.1570
8724.0000 35.0000 2.6780 -12.7010
8724.0000 233.0000 -6.1720 19.1590
8736.0000 106.0000 3.7090 24.8440
8736.0000 35.0000 2.9070 -12.1720
8736.0000 233.0000 -6.8590 19.2880
8748.0000 233.0000 -7.5460 19.2880
8748.0000 113.0000 12.6870 17.5410
8748.0000 106.0000 3.7090 25.4170
8760.0000 113.0000 12.2860 17.7700
8772.0000 113.0000 11.9420 18.0000
8784.0000 113.0000 11.6130 18.2290
8796.0000 113.0000 11.1550 18.4580
8808.0000 113.0000 10.5960 18.5720
8820.0000 113.0000 10.0810 18.7010
8832.0000 113.0000 9.5220 18.8160
8868.0000 15.0000 2.8500 -8.5770
8868.0000 57.0000 4.8260 -8.4060
8880.0000 15.0000 2.9070 -8.2340
8880.0000 57.0000 4.8830 -8.0480
8892.0000 36.0000 3.9660 -7.8760
8892.0000 57.0000 4.9970 -7.7040
8892.0000 15.0000 2.9640 -7.8760
8904.0000 107.0000 3.2080 33.6650
8904.0000 15.0000 2.9640 -7.5180
8904.0000 234.0000 -12.4010 14.9920
8904.0000 57.0000 4.9970 -7.3460
8904.0000 36.0000 3.9660 -7.5320
8916.0000 15.0000 2.9640 -7.1740
8916.0000 57.0000 4.9970 -7.0020
8916.0000 234.0000 -12.5720 14.6340
8916.0000 229.0000 -19.3600 19.6890
8916.0000 107.0000 3.2080 34.3520
8916.0000 36.0000 3.9660 -7.1740
8928.0000 234.0000 -12.6870 14.2910
8928.0000 107.0000 3.2080 34.9540
8928.0000 229.0000 -18.9020 19.9180
8928.0000 57.0000 4.9970 -6.6590
8928.0000 15.0000 2.9640 -6.8300
8928.0000 36.0000 3.9660 -6.8300
8940.0000 234.0000 -12.7300 13.9330
8940.0000 229.0000 -18.4010 20.1470
8940.0000 15.0000 2.9640 -6.3720
8940.0000 107.0000 3.1500 35.5270
8940.0000 36.0000 3.9660 -6.4870
8940.0000 57.0000 4.9970 -6.3150
8952.0000 107.0000 3.0930 36.2140
8952.0000 229.0000 -17.8850 20.3190
8952.0000 36.0000 3.9660 -6.1430
8952.0000 234.0000 -12.7870 13.5890
8952.0000 15.0000 3.0070 -6.0280
8952.0000 57.0000 4.9970 -5.9710
8964.0000 107.0000 3.0500 36.8010
8964.0000 229.0000 -17.4840 20.6630
8964.0000 36.0000 3.9660 -5.7850
8964.0000 234.0000 -12.8450 13.2460
8976.0000 229.0000 -17.1550 21.2500
8976.0000 234.0000 -12.9300 12.7870
8976.0000 36.0000 3.9660 -5.4410
8976.0000 107.0000 2.9930 37.5030
8988.0000 114.0000 4.9400 22.8680
8988.0000 107.0000 2.8780 38.5910
8988.0000 229.0000 -16.8680 21.8370
8988.0000 234.0000 -12.9880 12.4290
9000.0000 229.0000 -16.5390 22.4100
9000.0000 114.0000 4.5970 23.4550
9012.0000 114.0000 4.7110 23.5270
9024.0000 114.0000 4.7970 23.7560
9036.0000 114.0000 4.7970 24.2140
9048.0000 114.0000 4.7970 24.6720
9060.0000 114.0000 4.7970 25.1310
9072.0000 114.0000 4.7400 25.6030
9108.0000 16.0000 2.7490 -0.8450
9108.0000 58.0000 4.5390 -1.5040
9120.0000 16.0000 2.7210 -0.4440
9120.0000 58.0000 4.5390 -0.9160
9132.0000 16.0000 2.6920 -0.0430
9132.0000 37.0000 3.6370 -0.5580
9132.0000 58.0000 4.5390 -0.4440
9144.0000 108.0000 3.0490 39.4460
9144.0000 58.0000 4.5390 -0.1000
9144.0000 37.0000 3.6090 -0.1580
9144.0000 16.0000 2.7210 0.4150
9156.0000 58.0000 4.5390 0.1290
9156.0000 16.0000 2.7780 0.8880
9156.0000 230.0000 -12.3000 28.6820
9156.0000 37.0000 3.6090 0.1860
9156.0000 108.0000 3.0440 39.4380
9168.0000 16.0000 2.8350 1.3460
9168.0000 58.0000 4.5390 0.3580
9168.0000 230.0000 -12.0140 29.2550
9168.0000 37.0000 3.6370 0.5870
9168.0000 108.0000 3.0390 39.4300
9180.0000 230.0000 -11.7280 29.8420
9180.0000 108.0000 3.0340 39.4210
9180.0000 16.0000 2.8930 1.7040
9180.0000 37.0000 3.6660 0.9880
9180.0000 58.0000 4.5970 0.7020
9192.0000 16.0000 2.8930 2.0480
9192.0000 37.0000 3.6940 1.3600
9192.0000 108.0000 3.0290 39.4130
9192.0000 58.0000 4.5970 1.0600
9192.0000 230.0000 -11.4410 30.3000
9204.0000 37.0000 3.7230 1.7610
9204.0000 108.0000 3.0250 39.4040
9204.0000 230.0000 -11.0980 30.8870
9216.0000 108.0000 3.0200 39.3960
9216.0000 230.0000 -10.8110 31.4600
9216.0000 37.0000 3.7520 2.1050
9228.0000 108.0000 3.0150 39.3870
9228.0000 230.0000 -10.6390 32.0330
9228.0000 115.0000 4.4530 32.5770
9240.0000 115.0000 4.5110 32.9200
9240.0000 230.0000 -10.4680 32.6340
9252.0000 115.0000 4.5110 33.3790
9264.0000 115.0000 4.4530 33.7220
9276.0000 115.0000 4.4530 33.7220
9288.0000 115.0000 4.4530 33.7220
9300.0000 115.0000 4.4530 33.7220
9312.0000 115.0000 4.4530 33.7220
9348.0000 59.0000 5.2120 5.6990
9348.0000 17.0000 3.4940 6.9160
9360.0000 17.0000 3.5510 7.2600
9360.0000 59.0000 5.2120 5.9430
9372.0000 17.0000 3.6090 7.6180
9372.0000 38.0000 3.9090 6.9740
9372.0000 59.0000 5.2120 6.1720
9384.0000 38.0000 3.8090 7.3170
9384.0000 59.0000 5.0980 6.4010
9384.0000 109.0000 2.9510 39.2780
9384.0000 17.0000 3.6090 7.9620
9396.0000 59.0000 4.9400 6.7440
9396.0000 17.0000 3.6660 8.3200
9396.0000 38.0000 3.6940 7.6750
9396.0000 109.0000 2.9460 39.2690
9408.0000 59.0000 4.8260 6.9740
9408.0000 17.0000 3.7230 8.6630
9408.0000 38.0000 3.5800 7.9040
9408.0000 109.0000 2.9410 39.2610
9420.0000 17.0000 3.7800 9.0070
9420.0000 109.0000 2.9360 39.2520
9420.0000 38.0000 3.4650 8.2620
9420.0000 59.0000 4.7110 7.3170
9432.0000 109.0000 2.9310 39.2440
9432.0000 59.0000 4.5970 7.6750
9432.0000 38.0000 3.2930 8.4910
9432.0000 17.0000 3.7800 9.3510
9444.0000 38.0000 3.1790 8.8350
9444.0000 109.0000 2.9260 39.2360
9456.0000 109.0000 2.9210 39.2270
9456.0000 38.0000 3.0640 9.1790
9468.0000 109.0000 2.9160 39.2190
9468.0000 116.0000 4.5680 33.7220
9480.0000 116.0000 4.5680 33.7220
9492.0000 116.0000 4.5680 33.7220
9504.0000 116.0000 4.5970 33.6080
9516.0000 116.0000 4.5970 33.6080
9528.0000 116.0000 4.5970 33.6080
9540.0000 116.0000 4.5970 33.5510
9552.0000 116.0000 4.5970 33.4930
9588.0000 18.0000 4.7400 15.1070
9588.0000 60.0000 4.1100 12.7160
9600.0000 60.0000 4.1100 13.1880
9600.0000 18.0000 4.8540 15.3360
9612.0000 39.0000 3.0360 14.8780
9612.0000 18.0000 4.9120 15.5650
9612.0000 60.0000 4.1100 13.6460
9624.0000 18.0000 4.9690 15.7940
9624.0000 39.0000 3.0360 15.1070
9624.0000 110.0000 2.8520 39.1090
9624.0000 60.0000 4.1100 14.1190
9636.0000 60.0000 4.0520 14.4630
9636.0000 110.0000 2.8470 39.1000
9636.0000 18.0000 4.9690 16.1380
9636.0000 39.0000 3.0360 15.5650
9648.0000 110.0000 2.8420 39.0920
9648.0000 60.0000 3.9950 14.6920
9648.0000 18.0000 4.9690 16.3810
9648.0000 39.0000 3.0930 16.1380
9660.0000 110.0000 2.8380 39.0840
9660.0000 39.0000 3.1500 16.7250
9660.0000 60.0000 3.9380 15.0500
9660.0000 18.0000 4.9690 16.7250
9672.0000 39.0000 3.2080 17.1980
9672.0000 60.0000 3.8810 15.2790
9672.0000 18.0000 4.9120 16.9540
9672.0000 110.0000 2.8320 39.0750
9684.0000 39.0000 3.2650 17.6560
9684.0000 110.0000 2.8280 39.0670
9684.0000 91.0000 10.9830 -15.0640
9696.0000 39.0000 3.2650 18.0000
9696.0000 110.0000 2.8230 39.0580
9696.0000 91.0000 11.3270 -14.9500
9708.0000 91.0000 11.5840 -14.6630
9708.0000 110.0000 2.8180 39.0500
9708.0000 117.0000 4.1670 37.2740
9720.0000 91.0000 11.8140 -14.4340
9720.0000 117.0000 4.1100 37.8460
9732.0000 91.0000 12.0280 -14.3190
9732.0000 117.0000 3.9950 38.3620
9744.0000 91.0000 12.2000 -14.2050
9744.0000 117.0000 3.9950 38.8340
9756.0000 117.0000 3.9920 38.9550
9756.0000 91.0000 12.2000 -14.0760
9768.0000 91.0000 12.1430 -13.9610
9768.0000 117.0000 3.9860 38.9650
9780.0000 117.0000 3.9800 38.9750
9792.0000 117.0000 3.9740 38.9850
9828.0000 19.0000 4.2820 19.5170
9828.0000 61.0000 3.3220 18.5290
9840.0000 19.0000 4.2240 19.5170
9840.0000 61.0000 3.3220 18.7580
9852.0000 19.0000 4.2240 19.6320
9852.0000 40.0000 3.2650 20.8920
9852.0000 61.0000 3.2650 18.9880
9864.0000 19.0000 4.2240 19.8610
9864.0000 111.0000 3.4650 34.4240
9864.0000 40.0000 3.2650 20.8920
9864.0000 61.0000 3.2650 18.9880
9876.0000 111.0000 3.6370 33.8370
9876.0000 40.0000 3.2650 20.8920
9876.0000 19.0000 4.2240 19.9760
9876.0000 61.0000 3.2650 18.9880
9888.0000 111.0000 3.7520 33.2640
9888.0000 19.0000 4.2240 20.2050
9888.0000 40.0000 3.2650 20.8920
9888.0000 61.0000 3.2650 19.1020
9900.0000 19.0000 4.2240 20.3190
9900.0000 40.0000 3.2080 20.8350
9900.0000 111.0000 3.9090 32.4480
9900.0000 61.0000 3.2650 19.1020
9912.0000 61.0000 3.2650 19.2170
9912.0000 111.0000 4.0810 31.6320
9912.0000 40.0000 3.1500 20.7200
9912.0000 19.0000 4.1960 20.5480
9924.0000 40.0000 3.2360 20.7200
9924.0000 111.0000 4.1010 31.4170
9936.0000 40.0000 3.3510 20.7200
9936.0000 111.0000 4.1610 30.7730
9936.0000 339.0000 2.3340 -14.3190
9948.0000 111.0000 4.2210 30.1280
9948.0000 339.0000 2.3340 -14.8920
9948.0000 118.0000 3.8970 39.1140
9960.0000 118.0000 3.8910 39.1240
9960.0000 339.0000 2.5060 -14.5490
9972.0000 339.0000 2.6490 -14.0900
9972.0000 118.0000 3.8850 39.1340
9984.0000 118.0000 3.8790 39.1440
9984.0000 339.0000 2.8070 -13.6750
9996.0000 339.0000 2.9780 -13.2170
9996.0000 118.0000 3.8730 39.1540
10008.0000 339.0000 3.0360 -12.7010
10008.0000 118.0000 3.8670 39.1640
10020.0000 118.0000 3.8620 39.1740
10020.0000 339.0000 3.1500 -12.2290
10032.0000 118.0000 3.8560 39.1840
10056.0000 236.0000 -1.1170 -14.4200
10056.0000 344.0000 -2.5630 -14.8350
10068.0000 62.0000 3.1360 20.1470
10068.0000 344.0000 -2.5630 -14.8350
10068.0000 20.0000 4.1100 21.6080
10068.0000 236.0000 -1.1170 -14.0760
10080.0000 20.0000 4.1100 21.6080
10080.0000 62.0000 3.1360 20.1470
10080.0000 236.0000 -1.1740 -13.8470
10080.0000 344.0000 -2.6200 -14.6060
10092.0000 62.0000 3.1360 20.1470
10092.0000 20.0000 4.0950 21.6650
10092.0000 41.0000 4.3100 20.5480
10092.0000 344.0000 -2.6200 -14.2050
10092.0000 236.0000 -1.1740 -13.6180
10104.0000 62.0000 3.1360 20.1470
10104.0000 41.0000 4.3100 20.5480
10104.0000 20.0000 4.0950 21.6650
10104.0000 344.0000 -2.6200 -13.8470
10104.0000 236.0000 -1.2310 -13.2740
10116.0000 344.0000 -2.6200 -13.4460
10116.0000 62.0000 3.1360 20.1470
10116.0000 41.0000 4.3100 20.5480
10116.0000 236.0000 -1.2890 -12.9300
10116.0000 20.0000 4.0950 21.6650
10128.0000 62.0000 3.1070 20.1470
10128.0000 236.0000 -1.2890 -12.4720
10128.0000 41.0000 4.3670 20.5480
10128.0000 344.0000 -2.6200 -13.0450
10128.0000 20.0000 4.0950 21.6650
10140.0000 41.0000 4.3670 20.5480
10140.0000 20.0000 4.0670 21.7230
10140.0000 62.0000 3.1070 20.1470
10140.0000 344.0000 -2.6200 -12.7010
10140.0000 236.0000 -1.2890 -11.9850
10152.0000 330.0000 -20.0330 17.9420
10152.0000 20.0000 4.0670 21.7230
10152.0000 41.0000 4.3670 20.6630
10152.0000 62.0000 3.1070 20.1470
10152.0000 325.0000 -19.9470 16.9540
10164.0000 330.0000 -19.8180 17.5990
10164.0000 325.0000 -19.6180 16.8400
10164.0000 41.0000 4.3670 20.6630
10176.0000 325.0000 -19.1020 16.8400
10176.0000 340.0000 4.1960 -5.5420
10176.0000 41.0000 4.4250 20.6630
10176.0000 330.0000 -19.3030 17.5990
10188.0000 330.0000 -18.7870 17.5990
10188.0000 119.0000 3.7790 39.3130
10188.0000 325.0000 -18.5870 16.8400
10188.0000 340.0000 4.2530 -5.0830
10200.0000 325.0000 -18.0850 16.8400
10200.0000 340.0000 4.2530 -4.6250
10200.0000 330.0000 -18.2860 17.5990
10200.0000 119.0000 3.7730 39.3230
10212.0000 119.0000 3.7670 39.3330
10212.0000 325.0000 -17.5840 16.8400
10212.0000 330.0000 -17.7700 17.5990
10212.0000 340.0000 4.3100 -4.1670
10224.0000 119.0000 3.7610 39.3430
10224.0000 340.0000 4.3100 -3.7090
10224.0000 325.0000 -17.0690 16.8400
10224.0000 330.0000 -17.2690 17.5990
10236.0000 340.0000 4.3100 -3.2220
10236.0000 119.0000 3.7550 39.3530
10236.0000 330.0000 -16.7540 17.5990
10236.0000 325.0000 -16.5530 16.8400
10248.0000 119.0000 3.7490 39.3630
10248.0000 340.0000 4.3100 -2.6490
10260.0000 119.0000 3.7430 39.3730
10260.0000 340.0000 4.3100 -2.0760
10272.0000 119.0000 3.7370 39.3830
10272.0000 188.0000 16.4670 18.2860
10272.0000 336.0000 16.5530 17.3700
10284.0000 336.0000 15.9950 17.2550
10284.0000 188.0000 16.0230 18.2860
10296.0000 345.0000 -2.8350 -6.4290
10296.0000 237.0000 -1.4610 -6.0860
10296.0000 336.0000 15.4790 17.2550
10296.0000 188.0000 15.5080 18.2860
10308.0000 237.0000 -1.4610 -5.6130
10308.0000 345.0000 -2.8350 -5.9710
10308.0000 336.0000 14.9780 17.2550
10308.0000 21.0000 4.0380 21.6080
10308.0000 188.0000 15.0070 18.2860
10308.0000 63.0000 3.0790 20.1470
10320.0000 188.0000 14.4340 18.2860
10320.0000 336.0000 14.4050 17.2550
10320.0000 21.0000 4.0380 21.6080
10320.0000 345.0000 -2.7780 -5.6130
10320.0000 237.0000 -1.4610 -5.1410
10320.0000 63.0000 3.0790 20.1470
10332.0000 21.0000 4.0380 21.6080
10332.0000 63.0000 3.0790 20.1470
10332.0000 42.0000 4.5390 20.7780
10332.0000 336.0000 13.8470 17.2550
10332.0000 188.0000 13.9330 18.4010
10332.0000 237.0000 -1.4610 -4.6820
10332.0000 345.0000 -2.7780 -5.1410
10344.0000 345.0000 -2.7780 -4.6820
10344.0000 188.0000 13.4170 18.4010
10344.0000 237.0000 -1.4610 -4.2240
10344.0000 42.0000 4.5390 20.7780
10344.0000 336.0000 13.3310 17.2550
10344.0000 63.0000 3.0790 20.1470
10344.0000 21.0000 4.0380 21.6080
10356.0000 63.0000 3.0790 20.1470
10356.0000 42.0000 4.5390 20.7780
10356.0000 336.0000 12.7730 17.2550
10356.0000 237.0000 -1.4610 -3.7660
10356.0000 188.0000 12.8590 18.4010
10356.0000 21.0000 4.0380 21.6080
10356.0000 345.0000 -2.7780 -4.2240
10368.0000 42.0000 4.5390 20.7780
10368.0000 63.0000 3.0790 20.1470
10368.0000 237.0000 -1.4610 -3.2790
10368.0000 21.0000 4.0380 21.6080
10368.0000 345.0000 -2.7350 -3.7660
10380.0000 63.0000 3.0500 20.1470
10380.0000 345.0000 -2.7350 -3.4080
10380.0000 21.0000 4.0380 21.6080
10380.0000 42.0000 4.5390 20.7780
10380.0000 237.0000 -1.5180 -2.8210
10392.0000 63.0000 3.0500 20.1470
10392.0000 21.0000 4.0380 21.6080
10392.0000 42.0000 4.5390 20.7780
10392.0000 326.0000 -9.7660 16.7250
10392.0000 331.0000 -9.9660 17.4840
10404.0000 331.0000 -9.5080 17.4840
10404.0000 42.0000 4.5390 20.7780
10404.0000 326.0000 -9.2650 16.7250
10416.0000 341.0000 4.1380 5.1120
10416.0000 331.0000 -9.0070 17.4840
10416.0000 326.0000 -8.7490 16.7250
10416.0000 42.0000 4.5390 20.7780
10428.0000 341.0000 4.1380 5.5990
10428.0000 326.0000 -8.3050 16.6110
10428.0000 331.0000 -8.5630 17.4840
10440.0000 326.0000 -7.8470 16.6110
10440.0000 331.0000 -8.1050 17.4840
10440.0000 341.0000 4.0810 6.0570
10452.0000 326.0000 -7.4460 16.4960
10452.0000 331.0000 -7.6470 17.3700
10452.0000 341.0000 3.9660 6.5150
10464.0000 341.0000 3.9240 6.8590
10464.0000 326.0000 -7.0020 16.4960
10464.0000 331.0000 -7.2460 17.3700
10476.0000 331.0000 -6.8020 17.2550
10476.0000 326.0000 -6.6010 16.4960
10476.0000 341.0000 3.8660 7.3170
10488.0000 341.0000 3.8090 7.7900
10500.0000 341.0000 3.8090 8.2620
10512.0000 189.0000 6.6870 20.5480
10512.0000 337.0000 6.1570 19.3460
10524.0000 189.0000 6.4010 21.0210
10524.0000 337.0000 5.8140 19.9180
10536.0000 238.0000 -1.7900 2.6780
10536.0000 337.0000 5.4700 20.3770
10536.0000 189.0000 6.1290 21.4220
10536.0000 346.0000 -2.8350 2.0480
10548.0000 189.0000 5.8710 21.9520
10548.0000 337.0000 5.1550 20.9640
10548.0000 64.0000 3.0210 20.1470
10548.0000 346.0000 -2.8640 2.4490
10548.0000 238.0000 -1.8470 3.0210
10548.0000 22.0000 4.0380 21.7230
10560.0000 64.0000 3.0210 20.1470
10560.0000 189.0000 5.5850 22.4100
10560.0000 337.0000 4.8260 21.5510
10560.0000 22.0000 4.0380 21.7230
10560.0000 238.0000 -1.8470 3.3790
10560.0000 346.0000 -2.8930 2.9070
10572.0000 43.0000 4.4530 20.6630
10572.0000 22.0000 4.0380 21.7230
10572.0000 64.0000 3.0210 20.1470
10572.0000 346.0000 -2.9210 3.3220
10572.0000 189.0000 5.2980 22.8110
10572.0000 337.0000 4.4820 22.0090
10572.0000 238.0000 -1.9040 3.7950
10584.0000 64.0000 3.0210 20.2050
10584.0000 22.0000 4.0380 21.7230
10584.0000 337.0000 4.1380 22.5820
10584.0000 43.0000 4.4530 20.6630
10584.0000 189.0000 5.0260 23.2830
10584.0000 346.0000 -2.9500 3.6800
10584.0000 238.0000 -1.9620 4.1380
10596.0000 346.0000 -2.9780 4.0810
10596.0000 189.0000 4.7970 23.8130
10596.0000 22.0000 4.0380 21.7230
10596.0000 64.0000 3.0210 20.2050
10596.0000 238.0000 -1.9620 4.4820
10596.0000 43.0000 4.4530 20.6630
10596.0000 337.0000 3.8380 23.1690
10608.0000 43.0000 4.4250 20.6630
10608.0000 64.0000 3.0210 20.2050
10608.0000 238.0000 -2.0190 4.8830
10608.0000 22.0000 4.0380 21.7230
10608.0000 346.0000 -3.0070 4.5390
10620.0000 22.0000 4.0380 21.7230
10620.0000 346.0000 -3.0360 4.9400
10620.0000 43.0000 4.4250 20.6630
10620.0000 64.0000 3.0210 20.2050
10620.0000 238.0000 -2.0190 5.3550
10632.0000 64.0000 3.0210 20.2620
10632.0000 332.0000 -1.2030 14.6490
10632.0000 43.0000 4.4250 20.6630
10632.0000 327.0000 -1.3170 13.4170
10632.0000 22.0000 4.0380 21.7230
10644.0000 43.0000 4.4250 20.6630
10644.0000 332.0000 -0.8020 14.2770
10644.0000 327.0000 -1.0880 13.0740
10656.0000 332.0000 -0.5300 13.9330
10656.0000 342.0000 3.7370 15.3930
10656.0000 327.0000 -0.9160 12.7300
10656.0000 43.0000 4.3960 20.6630
10656.0000 335.0000 5.2550 22.6390
10668.0000 342.0000 3.7950 15.9660
10668.0000 327.0000 -0.7450 12.2570
10668.0000 332.0000 -0.3010 13.4750
10668.0000 335.0000 5.4130 22.0660
10680.0000 327.0000 -0.5870 11.7850
10680.0000 332.0000 -0.0720 13.0160
10680.0000 335.0000 5.5850 21.4940
10680.0000 342.0000 3.9090 16.5530
10692.0000 342.0000 4.0240 17.1260
10692.0000 335.0000 5.6990 20.7780
10692.0000 332.0000 0.1000 12.5580
10692.0000 327.0000 -0.4150 11.3270
10704.0000 332.0000 0.3290 12.0710
10704.0000 335.0000 5.8710 20.2050
10704.0000 342.0000 4.0810 17.7130
10704.0000 327.0000 -0.2430 10.9830
10716.0000 342.0000 4.1960 18.2860
10716.0000 332.0000 0.5010 11.6130
10716.0000 327.0000 -0.0720 10.5250
10716.0000 335.0000 6.2000 19.7470
10728.0000 335.0000 6.7160 19.5170
10728.0000 342.0000 4.3670 18.8730
10740.0000 335.0000 7.1740 19.2880
10740.0000 342.0000 4.4820 19.3310
10752.0000 338.0000 2.5920 29.5410
10764.0000 338.0000 2.5920 30.1280
10776.0000 338.0000 2.5350 30.6010
10776.0000 239.0000 -2.7640 10.6970
10776.0000 347.0000 -4.1380 10.4680
10788.0000 239.0000 -2.7640 11.1550
10788.0000 65.0000 2.9930 20.4340
10788.0000 347.0000 -4.1960 10.8680
10788.0000 338.0000 2.4770 31.1730
10788.0000 23.0000 4.0670 21.6650
10800.0000 338.0000 2.4770 31.7460
10800.0000 239.0000 -2.7640 11.4990
10800.0000 65.0000 2.9930 20.4340
10800.0000 347.0000 -4.2530 11.3270
10800.0000 23.0000 4.0670 21.6650
10812.0000 23.0000 4.0670 21.6650
10812.0000 65.0000 2.9930 20.4340
10812.0000 347.0000 -4.2820 11.7850
10812.0000 239.0000 -2.7640 11.9570
10812.0000 44.0000 4.2820 20.6060
10812.0000 338.0000 2.4200 32.3330
10824.0000 347.0000 -4.3390 12.2570
10824.0000 239.0000 -2.7640 12.4290
10824.0000 23.0000 4.0670 21.6650
10824.0000 338.0000 2.3630 32.8060
10824.0000 65.0000 2.9930 20.4340
10824.0000 44.0000 4.2820 20.6060
10836.0000 65.0000 2.9930 20.4910
10836.0000 44.0000 4.2820 20.6060
10836.0000 23.0000 4.0670 21.6650
10836.0000 347.0000 -4.3390 12.6150
10836.0000 239.0000 -2.7640 12.9020
10836.0000 338.0000 2.3630 33.3790
10848.0000 347.0000 -4.3390 12.9590
10848.0000 239.0000 -2.7640 13.3600
10848.0000 65.0000 2.9930 20.4910
10848.0000 23.0000 4.0670 21.6650
10848.0000 44.0000 4.2820 20.6060
10860.0000 23.0000 4.0670 21.6650
10860.0000 347.0000 -4.3390 13.1880
10860.0000 239.0000 -2.6490 13.7040
10860.0000 65.0000 2.9930 20.4910
10860.0000 44.0000 4.2530 20.6060
10872.0000 333.0000 3.2650 5.5990
10872.0000 44.0000 4.2530 20.6060
10872.0000 65.0000 2.9930 20.4910
10872.0000 23.0000 4.0670 21.6650
10872.0000 328.0000 2.4770 4.4820
10884.0000 333.0000 3.4940 5.1120
10884.0000 328.0000 2.7060 4.0240
10884.0000 44.0000 4.2530 20.6060
10896.0000 328.0000 2.8210 3.6800
10896.0000 343.0000 4.0810 26.3050
10896.0000 44.0000 4.2530 20.6060
10896.0000 333.0000 3.6660 4.7680
10908.0000 343.0000 3.9660 26.8780
10908.0000 333.0000 3.7800 4.3100
10908.0000 328.0000 2.8640 3.2080
10920.0000 333.0000 3.8810 3.8520
10920.0000 328.0000 2.9780 2.8500
10920.0000 343.0000 3.9660 27.5790
10920.0000 49.0000 1.3170 38.8200
10932.0000 328.0000 3.0360 2.5060
10932.0000 333.0000 3.9950 3.3940
10932.0000 49.0000 1.3170 38.3620
10932.0000 343.0000 3.9660 28.1520
10944.0000 343.0000 3.9660 28.7390
10944.0000 328.0000 3.0930 2.0480
10944.0000 333.0000 4.1100 2.9070
10944.0000 49.0000 1.3170 38.0180
10956.0000 49.0000 1.3750 37.6750
10956.0000 343.0000 3.9660 29.3120
10956.0000 333.0000 4.1670 2.4490
10956.0000 328.0000 3.1500 1.7040
10968.0000 343.0000 3.9660 30.0140
10968.0000 49.0000 1.3750 37.3310
10980.0000 343.0000 3.9660 30.6010
10980.0000 49.0000 1.3750 36.9870
10992.0000 49.0000 1.4890 36.2710
11004.0000 49.0000 1.5890 35.6980
11016.0000 348.0000 -3.0930 18.3430
11028.0000 348.0000 -3.0070 18.8160
11028.0000 66.0000 2.9930 20.6770
11028.0000 24.0000 4.0670 21.6650
11040.0000 348.0000 -2.9210 19.2310
11040.0000 66.0000 2.9930 20.6770
11040.0000 24.0000 4.0670 21.6650
11052.0000 348.0000 -2.8500 19.6890
11052.0000 66.0000 2.9930 20.6770
11052.0000 45.0000 4.1670 20.5480
11052.0000 24.0000 4.0670 21.6650
11064.0000 66.0000 2.9930 20.6770
11064.0000 45.0000 4.1960 20.5480
11064.0000 348.0000 -2.7640 20.0900
11064.0000 24.0000 4.0670 21.6650
11076.0000 24.0000 4.0670 21.6650
11076.0000 66.0000 2.9930 20.6770
11076.0000 45.0000 4.1960 20.5480
11076.0000 348.0000 -2.6780 20.5480
11088.0000 66.0000 2.9930 20.6770
11088.0000 45.0000 4.1960 20.5480
11088.0000 24.0000 4.0380 21.6650
11088.0000 348.0000 -2.5920 21.0210
11100.0000 24.0000 4.0380 21.6650
11100.0000 66.0000 2.9930 20.6770
11100.0000 348.0000 -2.5920 21.4940
11100.0000 45.0000 4.1960 20.5480
11112.0000 66.0000 2.9930 20.6770
11112.0000 45.0000 4.1960 20.4910
11112.0000 334.0000 4.3100 -4.1670
11112.0000 32.0000 4.0670 24.3430
11112.0000 24.0000 4.0380 21.6650
11112.0000 329.0000 3.2360 -4.6250
11124.0000 27.0000 -19.4740 5.9430
11124.0000 334.0000 4.2530 -4.7400
11124.0000 329.0000 3.2360 -5.1980
11124.0000 81.0000 4.8830 23.3980
11124.0000 45.0000 4.1960 20.4910
11124.0000 32.0000 4.1100 23.4550
11136.0000 334.0000 4.1960 -5.1980
11136.0000 27.0000 -18.9590 5.9430
11136.0000 81.0000 4.9830 22.6390
11136.0000 11.0000 -19.6890 18.4580
11136.0000 45.0000 4.2240 20.4910
11136.0000 74.0000 4.8260 24.1430
11136.0000 329.0000 3.1790 -5.7850
11136.0000 32.0000 4.2240 22.9830
11148.0000 32.0000 4.3960 22.6390
11148.0000 81.0000 5.0980 22.1810
11148.0000 329.0000 3.1220 -6.3720
11148.0000 334.0000 4.1380 -5.7850
11148.0000 27.0000 -18.4580 5.9430
11148.0000 11.0000 -19.4170 18.5720
11148.0000 74.0000 4.8260 23.2260
11160.0000 81.0000 5.2120 21.7230
11160.0000 27.0000 -17.9420 5.9430
11160.0000 50.0000 4.1380 27.2790
11160.0000 329.0000 3.1220 -6.8300
11160.0000 11.0000 -18.9590 18.6870
11160.0000 334.0000 4.0810 -6.3720
11160.0000 32.0000 4.5110 22.1810
11160.0000 74.0000 4.9260 22.7540
11172.0000 81.0000 5.3270 21.2500
11172.0000 11.0000 -18.4580 18.9300
11172.0000 50.0000 4.2530 27.0490
11172.0000 74.0000 4.9830 22.4100
11172.0000 27.0000 -17.4270 5.9430
11172.0000 32.0000 4.6820 21.8370
11172.0000 329.0000 3.0640 -7.2890
11172.0000 334.0000 4.0240 -6.8300
11184.0000 11.0000 -18.0000 19.1740
11184.0000 74.0000 5.0980 21.9520
11184.0000 329.0000 3.0640 -7.7610
11184.0000 50.0000 4.7110 25.7750
11184.0000 32.0000 4.7400 21.3650
11184.0000 81.0000 5.4410 20.7780
11184.0000 27.0000 -16.8970 5.9430
11184.0000 334.0000 3.9660 -7.4030
11196.0000 329.0000 3.0640 -8.2340
11196.0000 74.0000 5.0980 21.4940
11196.0000 11.0000 -17.4840 19.4030
11196.0000 50.0000 4.7680 24.7300
11196.0000 334.0000 3.9660 -7.8760
11196.0000 81.0000 5.3840 20.4340
11196.0000 32.0000 4.7400 20.8920
11196.0000 27.0000 -16.3390 5.8280
11208.0000 50.0000 4.8260 23.9280
11208.0000 74.0000 5.0400 21.1360
11208.0000 27.0000 -15.7080 5.7130
11208.0000 11.0000 -16.9830 19.5170
11208.0000 81.0000 5.2700 19.9760
11220.0000 11.0000 -16.4820 19.5170
11220.0000 50.0000 4.9970 23.6990
11220.0000 74.0000 5.0400 20.6630
11232.0000 50.0000 5.1120 23.5700
11244.0000 50.0000 5.1120 23.5700
11256.0000 349.0000 -2.5350 27.3930
11268.0000 349.0000 -2.5350 27.7510
11268.0000 25.0000 4.0090 21.7230
11268.0000 67.0000 3.0210 20.7350
11280.0000 67.0000 3.0210 20.7350
11280.0000 349.0000 -2.4770 28.2240
11280.0000 25.0000 4.0090 21.7230
11292.0000 46.0000 4.2820 20.4910
11292.0000 67.0000 3.0210 20.7350
11292.0000 349.0000 -2.4770 28.5670
11292.0000 25.0000 4.0090 21.7230
11304.0000 67.0000 3.0210 20.7350
11304.0000 46.0000 4.2820 20.4340
11304.0000 25.0000 4.0090 21.7230
11304.0000 349.0000 -2.4200 29.0260
11316.0000 25.0000 4.0090 21.7230
11316.0000 349.0000 -2.4200 29.3690
11316.0000 67.0000 3.0210 20.7350
11316.0000 46.0000 4.3100 20.4340
11328.0000 25.0000 4.0090 21.7230
11328.0000 349.0000 -2.3630 29.8270
11328.0000 67.0000 3.0210 20.7350
11328.0000 46.0000 4.3100 20.4340
11340.0000 25.0000 3.9810 21.7230
11340.0000 349.0000 -2.3050 30.3140
11340.0000 67.0000 3.0500 20.7350
11340.0000 46.0000 4.3100 20.4340
11352.0000 33.0000 3.6660 18.5720
11352.0000 46.0000 4.3100 20.4340
11352.0000 30.0000 16.5820 17.8850
11352.0000 25.0000 3.9810 21.7230
11352.0000 67.0000 3.0500 20.7350
11364.0000 46.0000 4.3100 20.4340
11364.0000 28.0000 -8.9780 4.3100
11364.0000 33.0000 3.6090 18.5720
11364.0000 82.0000 4.3100 17.3120
11364.0000 30.0000 16.0230 17.8850
11376.0000 75.0000 4.3100 18.2290
11376.0000 28.0000 -8.5200 3.8520
11376.0000 46.0000 4.3390 20.4340
11376.0000 33.0000 3.5510 18.5720
11376.0000 30.0000 15.4510 18.0000
11376.0000 12.0000 -8.6630 19.7470
11376.0000 82.0000 4.2530 17.3120
11388.0000 28.0000 -8.0190 3.5080
