0.0000 129.0000 13.1010 5.9800
0.0000 112.0000 -19.8660 18.6960
12.0000 129.0000 12.3590 5.9800
12.0000 112.0000 -19.8660 18.6960
24.0000 129.0000 11.6310 5.9800
24.0000 112.0000 -19.8090 18.6960
36.0000 129.0000 10.9030 5.9800
36.0000 112.0000 -19.7660 18.6960
48.0000 129.0000 10.1610 5.9800
48.0000 112.0000 -19.7090 18.6960
60.0000 129.0000 9.4760 6.0940
60.0000 117.0000 -2.2980 34.2380
60.0000 112.0000 -19.6520 18.6960
60.0000 141.0000 -8.2060 27.8440
72.0000 117.0000 -2.4120 34.6090
72.0000 141.0000 -8.6490 27.8440
72.0000 112.0000 -19.5950 18.6960
72.0000 129.0000 8.6910 6.0940
84.0000 141.0000 -9.0200 28.0720
84.0000 129.0000 7.9060 6.0940
84.0000 117.0000 -2.6120 34.8370
84.0000 112.0000 -19.5950 18.6960
96.0000 117.0000 -2.8400 34.8370
96.0000 141.0000 -9.3760 28.4150
108.0000 141.0000 -9.6480 28.3010
108.0000 131.0000 16.3120 7.2930
108.0000 117.0000 -3.0970 34.9510
120.0000 131.0000 15.6700 6.8360
120.0000 117.0000 -3.2970 34.9510
120.0000 141.0000 -9.8620 27.9580
132.0000 117.0000 -3.6680 34.9510
132.0000 141.0000 -9.8440 27.9580
132.0000 131.0000 15.0420 6.8360
144.0000 117.0000 -4.1960 34.8370
144.0000 131.0000 14.4140 6.8360
144.0000 141.0000 -9.8230 27.9570
156.0000 131.0000 13.7860 6.8360
168.0000 131.0000 13.2010 6.8360
180.0000 131.0000 12.5730 6.8360
192.0000 131.0000 11.9450 6.7220
240.0000 130.0000 -0.9990 6.4360
240.0000 113.0000 -18.1820 18.4220
252.0000 113.0000 -18.2390 18.4330
252.0000 130.0000 -1.7270 6.4360
264.0000 130.0000 -2.4690 6.4360
264.0000 113.0000 -18.2950 18.4440
276.0000 113.0000 -18.3520 18.4560
276.0000 130.0000 -3.1970 6.4360
288.0000 130.0000 -3.9390 6.4360
288.0000 113.0000 -18.4080 18.4670
300.0000 130.0000 -4.6670 6.4360
300.0000 113.0000 -18.4650 18.4780
300.0000 118.0000 -6.1030 34.7500
300.0000 142.0000 -9.5470 27.9520
312.0000 130.0000 -5.3950 6.4360
312.0000 118.0000 -5.9140 34.7540
312.0000 113.0000 -18.5210 18.4900
312.0000 142.0000 -9.5260 27.9520
324.0000 118.0000 -5.7250 34.7590
324.0000 142.0000 -9.5050 27.9510
324.0000 113.0000 -18.5780 18.5010
324.0000 130.0000 -6.1940 6.4360
336.0000 118.0000 -5.5370 34.7640
336.0000 142.0000 -9.4830 27.9510
348.0000 142.0000 -9.4620 27.9510
348.0000 132.0000 3.8250 6.4940
348.0000 118.0000 -5.3480 34.7680
360.0000 142.0000 -9.4410 27.9500
360.0000 118.0000 -5.1590 34.7720
360.0000 132.0000 3.1970 6.4940
372.0000 142.0000 -9.4200 27.9500
372.0000 118.0000 -4.9700 34.7770
372.0000 132.0000 2.5120 6.4940
384.0000 132.0000 1.8270 6.3790
384.0000 142.0000 -9.3990 27.9490
384.0000 118.0000 -4.7820 34.7820
396.0000 132.0000 1.1560 6.3790
408.0000 132.0000 0.4710 6.3790
420.0000 132.0000 -0.1570 6.2510
432.0000 132.0000 -0.8420 6.2510
528.0000 139.0000 -14.9280 38.1760
540.0000 139.0000 -15.3130 38.3480
552.0000 139.0000 -15.5130 38.6330
564.0000 139.0000 -15.4560 38.6330
576.0000 139.0000 -15.4130 38.6330
588.0000 139.0000 -15.3560 38.6330
600.0000 139.0000 -15.2560 38.6900
612.0000 139.0000 -15.3130 38.6900
768.0000 140.0000 -15.5700 38.7740
780.0000 140.0000 -15.5700 38.7760
792.0000 140.0000 -15.5700 38.7780
804.0000 140.0000 -15.5700 38.7800
816.0000 140.0000 -15.5700 38.7820
828.0000 140.0000 -15.5700 38.7840
840.0000 140.0000 -15.5700 38.7860
852.0000 140.0000 -15.5700 38.7880
1416.0000 160.0000 -15.9130 18.7530
1428.0000 160.0000 -16.4840 18.7530
1440.0000 160.0000 -17.0550 18.7530
1452.0000 160.0000 -17.6400 18.7530
1464.0000 160.0000 -18.1960 18.8100
1476.0000 160.0000 -18.7670 18.8100
1488.0000 160.0000 -19.3380 18.8100
1500.0000 160.0000 -19.8090 18.8100
1524.0000 5.0000 12.9440 5.2090
1536.0000 5.0000 12.4730 5.2090
1548.0000 5.0000 11.9450 5.3230
1560.0000 5.0000 11.4170 5.3230
1572.0000 5.0000 10.9460 5.4520
1584.0000 5.0000 10.4330 5.4520
1596.0000 5.0000 9.9040 5.5660
1608.0000 5.0000 9.4340 5.5660
1656.0000 161.0000 -19.9370 18.2250
1668.0000 161.0000 -19.9660 18.2250
1680.0000 161.0000 -19.9660 18.1680
1692.0000 161.0000 -19.9660 18.1680
1704.0000 161.0000 -19.9940 18.1110
1716.0000 161.0000 -19.9940 18.0540
1728.0000 161.0000 -19.9940 18.0540
1740.0000 161.0000 -20.0090 17.9960
1764.0000 6.0000 3.0830 5.6940
1776.0000 6.0000 2.5690 5.6940
1788.0000 6.0000 2.0410 5.6940
1800.0000 6.0000 1.5130 5.6940
1812.0000 6.0000 0.9990 5.6940
1824.0000 6.0000 0.4710 5.6940
1836.0000 6.0000 -0.0570 5.6940
1848.0000 6.0000 -0.5710 5.6940
2004.0000 7.0000 -7.6350 5.6230
2016.0000 7.0000 -8.0630 5.6800
2028.0000 7.0000 -8.5200 5.6800
2040.0000 7.0000 -8.9770 5.6230
2052.0000 7.0000 -9.4050 5.6800
2052.0000 8.0000 -0.2570 17.5400
2064.0000 7.0000 -9.8620 5.6800
2064.0000 8.0000 -0.9420 17.5400
2076.0000 7.0000 -10.3750 5.6230
2076.0000 8.0000 -1.5700 17.4260
2088.0000 8.0000 -2.1980 17.4260
2088.0000 7.0000 -10.9610 5.6230
2100.0000 8.0000 -2.8260 17.4260
2112.0000 8.0000 -3.4540 17.3110
2124.0000 8.0000 -4.0390 17.3110
2136.0000 8.0000 -4.6670 17.3110
3228.0000 37.0000 -0.5420 17.2540
3240.0000 37.0000 -0.1140 16.7980
3252.0000 37.0000 0.4570 16.7980
3264.0000 37.0000 0.4510 17.0390
3276.0000 37.0000 0.4290 17.0900
3288.0000 37.0000 0.4070 17.1410
3300.0000 37.0000 0.3850 17.1920
3312.0000 37.0000 0.3620 17.2430
3492.0000 35.0000 1.0280 17.0260
3504.0000 35.0000 0.4570 17.1400
3516.0000 35.0000 0.1280 17.2540
3528.0000 35.0000 -0.1860 17.3690
3540.0000 35.0000 -0.5000 17.5400
3552.0000 35.0000 -0.8710 17.5400
3564.0000 35.0000 -1.1850 17.5400
3576.0000 35.0000 -1.6130 17.5400
3732.0000 36.0000 -6.2650 17.4260
3744.0000 36.0000 -6.6360 17.4260
3756.0000 36.0000 -7.0070 17.4260
3768.0000 36.0000 -7.3780 17.4260
3780.0000 36.0000 -7.7210 17.4260
3792.0000 36.0000 -8.0350 17.4260
3804.0000 36.0000 -8.4060 17.4260
3816.0000 36.0000 -8.7770 17.4260
4788.0000 74.0000 16.3690 6.4940
4800.0000 74.0000 14.9850 6.4360
4812.0000 74.0000 13.5010 6.4360
4824.0000 74.0000 11.9740 6.5510
4836.0000 74.0000 10.5040 6.5510
4848.0000 74.0000 8.9630 6.5510
4860.0000 74.0000 7.2640 6.5510
4872.0000 74.0000 5.5520 6.5510
6744.0000 152.0000 15.1420 5.8660
6756.0000 152.0000 14.1150 5.8660
6768.0000 152.0000 13.2300 5.9800
6780.0000 152.0000 12.5020 5.9800
6792.0000 152.0000 11.7600 6.0940
6804.0000 152.0000 11.1320 6.0940
6816.0000 152.0000 10.6040 6.0940
6828.0000 152.0000 10.0330 6.0940
6984.0000 150.0000 -19.6520 17.7110
6984.0000 153.0000 3.4250 6.0940
6996.0000 150.0000 -19.2380 17.7110
6996.0000 153.0000 2.8540 6.0940
7008.0000 150.0000 -18.4670 17.5400
7008.0000 153.0000 2.2690 6.0940
7020.0000 150.0000 -18.1110 17.7680
7020.0000 153.0000 1.6980 6.0940
7032.0000 150.0000 -17.6400 17.9960
7032.0000 153.0000 1.1270 6.0940
7044.0000 150.0000 -16.3270 18.1110
7044.0000 153.0000 0.5000 6.0940
7056.0000 150.0000 -15.0710 18.1110
7056.0000 153.0000 -0.0860 6.0940
7068.0000 150.0000 -13.7580 18.2250
7068.0000 153.0000 -0.6560 6.0370
7224.0000 154.0000 -8.3060 5.7940
7224.0000 151.0000 -6.7160 17.6540
7236.0000 151.0000 -6.7120 17.6540
7236.0000 154.0000 -8.9200 5.7940
7248.0000 151.0000 -6.7090 17.6540
7248.0000 154.0000 -9.4340 5.7940
7260.0000 151.0000 -6.7050 17.6540
7260.0000 154.0000 -9.9040 5.7940
7272.0000 154.0000 -10.5470 5.7940
7272.0000 151.0000 -6.7010 17.6540
7284.0000 151.0000 -6.6980 17.6540
7284.0000 154.0000 -11.1180 5.7940
7296.0000 151.0000 -6.6940 17.6540
7296.0000 154.0000 -11.7460 5.7940
7308.0000 154.0000 -12.3160 5.7940
7308.0000 151.0000 -6.6910 17.6540
7512.0000 156.0000 -19.7950 18.4530
7524.0000 156.0000 -19.4240 18.4530
7536.0000 156.0000 -19.0530 18.3390
7548.0000 156.0000 -18.6810 18.3390
7560.0000 156.0000 -18.2680 18.3390
7572.0000 156.0000 -17.8540 18.3390
7584.0000 156.0000 -17.3690 18.3390
7596.0000 156.0000 -16.9120 18.2250
7596.0000 86.0000 -13.4300 7.6350
7608.0000 86.0000 -12.8020 7.6350
7620.0000 86.0000 -12.1740 7.6350
7632.0000 86.0000 -11.4890 7.6350
7644.0000 86.0000 -10.8040 7.6350
7644.0000 92.0000 16.5840 6.5510
7656.0000 86.0000 -10.1760 7.6350
7656.0000 92.0000 16.5840 6.5510
7668.0000 86.0000 -9.4910 7.6350
7668.0000 92.0000 16.5840 6.5510
7680.0000 86.0000 -8.8630 7.6350
7680.0000 92.0000 16.3410 6.5510
7692.0000 92.0000 15.8840 6.5510
7704.0000 92.0000 15.3700 6.5510
7716.0000 92.0000 14.9140 6.5510
7728.0000 92.0000 14.4290 6.5510
7836.0000 87.0000 -0.3280 7.6350
7848.0000 87.0000 0.3000 7.7640
7860.0000 87.0000 0.9420 7.7640
7872.0000 87.0000 1.5700 7.7640
7884.0000 87.0000 2.1980 7.7640
7884.0000 93.0000 9.0910 6.6650
7896.0000 87.0000 2.8400 7.8920
7896.0000 93.0000 8.6630 6.6650
7908.0000 87.0000 3.4680 7.8920
7908.0000 93.0000 8.2060 6.6650
7920.0000 93.0000 7.7780 6.6650
7920.0000 87.0000 4.0960 7.8920
7932.0000 93.0000 7.3070 6.6650
7944.0000 93.0000 6.8930 6.6650
7956.0000 93.0000 6.4650 6.6650
7968.0000 93.0000 5.9510 6.5510
8124.0000 94.0000 0.1000 5.9800
8136.0000 94.0000 -0.3710 5.9800
8148.0000 94.0000 -0.8420 6.0940
8160.0000 94.0000 -1.3130 6.0940
8172.0000 94.0000 -1.8410 6.2080
8184.0000 94.0000 -2.3120 6.2080
8196.0000 94.0000 -2.7830 6.3220
8208.0000 94.0000 -3.2970 6.3220
8364.0000 95.0000 -9.5900 7.4640
8376.0000 95.0000 -10.0040 7.7070
8388.0000 95.0000 -10.4900 7.9350
8400.0000 95.0000 -10.9030 8.0630
8412.0000 95.0000 -11.3740 8.2920
