60.0000 15.0000 17.6420 -21.0380
60.0000 39.0000 17.9410 12.5030
72.0000 31.0000 13.1690 20.7400
72.0000 55.0000 20.2120 18.3310
72.0000 30.0000 14.7520 22.9420
72.0000 57.0000 20.5790 16.6330
72.0000 39.0000 17.9410 12.5030
72.0000 67.0000 14.5220 21.5200
72.0000 32.0000 13.2830 22.1850
72.0000 15.0000 17.7110 -20.3720
84.0000 15.0000 17.8720 -19.5240
84.0000 55.0000 19.8680 18.3310
84.0000 31.0000 13.5820 20.7400
84.0000 39.0000 17.9860 12.5030
84.0000 30.0000 15.1650 22.9420
84.0000 32.0000 13.6960 22.1850
84.0000 57.0000 20.2350 16.6330
84.0000 63.0000 14.1550 15.7840
84.0000 67.0000 14.9350 21.5200
96.0000 30.0000 15.5780 22.8500
96.0000 15.0000 18.0550 -18.5140
96.0000 57.0000 19.9140 16.6330
96.0000 55.0000 19.5470 18.3310
96.0000 32.0000 14.1090 22.1850
96.0000 39.0000 18.0320 12.5030
96.0000 63.0000 14.1550 16.2890
96.0000 6.0000 -4.3360 36.9590
96.0000 31.0000 13.9950 20.7400
96.0000 67.0000 15.3480 21.4280
108.0000 15.0000 18.1240 -17.6650
108.0000 30.0000 16.0360 22.8500
108.0000 55.0000 19.2250 18.2390
108.0000 6.0000 -4.9550 36.0420
108.0000 41.0000 -1.1240 35.8810
108.0000 31.0000 14.3850 20.7400
108.0000 39.0000 18.0780 12.5030
108.0000 32.0000 14.5220 22.1850
108.0000 63.0000 14.1550 16.7930
108.0000 67.0000 15.7610 21.3360
108.0000 57.0000 19.6840 16.4490
120.0000 48.0000 4.2210 30.6730
120.0000 49.0000 -5.9880 18.4910
120.0000 31.0000 14.7980 20.7400
120.0000 24.0000 -18.3080 22.6900
120.0000 32.0000 14.9350 22.0240
120.0000 27.0000 -18.1700 24.0430
120.0000 55.0000 18.9040 18.1470
120.0000 67.0000 16.1510 21.2670
120.0000 30.0000 16.4490 22.6900
120.0000 15.0000 18.2850 -16.8390
120.0000 63.0000 14.1550 17.2060
120.0000 6.0000 -5.3680 36.0420
120.0000 68.0000 -17.7800 24.7770
120.0000 57.0000 19.3630 16.4490
120.0000 41.0000 -1.6290 35.8810
120.0000 39.0000 18.1240 12.5030
132.0000 27.0000 -17.9180 23.8600
132.0000 63.0000 14.1550 17.6420
132.0000 32.0000 15.3480 22.0240
132.0000 24.0000 -18.0320 22.5290
132.0000 15.0000 18.4450 -15.9910
132.0000 41.0000 -1.9040 36.0420
132.0000 31.0000 15.2110 20.7400
132.0000 6.0000 -5.6900 35.8810
132.0000 57.0000 19.0880 16.3120
132.0000 48.0000 4.0380 29.8250
132.0000 68.0000 -17.5510 24.7770
132.0000 67.0000 16.4950 21.1750
132.0000 30.0000 16.8620 22.6900
132.0000 49.0000 -5.6440 18.1470
132.0000 55.0000 18.5830 18.0550
132.0000 39.0000 18.1700 12.5030
144.0000 57.0000 18.7670 16.3120
144.0000 41.0000 -2.2250 36.0420
144.0000 24.0000 -17.7110 22.3450
144.0000 32.0000 15.7610 22.0240
144.0000 63.0000 14.1550 18.0780
144.0000 6.0000 -6.0110 35.8810
144.0000 67.0000 16.8850 21.0840
144.0000 55.0000 18.2390 18.0550
144.0000 27.0000 -17.6880 23.6990
144.0000 30.0000 17.2750 22.5980
144.0000 49.0000 -5.2310 17.9860
144.0000 21.0000 -26.9340 23.7910
144.0000 48.0000 3.9690 29.1590
144.0000 15.0000 18.4450 -15.6460
144.0000 31.0000 15.6230 20.7400
144.0000 39.0000 18.2160 12.5030
144.0000 68.0000 -17.3210 24.7770
156.0000 49.0000 -4.9100 17.8030
156.0000 6.0000 -6.2630 35.7210
156.0000 68.0000 -17.0460 24.7770
156.0000 30.0000 17.6880 22.5980
156.0000 55.0000 17.9180 18.0550
156.0000 39.0000 18.2390 12.5030
156.0000 57.0000 18.4450 16.3120
156.0000 48.0000 3.8080 28.3100
156.0000 63.0000 14.1550 18.5830
156.0000 21.0000 -26.3370 23.7910
156.0000 41.0000 -2.3630 36.0420
156.0000 67.0000 17.2980 21.0840
156.0000 27.0000 -17.4130 23.5380
156.0000 32.0000 16.1740 22.0240
156.0000 24.0000 -17.4820 22.3450
156.0000 15.0000 18.4450 -15.1420
156.0000 31.0000 16.0360 20.7400
168.0000 67.0000 17.8030 20.9230
168.0000 39.0000 18.2390 12.5030
168.0000 68.0000 -16.8160 24.7770
168.0000 27.0000 -17.1380 23.5380
168.0000 63.0000 14.1550 19.2250
168.0000 49.0000 -4.4970 17.6420
168.0000 24.0000 -17.1610 22.1850
168.0000 32.0000 16.6330 21.8410
168.0000 6.0000 -6.2630 35.7210
168.0000 55.0000 17.5050 17.8950
168.0000 15.0000 18.5140 -14.6370
168.0000 31.0000 16.5410 20.6020
168.0000 21.0000 -25.7870 23.6990
168.0000 48.0000 3.7170 27.6450
168.0000 41.0000 -2.3630 36.0420
168.0000 30.0000 18.1470 22.4370
168.0000 57.0000 18.1240 16.1280
180.0000 68.0000 -16.5870 24.7770
180.0000 15.0000 18.5140 -14.3160
180.0000 63.0000 14.1550 19.9140
180.0000 53.0000 13.9260 34.4360
180.0000 57.0000 17.7110 16.1280
180.0000 21.0000 -25.2820 23.6070
180.0000 24.0000 -16.8160 22.1850
180.0000 41.0000 -2.3630 36.0420
180.0000 27.0000 -16.9080 23.3550
180.0000 32.0000 17.1380 21.8410
180.0000 31.0000 17.0230 20.6020
180.0000 39.0000 18.3310 12.3430
180.0000 48.0000 3.6250 26.8190
180.0000 67.0000 18.3760 20.7620
180.0000 55.0000 17.1150 17.8950
180.0000 6.0000 -6.3320 35.7210
180.0000 49.0000 -4.0150 17.6420
180.0000 30.0000 18.6520 22.4370
192.0000 48.0000 3.4870 26.1310
192.0000 68.0000 -16.3120 24.6400
192.0000 21.0000 -24.7310 23.4470
192.0000 41.0000 -2.4550 36.0420
192.0000 53.0000 14.0630 34.8030
192.0000 27.0000 -16.6330 23.1940
192.0000 49.0000 -3.4410 17.6420
192.0000 24.0000 -16.5640 22.0240
192.0000 63.0000 14.3160 20.0970
192.0000 6.0000 -6.3320 35.7210
192.0000 39.0000 18.3310 12.3430
192.0000 32.0000 17.6420 21.6800
192.0000 55.0000 16.7020 17.8950
192.0000 30.0000 19.1570 22.4370
192.0000 31.0000 17.5960 20.6020
192.0000 15.0000 18.6060 -13.8110
192.0000 57.0000 17.3900 15.9450
192.0000 67.0000 18.8580 20.5790
204.0000 67.0000 19.4320 20.4180
204.0000 39.0000 18.3310 12.3430
204.0000 41.0000 -2.4550 36.0420
204.0000 30.0000 19.6380 22.2770
204.0000 27.0000 -16.2660 23.1940
204.0000 6.0000 -6.4240 35.7210
204.0000 31.0000 18.0780 20.4180
204.0000 55.0000 16.2890 17.8950
204.0000 24.0000 -16.2430 22.0240
204.0000 32.0000 18.1010 21.6800
204.0000 48.0000 3.3950 25.4660
204.0000 68.0000 -15.8990 24.6400
204.0000 49.0000 -2.9600 17.6420
204.0000 63.0000 14.4760 20.4180
204.0000 57.0000 16.9770 15.9450
204.0000 53.0000 14.3390 35.3080
204.0000 15.0000 18.6060 -13.3060
204.0000 21.0000 -24.1350 23.4470
216.0000 68.0000 -15.5780 24.6400
216.0000 32.0000 18.6060 21.5200
216.0000 67.0000 20.0050 20.4180
216.0000 45.0000 7.8230 39.2540
216.0000 24.0000 -15.8300 22.0240
216.0000 31.0000 18.6520 20.4180
216.0000 53.0000 14.5680 35.8120
216.0000 27.0000 -15.8990 23.1940
216.0000 63.0000 14.7290 20.7400
216.0000 21.0000 -23.6070 23.4470
216.0000 6.0000 -6.4240 35.7210
216.0000 41.0000 -2.4550 36.0420
216.0000 48.0000 3.3040 24.9610
216.0000 57.0000 16.6560 15.8070
216.0000 39.0000 18.3310 12.3430
216.0000 30.0000 20.1200 22.2770
216.0000 15.0000 18.6980 -12.9620
216.0000 49.0000 -2.3630 17.8030
216.0000 55.0000 15.8760 17.8950
228.0000 32.0000 19.1110 21.5200
228.0000 45.0000 7.4100 38.7490
228.0000 39.0000 18.3310 12.3430
228.0000 49.0000 -1.8810 17.8030
228.0000 50.0000 -31.5450 20.8080
228.0000 30.0000 20.6250 22.2770
228.0000 24.0000 -15.5090 22.0240
228.0000 68.0000 -15.2560 24.4560
228.0000 15.0000 18.6980 -12.4570
228.0000 27.0000 -15.5780 23.1940
228.0000 21.0000 -23.0800 23.4470
228.0000 48.0000 3.2350 24.4560
228.0000 53.0000 14.7980 36.1340
228.0000 31.0000 19.1570 20.4180
228.0000 12.0000 -31.1780 21.2440
228.0000 41.0000 -2.5470 36.0420
228.0000 6.0000 -6.5160 35.7210
228.0000 67.0000 20.4870 20.2580
228.0000 63.0000 14.8890 21.1070
228.0000 57.0000 16.2430 15.8070
228.0000 55.0000 15.4630 17.8950
240.0000 15.0000 18.7890 -11.9530
240.0000 57.0000 15.9220 15.6230
240.0000 48.0000 3.1430 23.9510
240.0000 53.0000 15.0730 36.6380
240.0000 27.0000 -15.2560 23.0340
240.0000 21.0000 -22.5060 23.2860
240.0000 31.0000 19.6380 20.2350
240.0000 63.0000 15.1420 21.4280
240.0000 24.0000 -15.1880 21.8410
240.0000 39.0000 18.3310 12.3430
240.0000 6.0000 -6.5160 35.7210
240.0000 41.0000 -2.5470 36.0420
240.0000 49.0000 -1.3080 17.8030
240.0000 50.0000 -31.2010 20.0740
240.0000 32.0000 19.6150 21.5200
240.0000 67.0000 20.9920 20.2580
240.0000 45.0000 6.9970 38.2440
240.0000 30.0000 21.1750 22.2770
240.0000 12.0000 -31.1780 21.2440
240.0000 55.0000 15.1420 17.7340
240.0000 68.0000 -14.8430 24.4560
252.0000 39.0000 18.3310 12.3430
252.0000 63.0000 15.3020 21.6110
252.0000 27.0000 -14.8430 23.0340
252.0000 30.0000 21.7720 22.2770
252.0000 6.0000 -6.5160 35.7210
252.0000 55.0000 14.8200 17.7340
252.0000 49.0000 -0.8260 17.9860
252.0000 31.0000 20.0280 20.2350
252.0000 48.0000 3.0740 23.4470
252.0000 41.0000 -2.5470 35.8810
252.0000 15.0000 18.7890 -11.6090
252.0000 57.0000 15.5090 15.6230
252.0000 12.0000 -30.4440 21.4280
252.0000 21.0000 -21.9780 23.2860
252.0000 24.0000 -14.8660 21.8410
252.0000 45.0000 6.5840 37.7390
252.0000 53.0000 15.3020 37.1430
252.0000 32.0000 19.9820 21.5200
252.0000 68.0000 -14.5220 24.2730
252.0000 67.0000 21.4740 20.2580
252.0000 50.0000 -30.7420 20.0740
264.0000 12.0000 -29.7100 21.6110
264.0000 45.0000 6.3550 37.3950
264.0000 55.0000 14.4760 17.7340
264.0000 68.0000 -14.2010 24.2730
264.0000 50.0000 -30.2370 20.0740
264.0000 49.0000 -0.4130 17.9860
264.0000 67.0000 21.9780 20.2580
264.0000 63.0000 15.4630 21.9320
264.0000 21.0000 -21.3820 23.2860
264.0000 57.0000 15.1880 15.6230
264.0000 15.0000 18.7890 -10.9430
264.0000 39.0000 18.3310 12.3430
264.0000 53.0000 15.5320 37.4640
264.0000 30.0000 22.2540 22.2770
264.0000 41.0000 -2.5470 35.8810
264.0000 27.0000 -14.5220 23.0340
264.0000 6.0000 -6.5840 35.7210
264.0000 32.0000 20.4870 21.5200
264.0000 31.0000 20.4410 20.2350
264.0000 48.0000 2.9820 22.9420
264.0000 24.0000 -14.5450 21.8410
276.0000 48.0000 2.8910 22.4370
276.0000 15.0000 18.7890 -10.0260
276.0000 6.0000 -6.5840 35.7210
276.0000 68.0000 -13.7880 24.1350
276.0000 61.0000 4.6570 -19.3400
276.0000 57.0000 14.8660 15.6230
276.0000 24.0000 -14.1320 21.8410
276.0000 21.0000 -20.8310 23.2860
276.0000 59.0000 25.5340 17.9410
276.0000 67.0000 22.4600 20.2580
276.0000 31.0000 20.8540 20.2350
276.0000 53.0000 15.8070 37.9690
276.0000 50.0000 -29.6640 20.0740
276.0000 32.0000 20.9000 21.5200
276.0000 45.0000 6.0800 37.0510
276.0000 12.0000 -29.3890 21.6110
276.0000 41.0000 -2.6380 35.8810
276.0000 27.0000 -14.2010 23.0340
276.0000 63.0000 15.6230 22.4370
276.0000 49.0000 0.0690 18.0780
276.0000 30.0000 22.8270 22.2770
276.0000 55.0000 14.1550 17.7340
276.0000 39.0000 18.3990 12.3430
288.0000 50.0000 -29.1820 19.9140
288.0000 24.0000 -13.7880 21.6800
288.0000 30.0000 23.3320 22.2770
288.0000 21.0000 -20.3270 23.1030
288.0000 59.0000 24.8690 16.9770
288.0000 61.0000 4.3360 -19.8450
288.0000 67.0000 22.9420 20.2580
288.0000 39.0000 18.3990 12.3430
288.0000 32.0000 21.4050 21.5200
288.0000 55.0000 13.8110 17.7340
288.0000 53.0000 16.0360 38.4740
288.0000 31.0000 21.2670 20.2350
288.0000 41.0000 -2.6380 35.8810
288.0000 45.0000 5.8500 36.7300
288.0000 57.0000 14.5220 15.6230
288.0000 6.0000 -6.6760 35.7210
288.0000 12.0000 -29.0670 21.4280
288.0000 68.0000 -13.4670 24.1350
288.0000 15.0000 18.6980 -9.1770
288.0000 48.0000 2.8220 21.9320
288.0000 49.0000 0.4820 18.0780
288.0000 63.0000 15.7840 22.9420
288.0000 27.0000 -13.7880 22.8500
300.0000 61.0000 4.1070 -20.2120
300.0000 53.0000 16.2660 38.8410
300.0000 16.0000 18.6060 -8.5110
300.0000 31.0000 21.7720 20.0970
300.0000 48.0000 2.8220 21.5880
300.0000 49.0000 0.7340 17.8950
300.0000 50.0000 -28.6770 19.9140
300.0000 67.0000 23.4470 20.2580
300.0000 57.0000 14.1320 15.6230
300.0000 32.0000 21.8870 21.3360
300.0000 27.0000 -13.4670 22.8500
300.0000 59.0000 24.3870 16.7930
300.0000 45.0000 5.5980 36.3860
300.0000 21.0000 -19.7760 23.1030
300.0000 6.0000 -6.6760 35.7210
300.0000 30.0000 23.7910 22.0930
300.0000 55.0000 13.5360 17.7340
300.0000 12.0000 -28.7230 21.2440
300.0000 40.0000 18.3990 12.3430
300.0000 24.0000 -13.4440 21.6800
300.0000 63.0000 15.9680 23.2630
300.0000 41.0000 -2.6380 35.8810
300.0000 68.0000 -13.0540 24.1350
312.0000 48.0000 2.6610 20.9230
312.0000 12.0000 -28.3790 21.1070
312.0000 41.0000 -2.6840 35.8810
312.0000 58.0000 13.7650 15.6230
312.0000 16.0000 18.6060 -8.0070
312.0000 45.0000 5.3450 36.0420
312.0000 24.0000 -13.1230 21.6800
312.0000 61.0000 3.7620 -20.7170
312.0000 50.0000 -28.1730 19.9140
312.0000 49.0000 0.9870 17.5740
312.0000 21.0000 -19.1790 23.1030
312.0000 27.0000 -13.1460 22.8500
312.0000 63.0000 16.0360 23.7680
312.0000 6.0000 -6.7450 35.7210
312.0000 56.0000 13.2150 17.7340
312.0000 40.0000 18.3990 12.3430
312.0000 53.0000 16.5410 39.3450
312.0000 59.0000 23.8140 16.4720
312.0000 68.0000 -12.7330 23.9510
324.0000 64.0000 16.1970 24.1350
324.0000 16.0000 18.6060 -7.3180
324.0000 40.0000 18.3990 12.3430
324.0000 56.0000 12.8020 17.5510
324.0000 58.0000 13.3750 15.4400
324.0000 12.0000 -27.9890 21.1070
324.0000 61.0000 3.5100 -20.9460
324.0000 59.0000 23.3090 16.2890
324.0000 50.0000 -27.7140 19.9140
324.0000 49.0000 1.2160 17.2060
324.0000 41.0000 -2.6840 35.8810
324.0000 53.0000 16.7710 39.8500
324.0000 48.0000 2.5010 20.2580
324.0000 21.0000 -18.6290 23.1030
324.0000 24.0000 -12.8020 21.6800
324.0000 45.0000 5.0240 35.7210
324.0000 6.0000 -6.7450 35.7210
324.0000 68.0000 -12.4120 23.9510
324.0000 27.0000 -12.8250 22.8500
336.0000 40.0000 18.3990 12.3430
336.0000 24.0000 -12.3890 21.5200
336.0000 27.0000 -12.4120 22.6900
336.0000 53.0000 17.0000 40.1710
336.0000 59.0000 22.8270 16.2890
336.0000 68.0000 -11.9990 23.7680
336.0000 49.0000 1.6290 17.2060
336.0000 21.0000 -18.1240 23.1030
336.0000 41.0000 -2.6840 35.8810
336.0000 61.0000 3.1890 -21.2900
336.0000 58.0000 12.9850 15.4400
336.0000 50.0000 -27.2090 19.9140
336.0000 16.0000 18.6060 -6.8140
336.0000 56.0000 12.3890 17.5510
336.0000 48.0000 2.3400 19.5690
336.0000 45.0000 4.7030 35.2160
336.0000 64.0000 16.2890 24.4560
336.0000 12.0000 -27.6450 20.9230
336.0000 7.0000 -6.6760 35.7210
348.0000 56.0000 11.9760 17.3900
348.0000 12.0000 -27.3240 20.7400
348.0000 40.0000 18.3990 12.3430
348.0000 68.0000 -11.6770 23.7680
348.0000 45.0000 4.3820 34.7110
348.0000 7.0000 -6.4240 35.7210
348.0000 21.0000 -17.5740 23.1030
348.0000 24.0000 -12.0670 21.5200
348.0000 59.0000 22.3450 16.2890
348.0000 42.0000 -2.6840 35.7210
348.0000 58.0000 12.5720 15.4400
348.0000 16.0000 18.6060 -6.3090
348.0000 50.0000 -26.7040 19.7530
348.0000 48.0000 2.1570 19.0650
348.0000 61.0000 2.8680 -21.6340
348.0000 64.0000 16.3580 24.7770
348.0000 53.0000 17.2750 40.6760
348.0000 27.0000 -12.0900 22.6900
348.0000 49.0000 2.0420 17.0690
360.0000 16.0000 18.6060 -5.8040
360.0000 45.0000 4.0610 34.3670
360.0000 42.0000 -2.6380 35.5370
360.0000 61.0000 2.9610 -21.5030
360.0000 40.0000 18.3990 12.3430
360.0000 28.0000 -11.6770 22.6900
360.0000 25.0000 -11.6550 21.5200
360.0000 59.0000 21.7720 16.2890
360.0000 53.0000 17.5050 41.1810
360.0000 64.0000 16.4490 25.1440
360.0000 58.0000 12.1590 15.3020
360.0000 21.0000 -16.9770 23.1030
360.0000 50.0000 -26.1540 19.7530
360.0000 69.0000 -11.2640 23.6300
360.0000 62.0000 12.4570 -2.5920
360.0000 56.0000 11.5630 17.2290
360.0000 7.0000 -6.1940 35.7210
360.0000 12.0000 -27.0030 20.7400
372.0000 16.0000 18.6060 -5.1390
372.0000 7.0000 -5.9420 35.7210
372.0000 62.0000 12.3200 -3.2810
372.0000 28.0000 -11.3560 22.5290
372.0000 64.0000 16.5180 25.4660
372.0000 56.0000 11.1500 17.2290
372.0000 42.0000 -2.4550 35.5370
372.0000 69.0000 -10.9430 23.6300
372.0000 58.0000 11.7460 15.3020
372.0000 40.0000 18.3990 12.3430
372.0000 50.0000 -25.6490 19.7530
372.0000 12.0000 -26.1770 20.7400
372.0000 53.0000 17.7340 41.5020
372.0000 59.0000 21.2670 16.2890
372.0000 25.0000 -11.2870 21.3360
372.0000 45.0000 3.8770 33.7020
372.0000 21.0000 -16.4720 23.1030
372.0000 61.0000 3.0720 -21.3460
384.0000 69.0000 -10.5300 23.6300
384.0000 62.0000 12.2280 -3.9690
384.0000 45.0000 3.7850 33.1970
384.0000 28.0000 -10.9430 22.5290
384.0000 59.0000 20.7850 16.1970
384.0000 12.0000 -25.3280 20.7400
384.0000 22.0000 -16.0130 22.9420
384.0000 56.0000 10.6910 17.0460
384.0000 7.0000 -6.1030 35.7210
384.0000 40.0000 18.3990 12.1820
384.0000 16.0000 18.6060 -4.6340
384.0000 25.0000 -10.9200 21.3360
384.0000 53.0000 18.0090 42.0070
384.0000 50.0000 -25.1440 19.7530
384.0000 58.0000 11.3330 15.1190
384.0000 64.0000 16.6100 25.7870
384.0000 42.0000 -2.3630 35.3760
384.0000 61.0000 3.1840 -21.1880
396.0000 58.0000 10.9200 15.1190
396.0000 64.0000 16.6100 25.9700
396.0000 56.0000 10.2780 16.8850
396.0000 53.0000 18.2390 42.5110
396.0000 59.0000 20.2120 16.0590
396.0000 12.0000 -24.9380 20.7400
396.0000 62.0000 12.1590 -4.4740
396.0000 69.0000 -10.2090 23.4470
396.0000 50.0000 -24.9150 19.5690
396.0000 22.0000 -15.7380 22.7810
396.0000 42.0000 -2.6380 35.2160
396.0000 25.0000 -10.5530 21.3360
396.0000 45.0000 3.7170 32.5090
396.0000 28.0000 -10.5990 22.5290
396.0000 7.0000 -6.8370 35.2160
396.0000 61.0000 3.2960 -21.0300
396.0000 40.0000 18.3310 11.8380
396.0000 16.0000 18.6060 -4.1300
408.0000 69.0000 -9.8420 23.4470
408.0000 45.0000 3.4640 32.0040
408.0000 50.0000 -25.1440 19.2480
408.0000 40.0000 18.2390 11.6770
408.0000 61.0000 3.4070 -20.8730
408.0000 58.0000 10.5070 15.1190
408.0000 64.0000 16.6100 25.9700
408.0000 42.0000 -3.2810 35.0320
408.0000 25.0000 -10.1400 21.1750
408.0000 16.0000 18.6060 -3.6250
408.0000 12.0000 -25.2590 20.4180
408.0000 62.0000 12.0670 -4.9780
408.0000 53.0000 18.4680 43.0160
408.0000 22.0000 -15.5090 22.4370
408.0000 7.0000 -7.6170 34.8030
408.0000 28.0000 -10.2550 22.3450
408.0000 56.0000 9.8650 16.8850
408.0000 59.0000 19.5470 15.8760
420.0000 56.0000 9.4520 16.7250
420.0000 40.0000 18.1700 11.3330
420.0000 45.0000 3.0510 31.6830
420.0000 42.0000 -3.9230 34.8720
420.0000 59.0000 18.9730 15.8760
420.0000 58.0000 10.0940 14.9350
420.0000 62.0000 12.0670 -5.4830
420.0000 7.0000 -7.7080 34.8030
420.0000 61.0000 3.5190 -20.7150
420.0000 50.0000 -25.0070 19.0650
420.0000 64.0000 16.5180 25.9700
420.0000 22.0000 -15.3250 22.0930
420.0000 28.0000 -9.8420 22.3450
420.0000 69.0000 -9.4750 23.2630
420.0000 25.0000 -9.8190 21.1750
420.0000 12.0000 -24.9840 20.0970
420.0000 54.0000 18.6520 43.5210
420.0000 16.0000 18.6060 -2.9600
432.0000 7.0000 -7.7080 34.8030
432.0000 28.0000 -9.5210 22.3450
432.0000 25.0000 -9.4060 21.1750
432.0000 12.0000 -24.6170 19.7300
432.0000 42.0000 -4.0150 34.8720
432.0000 64.0000 16.5180 25.9700
432.0000 61.0000 3.6310 -20.5580
432.0000 45.0000 2.6610 31.1780
432.0000 59.0000 18.3310 15.8760
432.0000 62.0000 12.0670 -5.9880
432.0000 54.0000 18.8810 44.0260
432.0000 16.0000 18.6060 -2.4550
432.0000 58.0000 9.7730 14.7980
432.0000 50.0000 -24.6860 18.9040
432.0000 69.0000 -9.1080 23.2630
432.0000 40.0000 18.0320 11.1730
432.0000 56.0000 9.0390 16.5410
432.0000 22.0000 -15.0960 21.9320
444.0000 59.0000 17.7110 15.8760
444.0000 7.0000 -7.7080 34.8030
444.0000 16.0000 18.6060 -1.9500
444.0000 25.0000 -9.0390 21.0150
444.0000 45.0000 2.2480 30.8340
444.0000 54.0000 19.1570 44.5300
444.0000 42.0000 -4.1070 34.8720
444.0000 61.0000 3.7420 -20.4000
444.0000 22.0000 -14.8660 21.5880
444.0000 40.0000 18.0320 11.1730
444.0000 62.0000 12.0670 -6.6530
444.0000 69.0000 -8.6950 23.1250
444.0000 50.0000 -24.3640 18.7440
444.0000 28.0000 -9.1080 22.1850
444.0000 12.0000 -24.2270 19.7300
444.0000 56.0000 8.7180 16.3810
444.0000 58.0000 9.3600 14.6140
444.0000 64.0000 16.4490 25.9700
456.0000 40.0000 18.0320 11.3330
456.0000 62.0000 12.0670 -7.1580
456.0000 61.0000 3.8540 -20.2430
456.0000 42.0000 -4.1750 34.8720
456.0000 12.0000 -23.7450 19.7300
456.0000 54.0000 19.3860 45.0350
456.0000 46.0000 1.8350 30.3290
456.0000 58.0000 8.9470 14.4300
456.0000 16.0000 18.6060 -1.2620
456.0000 59.0000 17.0460 15.8760
456.0000 64.0000 16.4490 25.7870
456.0000 25.0000 -8.6720 21.0150
456.0000 22.0000 -14.5450 21.4280
456.0000 56.0000 8.3050 16.2200
456.0000 7.0000 -7.7080 34.8030
456.0000 28.0000 -8.7870 22.1850
456.0000 50.0000 -23.9510 18.5600
456.0000 69.0000 -8.3740 23.1250
468.0000 25.0000 -8.3050 20.8310
468.0000 46.0000 1.3540 30.0080
468.0000 62.0000 12.0670 -7.6630
468.0000 13.0000 -23.3320 19.7300
468.0000 51.0000 -23.4930 18.5600
468.0000 54.0000 19.5690 45.5400
468.0000 69.0000 -7.9610 23.1250
468.0000 22.0000 -13.9490 21.4280
468.0000 28.0000 -8.3740 22.0240
468.0000 7.0000 -7.7080 34.8030
468.0000 40.0000 17.9410 11.3330
468.0000 16.0000 18.6060 -0.7570
468.0000 61.0000 3.9660 -20.0850
468.0000 64.0000 16.3580 25.7870
468.0000 42.0000 -4.2440 34.8720
468.0000 56.0000 7.8920 16.2200
468.0000 58.0000 8.6260 14.3620
468.0000 59.0000 16.4030 15.7840
480.0000 42.0000 -4.2440 35.0320
480.0000 22.0000 -13.3980 21.4280
480.0000 59.0000 15.7150 15.6230
480.0000 62.0000 12.0670 -8.1670
480.0000 7.0000 -7.7080 34.8030
480.0000 40.0000 17.9410 11.3330
480.0000 61.0000 4.0770 -19.9280
480.0000 69.0000 -7.6400 22.9420
480.0000 54.0000 19.7990 46.0440
480.0000 16.0000 18.6060 -0.2520
480.0000 25.0000 -7.8920 20.8310
480.0000 64.0000 16.2890 25.7870
480.0000 51.0000 -22.9880 18.4680
480.0000 46.0000 0.8490 29.6640
480.0000 56.0000 7.4790 16.0360
480.0000 58.0000 8.2130 14.2010
480.0000 13.0000 -22.8270 19.7300
480.0000 28.0000 -8.0530 22.0240
492.0000 58.0000 7.8000 14.0180
492.0000 64.0000 16.2890 25.7870
492.0000 69.0000 -7.2270 22.9420
492.0000 40.0000 17.8950 11.1730
492.0000 56.0000 7.0660 15.8760
492.0000 28.0000 -7.6400 22.0240
492.0000 13.0000 -22.4140 19.6610
492.0000 16.0000 18.6060 0.2290
492.0000 51.0000 -22.5060 18.4680
492.0000 42.0000 -4.2440 35.0320
492.0000 46.0000 0.3670 29.1590
492.0000 59.0000 15.4170 15.5550
492.0000 54.0000 20.0280 46.5490
492.0000 25.0000 -7.5710 20.8310
492.0000 7.0000 -7.7080 34.8030
492.0000 22.0000 -12.8020 21.4280
492.0000 61.0000 4.1890 -19.7700
492.0000 62.0000 12.0670 -8.6720
504.0000 69.0000 -6.9060 22.7580
504.0000 54.0000 20.3720 46.7330
504.0000 51.0000 -22.0240 18.4680
504.0000 16.0000 18.5600 0.8260
504.0000 59.0000 14.9120 15.4630
504.0000 61.0000 4.3010 -19.6130
504.0000 46.0000 -0.2060 28.8150
504.0000 56.0000 6.6990 15.5320
504.0000 62.0000 12.0670 -9.3370
504.0000 22.0000 -12.2510 21.4280
504.0000 13.0000 -21.9320 19.5920
504.0000 40.0000 17.8950 10.9890
504.0000 7.0000 -7.7080 34.6190
504.0000 42.0000 -4.2440 34.9640
504.0000 64.0000 16.2890 25.6490
504.0000 28.0000 -7.2730 21.8410
504.0000 58.0000 7.4790 13.8570
504.0000 25.0000 -7.1350 20.6710
516.0000 62.0000 12.0670 -9.8420
516.0000 60.0000 14.2010 15.4630
516.0000 22.0000 -11.6550 21.4280
516.0000 25.0000 -6.6300 20.6710
516.0000 54.0000 20.7400 47.1460
516.0000 64.0000 16.2890 25.6490
516.0000 16.0000 18.6060 1.1700
516.0000 28.0000 -6.7910 21.8410
516.0000 69.0000 -6.4470 22.7580
516.0000 7.0000 -7.4330 34.6190
516.0000 51.0000 -21.5200 18.4680
516.0000 56.0000 6.4700 15.1190
516.0000 40.0000 17.8950 10.9890
516.0000 46.0000 -0.7110 28.6540
516.0000 13.0000 -21.4510 19.5920
516.0000 42.0000 -4.0610 34.9640
516.0000 58.0000 7.2960 13.6960
528.0000 62.0000 12.1130 -10.4390
528.0000 25.0000 -6.1250 20.6020
528.0000 22.0000 -11.1040 21.4280
528.0000 13.0000 -20.9460 19.5920
528.0000 64.0000 16.2890 25.6490
528.0000 56.0000 6.2630 14.6830
528.0000 42.0000 -3.8310 34.9640
528.0000 7.0000 -7.2960 34.6190
528.0000 58.0000 7.1120 13.4440
528.0000 28.0000 -6.3090 21.6800
528.0000 54.0000 21.1070 47.5820
528.0000 51.0000 -20.9920 18.4680
528.0000 46.0000 -1.1930 28.4940
528.0000 69.0000 -5.9420 22.6900
528.0000 40.0000 17.8950 10.9890
528.0000 16.0000 18.6290 1.5830
528.0000 60.0000 13.6050 15.4630
540.0000 7.0000 -7.1120 34.6190
540.0000 46.0000 -1.7210 28.3100
540.0000 54.0000 21.5200 47.9950
540.0000 13.0000 -20.4410 19.5920
540.0000 51.0000 -20.5100 18.4680
540.0000 25.0000 -5.6440 20.5100
540.0000 60.0000 13.0540 15.4630
540.0000 42.0000 -3.6940 34.9640
540.0000 28.0000 -5.8040 21.6800
540.0000 69.0000 -5.4370 22.6900
540.0000 17.0000 18.6060 1.9270
540.0000 56.0000 6.0340 14.2700
540.0000 64.0000 16.2890 25.6490
540.0000 58.0000 6.9060 13.2600
540.0000 62.0000 12.1590 -10.9430
540.0000 22.0000 -10.5070 21.4280
552.0000 46.0000 -2.2020 28.1500
552.0000 7.0000 -6.9280 34.6190
552.0000 60.0000 12.4350 15.2790
552.0000 28.0000 -5.3230 21.5880
552.0000 42.0000 -3.5100 34.8720
552.0000 69.0000 -4.9780 22.6210
552.0000 64.0000 16.2890 25.6490
552.0000 17.0000 18.5600 2.4090
552.0000 25.0000 -5.1620 20.4180
552.0000 13.0000 -19.9370 19.5920
552.0000 54.0000 21.8870 48.4070
552.0000 62.0000 12.2050 -11.5400
552.0000 22.0000 -9.9570 21.4280
552.0000 51.0000 -19.9820 18.4680
564.0000 42.0000 -3.3270 34.8720
564.0000 62.0000 12.2510 -12.1130
564.0000 46.0000 -2.7070 27.9890
564.0000 13.0000 -19.4320 19.5010
564.0000 22.0000 -9.3600 21.4280
564.0000 7.0000 -6.6990 34.6190
564.0000 69.0000 -4.5650 22.5290
564.0000 51.0000 -19.4780 18.5600
564.0000 54.0000 22.2540 48.7520
564.0000 60.0000 11.9530 15.2790
564.0000 25.0000 -4.6570 20.4180
564.0000 65.0000 16.2890 25.5570
564.0000 17.0000 18.4220 2.9140
564.0000 28.0000 -4.7950 21.4280
576.0000 17.0000 18.1470 3.4180
576.0000 8.0000 -6.5610 34.6190
576.0000 13.0000 -18.9040 19.5010
576.0000 51.0000 -18.9270 18.5600
576.0000 60.0000 11.4480 15.1880
576.0000 65.0000 16.2890 25.5570
576.0000 46.0000 -3.2810 27.8290
576.0000 28.0000 -4.2900 21.4280
576.0000 42.0000 -3.1430 34.8720
576.0000 62.0000 12.2510 -12.7100
576.0000 22.0000 -8.8100 21.4280
576.0000 25.0000 -4.1750 20.2350
576.0000 69.0000 -4.0610 22.5290
576.0000 54.0000 22.6210 49.1880
588.0000 17.0000 17.9180 3.9230
588.0000 54.0000 23.0340 49.6000
588.0000 8.0000 -6.3320 34.6190
588.0000 22.0000 -8.2130 21.4280
588.0000 46.0000 -3.7620 27.6450
588.0000 69.0000 -3.6020 22.3450
588.0000 60.0000 10.9430 15.1190
588.0000 51.0000 -18.4680 18.5600
588.0000 65.0000 16.2890 25.5570
588.0000 25.0000 -3.6940 20.2350
588.0000 62.0000 12.2740 -13.3060
588.0000 13.0000 -18.4220 19.5010
588.0000 28.0000 -3.8080 21.2670
588.0000 43.0000 -3.0050 34.7800
600.0000 65.0000 16.3580 25.4660
600.0000 22.0000 -7.6630 21.4280
600.0000 51.0000 -17.9180 18.5600
600.0000 17.0000 17.6880 4.2670
600.0000 70.0000 -3.0970 22.3450
600.0000 60.0000 10.4390 15.0500
600.0000 29.0000 -3.3270 21.2670
600.0000 26.0000 -3.1890 20.0970
600.0000 54.0000 23.4010 49.9220
600.0000 43.0000 -2.8220 34.7800
600.0000 46.0000 -4.2670 27.4840
600.0000 13.0000 -17.8720 19.5010
600.0000 8.0000 -6.1480 34.6190
612.0000 51.0000 -17.4130 18.7440
612.0000 60.0000 9.9340 14.8660
612.0000 13.0000 -17.3900 19.4090
612.0000 70.0000 -2.6610 22.2770
612.0000 8.0000 -5.9650 34.6190
612.0000 22.0000 -7.0660 21.4280
612.0000 46.0000 -4.7950 27.3240
612.0000 29.0000 -2.7760 21.0840
612.0000 43.0000 -2.5920 34.7800
612.0000 54.0000 23.7680 50.3580
612.0000 17.0000 17.2750 4.6110
612.0000 26.0000 -2.7070 20.0970
612.0000 65.0000 16.3580 25.3740
624.0000 70.0000 -2.2250 22.1850
624.0000 46.0000 -5.2770 27.1400
624.0000 13.0000 -16.7250 19.4090
624.0000 26.0000 -2.2020 20.0050
624.0000 60.0000 9.4290 14.8660
624.0000 8.0000 -5.7810 34.5280
624.0000 43.0000 -2.4090 34.7110
624.0000 29.0000 -2.2940 20.9920
624.0000 17.0000 16.7710 4.9330
624.0000 54.0000 24.1350 50.6790
624.0000 51.0000 -16.7710 18.7440
624.0000 65.0000 16.3580 25.3740
624.0000 23.0000 -6.5160 21.4280
636.0000 65.0000 16.3580 25.3740
636.0000 26.0000 -1.7210 19.9140
636.0000 8.0000 -5.5520 34.5280
636.0000 29.0000 -1.7890 20.9230
636.0000 70.0000 -1.7210 22.0930
636.0000 43.0000 -2.2480 34.7110
636.0000 60.0000 8.9700 14.7750
636.0000 17.0000 16.3580 5.2770
636.0000 46.0000 -5.7810 26.9800
636.0000 54.0000 24.5480 51.1830
636.0000 23.0000 -5.9190 21.4280
636.0000 51.0000 -16.1280 18.7440
636.0000 13.0000 -16.1740 19.4090
648.0000 8.0000 -5.4140 34.5280
648.0000 13.0000 -15.5090 19.4090
648.0000 26.0000 -1.2390 19.8220
648.0000 65.0000 16.3580 25.3740
648.0000 60.0000 8.4660 14.6830
648.0000 17.0000 15.9450 5.6210
648.0000 51.0000 -15.5090 18.7440
648.0000 29.0000 -1.3080 20.8540
648.0000 23.0000 -5.3680 21.4280
648.0000 43.0000 -2.0880 34.7110
648.0000 70.0000 -1.2160 22.0930
648.0000 46.0000 -6.1030 26.8190
648.0000 54.0000 24.8920 51.5960
660.0000 26.0000 -0.6880 19.8220
660.0000 51.0000 -14.8890 18.9040
660.0000 29.0000 -0.7800 20.8540
660.0000 17.0000 15.6230 6.1250
660.0000 13.0000 -14.9350 19.4090
660.0000 8.0000 -5.1850 34.5280
660.0000 60.0000 7.9610 14.6140
660.0000 11.0000 -32.0270 16.7250
660.0000 43.0000 -1.8810 34.7110
660.0000 23.0000 -4.7720 21.4280
660.0000 70.0000 -0.7340 22.0930
660.0000 46.0000 -6.2630 26.6360
660.0000 65.0000 16.3580 25.3740
672.0000 43.0000 -1.7210 34.6190
672.0000 26.0000 -0.1380 20.0050
672.0000 8.0000 -5.0470 34.5280
672.0000 13.0000 -14.2930 19.4090
672.0000 51.0000 -14.2470 18.9040
672.0000 19.0000 25.4880 -3.0280
672.0000 17.0000 15.3940 6.7910
672.0000 70.0000 -0.1610 22.3450
672.0000 20.0000 12.1130 5.7810
672.0000 23.0000 -4.1750 21.5880
672.0000 60.0000 7.5020 14.6140
672.0000 46.0000 -6.4240 26.6360
672.0000 29.0000 -0.2750 20.9920
672.0000 11.0000 -31.6370 16.8160
672.0000 65.0000 16.3580 25.3050
684.0000 29.0000 0.2750 21.3590
684.0000 19.0000 24.9840 -3.2120
684.0000 23.0000 -3.1890 21.7720
684.0000 11.0000 -30.9030 16.9540
684.0000 20.0000 12.7790 5.7810
684.0000 26.0000 0.4590 20.3270
684.0000 43.0000 -1.5600 34.6190
684.0000 70.0000 0.3900 22.6900
684.0000 65.0000 16.3580 25.3050
684.0000 17.0000 15.0500 7.2960
684.0000 13.0000 -13.6960 19.4090
684.0000 46.0000 -6.5840 26.4750
684.0000 60.0000 7.1580 14.6140
684.0000 8.0000 -4.7950 34.5280
684.0000 51.0000 -13.6050 18.9040
696.0000 19.0000 24.4330 -3.5330
696.0000 26.0000 1.1930 20.6020
696.0000 13.0000 -13.0540 19.4090
696.0000 11.0000 -29.2050 17.4590
696.0000 51.0000 -12.9620 18.9040
696.0000 60.0000 6.9060 14.6830
696.0000 65.0000 16.4490 25.2130
696.0000 29.0000 1.0550 21.6800
696.0000 70.0000 1.2160 22.9420
696.0000 17.0000 14.7980 7.9610
696.0000 23.0000 -2.1790 21.9320
696.0000 8.0000 -4.6340 34.5280
696.0000 47.0000 -6.5160 26.3140
696.0000 43.0000 -1.3540 34.6190
696.0000 72.0000 25.0300 15.0500
696.0000 20.0000 13.4210 5.7810
696.0000 10.0000 -32.5320 17.2290
696.0000 71.0000 25.1670 16.3810
708.0000 19.0000 23.9280 -3.7850
708.0000 17.0000 14.5220 8.4660
708.0000 70.0000 2.2020 23.1250
708.0000 60.0000 6.6760 14.7750
708.0000 29.0000 2.0420 22.0010
708.0000 43.0000 -1.1470 34.5280
708.0000 10.0000 -31.4990 17.3900
708.0000 65.0000 16.4490 25.2130
708.0000 8.0000 -4.4510 34.5280
708.0000 47.0000 -6.0110 26.1310
708.0000 23.0000 -1.1930 22.0930
708.0000 52.0000 -11.8610 19.0650
708.0000 71.0000 24.4790 16.5410
708.0000 20.0000 14.0630 5.7810
708.0000 11.0000 -27.5070 17.9640
708.0000 14.0000 -11.4940 19.6610
708.0000 72.0000 24.3870 15.3710
708.0000 26.0000 2.1570 20.9230
720.0000 19.0000 23.4240 -4.1300
720.0000 47.0000 -5.5290 26.1310
720.0000 10.0000 -30.2600 17.7340
720.0000 72.0000 23.7220 15.5550
720.0000 70.0000 3.1890 23.2630
720.0000 60.0000 6.4010 14.7750
720.0000 52.0000 -10.9660 19.0650
720.0000 17.0000 14.2010 9.1540
720.0000 11.0000 -25.7640 18.3990
720.0000 20.0000 14.5680 5.7810
720.0000 73.0000 25.5800 47.3290
720.0000 14.0000 -10.4840 19.8220
720.0000 71.0000 23.7680 16.7250
720.0000 23.0000 -0.3670 22.2770
720.0000 26.0000 3.1660 21.3360
720.0000 8.0000 -4.2210 34.5280
720.0000 65.0000 16.4490 25.1210
720.0000 43.0000 -0.9870 34.5280
720.0000 29.0000 3.0740 22.3680
732.0000 52.0000 -10.3010 19.2480
732.0000 23.0000 0.4360 22.4370
732.0000 14.0000 -9.8190 20.0050
732.0000 65.0000 16.4490 25.1210
732.0000 29.0000 3.5560 22.3680
732.0000 60.0000 6.0800 14.7750
732.0000 72.0000 23.1030 15.7840
732.0000 71.0000 23.0570 16.8850
732.0000 19.0000 22.9650 -4.4740
732.0000 11.0000 -24.5940 18.3990
732.0000 47.0000 -5.5980 25.8100
732.0000 43.0000 -0.8260 34.5280
732.0000 70.0000 3.6940 23.2630
732.0000 10.0000 -29.0670 18.2390
732.0000 26.0000 3.6250 21.3360
732.0000 73.0000 24.8460 46.4800
732.0000 17.0000 13.8800 9.8190
732.0000 8.0000 -4.0380 34.5280
732.0000 20.0000 15.0500 5.7810
744.0000 52.0000 -9.5670 19.4090
744.0000 19.0000 22.4600 -4.9780
744.0000 72.0000 22.4600 16.0590
744.0000 11.0000 -23.4470 18.3990
744.0000 8.0000 -3.8080 34.5280
744.0000 26.0000 4.1300 21.3360
744.0000 65.0000 16.4490 25.1210
744.0000 14.0000 -9.1540 20.1660
744.0000 17.0000 13.5590 10.3240
744.0000 23.0000 1.2390 22.5980
744.0000 73.0000 24.1120 45.6320
744.0000 71.0000 22.4140 17.0460
744.0000 60.0000 5.8500 14.6830
744.0000 29.0000 4.1070 22.3680
744.0000 10.0000 -27.9200 18.4910
744.0000 20.0000 15.5320 5.7810
744.0000 43.0000 -0.5740 34.4590
744.0000 70.0000 4.1750 23.2630
744.0000 47.0000 -5.6900 25.4660
756.0000 10.0000 -26.9570 18.4910
756.0000 71.0000 21.6800 17.2290
756.0000 19.0000 22.0470 -5.3000
756.0000 72.0000 21.7950 16.2890
756.0000 8.0000 -3.4870 34.5280
756.0000 20.0000 16.0360 5.7130
756.0000 47.0000 -5.7810 25.1210
756.0000 43.0000 -0.2520 34.4590
756.0000 17.0000 13.4670 10.9890
756.0000 26.0000 4.6340 21.4280
756.0000 14.0000 -8.5110 20.3270
756.0000 73.0000 23.3780 44.8060
756.0000 23.0000 1.9270 22.5980
756.0000 70.0000 4.6570 23.4470
756.0000 11.0000 -22.5290 18.2390
756.0000 29.0000 4.6570 22.5060
756.0000 52.0000 -8.9240 19.5690
756.0000 65.0000 16.4490 25.1210
756.0000 33.0000 25.0760 15.7150
768.0000 43.0000 0.1610 34.4590
768.0000 23.0000 2.4320 22.5980
768.0000 20.0000 16.5410 5.7130
768.0000 47.0000 -5.8500 24.8000
768.0000 70.0000 5.1620 23.4470
768.0000 29.0000 5.2080 22.5060
768.0000 8.0000 -3.0740 34.5280
768.0000 73.0000 23.0110 44.3010
768.0000 10.0000 -26.0620 18.4910
768.0000 52.0000 -8.2360 19.7530
768.0000 71.0000 21.0380 17.3900
768.0000 14.0000 -7.8230 20.5100
768.0000 19.0000 21.6340 -5.8040
768.0000 65.0000 16.4490 25.0300
768.0000 11.0000 -21.7260 18.2390
768.0000 26.0000 5.0930 21.4280
768.0000 72.0000 21.1520 16.4720
768.0000 17.0000 13.3290 11.4940
768.0000 33.0000 24.4330 15.8760
780.0000 11.0000 -20.9230 18.0550
780.0000 33.0000 23.8370 16.0360
780.0000 70.0000 5.7130 23.6300
780.0000 26.0000 5.6900 21.5880
780.0000 47.0000 -5.8960 24.6170
