0.0000 1.0000 20.4670 11.2550
0.0000 7.0000 12.1430 16.7820
0.0000 5.0000 5.3720 11.5650
0.0000 3.0000 -25.9060 13.5190
0.0000 9.0000 12.0980 4.7060
12.0000 9.0000 13.0750 5.2170
12.0000 1.0000 20.3340 11.2550
12.0000 5.0000 2.9080 11.2550
12.0000 3.0000 -23.4860 13.8070
12.0000 7.0000 12.3870 16.5820
24.0000 5.0000 1.0660 11.1660
24.0000 1.0000 20.3340 11.2550
24.0000 9.0000 14.1630 5.7050
24.0000 7.0000 12.7640 16.3820
24.0000 3.0000 -21.3100 14.4290
36.0000 3.0000 -18.7350 14.8290
36.0000 1.0000 20.2010 11.2550
36.0000 5.0000 -0.7550 11.0330
36.0000 7.0000 12.9860 16.2940
36.0000 9.0000 15.2500 6.2160
48.0000 3.0000 -16.5380 15.5170
48.0000 9.0000 16.3600 6.8150
48.0000 5.0000 -2.5750 10.8550
48.0000 7.0000 13.3630 16.0720
48.0000 1.0000 20.2010 11.2550
60.0000 7.0000 13.6080 15.9830
60.0000 9.0000 17.4700 7.3250
60.0000 1.0000 20.0900 11.2550
60.0000 5.0000 -4.4400 10.7440
60.0000 3.0000 -14.3400 16.2270
72.0000 5.0000 -6.2600 10.7440
72.0000 7.0000 13.9850 15.7830
72.0000 3.0000 -12.1200 17.3370
72.0000 1.0000 19.9790 11.2550
72.0000 9.0000 18.5580 7.8360
84.0000 7.0000 14.3400 15.6720
84.0000 5.0000 -8.0800 10.6330
84.0000 3.0000 -9.9230 18.5360
84.0000 1.0000 19.9790 11.2550
84.0000 9.0000 19.6460 8.3240
192.0000 0.0000 -30.4780 13.6080
204.0000 0.0000 -28.7470 13.9180
216.0000 0.0000 -27.0600 14.2070
228.0000 0.0000 -25.3280 14.5180
240.0000 0.0000 -23.5080 14.8290
240.0000 8.0000 19.2460 13.4520
240.0000 6.0000 -29.2590 8.5200
240.0000 2.0000 19.6010 11.0550
240.0000 4.0000 -6.4350 21.0470
240.0000 10.0000 34.8290 13.2520
252.0000 8.0000 19.6010 13.3630
252.0000 4.0000 -6.7670 20.8400
252.0000 10.0000 36.1610 13.4740
252.0000 6.0000 -27.7970 8.6460
252.0000 2.0000 19.6010 11.0550
252.0000 0.0000 -21.7770 15.2280
264.0000 2.0000 19.6010 11.1440
264.0000 4.0000 -7.0990 20.6330
264.0000 8.0000 19.9560 13.1640
264.0000 6.0000 -26.3350 8.7720
264.0000 10.0000 37.5150 13.7630
264.0000 0.0000 -19.8230 15.4280
276.0000 10.0000 38.7360 14.0520
276.0000 8.0000 20.4450 13.0530
276.0000 11.0000 54.3860 -21.3100
276.0000 6.0000 -24.8730 8.8990
276.0000 0.0000 -17.8700 15.5390
276.0000 4.0000 -7.4310 20.4270
276.0000 2.0000 19.6010 11.1440
288.0000 6.0000 -23.4100 9.0250
288.0000 4.0000 -7.7630 20.2200
288.0000 11.0000 53.7200 -21.1110
288.0000 8.0000 20.8220 12.9640
288.0000 10.0000 40.0680 14.3620
288.0000 2.0000 19.4900 11.1440
300.0000 2.0000 19.4900 11.1440
300.0000 6.0000 -21.9480 9.1520
