0 32.0 13.493 39.901
12 32.0 13.493 39.751
24 32.0 13.493 39.602
36 32.0 13.493 39.528
48 32.0 13.567 39.453
60 32.0 13.567 39.304
72 32.0 13.567 39.23
84 32.0 13.605 39.155
0 36.0 2.497 -8.815
12 36.0 2.497 -8.815
24 36.0 2.497 -8.815
36 36.0 2.497 -8.815
48 36.0 2.497 -8.815
60 36.0 2.497 -8.815
72 36.0 2.497 -8.815
84 36.0 2.497 -8.815
0 89.0 14.294 38.782
12 89.0 14.294 38.596
24 89.0 14.294 38.596
36 89.0 14.294 38.596
48 89.0 14.294 38.521
60 89.0 14.294 38.521
72 89.0 14.294 38.447
84 89.0 14.294 38.447
0 91.0 -4.38 17.854
12 91.0 -3.895 17.388
24 91.0 -3.261 17.239
36 91.0 -2.665 17.239
48 91.0 -2.031 17.239
60 91.0 -1.36 17.239
72 91.0 -0.727 17.09
84 91.0 -0.242 17.09
0 93.0 -7.119 48.268
12 93.0 -7.194 47.802
24 93.0 -7.194 47.355
36 93.0 -7.045 46.889
48 93.0 -6.709 46.274
60 93.0 -6.299 45.827
72 93.0 -5.945 45.342
84 93.0 -5.591 44.746
0 95.0 -9.915 43.516
12 95.0 -9.579 44.597
24 95.0 -9.244 45.827
36 95.0 -8.834 46.889
48 95.0 -8.424 48.101
60 95.0 -7.939 49.331
72 95.0 -7.455 50.486
84 95.0 -7.045 51.716
24 97.0 -25.867 19.848
36 97.0 -25.047 19.848
48 97.0 -24.283 19.848
60 97.0 -23.463 19.848
72 97.0 -22.718 19.848
84 97.0 -21.898 19.848
96 97.0 -21.134 19.699
108 97.0 -20.388 19.699
180 99.0 -18.413 -13.4
192 99.0 -18.711 -12.952
204 99.0 -18.897 -12.468
216 99.0 -19.121 -12.02
228 99.0 -19.307 -11.424
240 99.0 -19.382 -10.94
252 99.0 -19.382 -10.343
264 99.0 -19.382 -9.877
228 100.0 -18.338 -13.25
240 100.0 -18.636 -12.952
252 100.0 -18.711 -12.486
264 100.0 -18.785 -11.946
276 100.0 -18.841 -11.499
288 100.0 -18.897 -10.94
300 100.0 -18.972 -10.492
312 100.0 -19.009 -10.045
240 33.0 13.847 37.701
252 33.0 13.865 37.701
264 33.0 13.865 37.552
276 33.0 13.865 37.403
288 33.0 13.903 37.31
300 33.0 13.94 37.217
312 33.0 13.94 37.068
324 33.0 13.94 36.993
240 37.0 2.497 -8.815
252 37.0 2.497 -8.815
264 37.0 2.497 -8.815
276 37.0 2.497 -8.815
288 37.0 2.497 -8.815
300 37.0 2.497 -8.815
312 37.0 2.497 -8.815
324 37.0 2.497 -8.815
240 90.0 14.406 38.0
252 90.0 14.406 37.925
264 90.0 14.406 37.925
276 90.0 14.406 37.925
288 90.0 14.406 37.851
300 90.0 14.406 37.851
312 90.0 14.406 37.776
324 90.0 14.425 37.776
240 92.0 6.591 16.942
252 92.0 6.286 16.954
264 92.0 5.981 16.966
276 92.0 5.676 16.978
288 92.0 5.371 16.99
300 92.0 5.066 17.003
312 92.0 4.762 17.015
324 92.0 4.457 17.027
240 94.0 -1.752 48.734
252 94.0 -1.565 49.181
264 94.0 -1.342 49.647
276 94.0 -1.155 50.113
288 94.0 -0.932 50.561
300 94.0 -0.745 51.026
312 94.0 -0.522 51.492
324 94.0 -0.373 51.865
240 96.0 -6.814 52.214
252 96.0 -6.812 52.218
264 96.0 -6.81 52.222
276 96.0 -6.808 52.226
288 96.0 -6.806 52.23
300 96.0 -6.804 52.234
312 96.0 -6.802 52.239
324 96.0 -6.8 52.243
264 98.0 -10.157 19.699
276 98.0 -9.411 19.699
288 98.0 -8.591 19.699
300 98.0 -7.827 19.699
312 98.0 -7.007 19.699
324 98.0 -6.243 19.699
336 98.0 -5.423 19.699
348 98.0 -4.473 19.699
276 7.0 -3.988 -13.921
288 7.0 -4.137 -13.474
300 7.0 -4.193 -13.027
312 7.0 -4.324 -12.393
324 7.0 -4.473 -11.946
336 7.0 -4.547 -11.499
348 7.0 -4.678 -11.014
360 7.0 -4.734 -10.567
276 26.0 -5.088 -14.089
288 26.0 -5.144 -13.623
300 26.0 -5.293 -13.25
312 26.0 -5.367 -12.803
324 26.0 -5.442 -12.319
336 26.0 -5.535 -11.871
348 26.0 -5.628 -11.499
360 26.0 -5.703 -11.014
480 34.0 14.76 35.018
492 34.0 14.909 34.869
504 34.0 14.835 34.869
516 34.0 14.667 35.018
528 34.0 14.499 35.241
540 34.0 14.387 35.465
552 34.0 14.22 35.689
564 34.0 14.015 35.856
480 38.0 2.497 -8.815
492 38.0 2.497 -8.815
504 38.0 2.46 -8.89
516 38.0 2.46 -8.89
528 38.0 2.46 -8.89
540 38.0 2.46 -8.89
552 38.0 2.46 -8.89
564 38.0 2.46 -8.89
504 31.0 -20.37 1.062
516 31.0 -20.668 1.547
528 31.0 -21.003 1.994
540 31.0 -21.264 2.441
552 31.0 -21.618 2.926
564 31.0 -21.898 3.373
576 31.0 -22.233 3.82
588 31.0 -22.569 4.156
504 145.0 14.555 36.621
516 145.0 14.22 36.621
528 145.0 13.884 36.621
540 145.0 13.549 36.621
552 145.0 13.195 36.621
564 145.0 12.84 36.621
576 145.0 12.654 36.77
588 145.0 12.43 36.77
516 8.0 -6.299 -4.119
528 8.0 -6.485 -3.597
540 8.0 -6.709 -3.15
552 8.0 -6.933 -2.665
564 8.0 -7.156 -2.143
576 8.0 -7.343 -1.677
588 8.0 -7.678 -1.286
600 8.0 -7.976 -0.988
516 27.0 -7.045 -5.2
528 27.0 -7.305 -4.603
540 27.0 -7.529 -4.119
552 27.0 -7.753 -3.671
564 27.0 -8.051 -3.056
576 27.0 -8.237 -2.59
588 27.0 -8.517 -2.143
600 27.0 -8.796 -1.677
720 35.0 9.97 40.46
732 35.0 9.635 40.609
744 35.0 9.355 40.907
756 35.0 9.001 41.056
768 35.0 8.666 41.205
780 35.0 8.33 41.522
792 35.0 7.92 41.839
804 35.0 7.566 42.137
720 39.0 2.46 -8.964
732 39.0 2.46 -8.964
744 39.0 2.46 -8.964
756 39.0 2.46 -8.964
768 39.0 2.46 -8.964
780 39.0 2.46 -8.964
792 39.0 2.46 -8.964
804 39.0 2.46 -8.964
744 64.0 4.845 14.033
756 64.0 4.51 13.884
768 64.0 4.175 13.716
780 64.0 3.839 13.716
792 64.0 3.504 13.549
804 64.0 3.131 13.4
816 64.0 2.795 13.25
828 64.0 2.535 13.101
744 146.0 8.051 39.23
756 146.0 7.566 39.528
768 146.0 7.156 39.677
780 146.0 6.802 39.826
792 146.0 6.541 40.143
804 146.0 6.336 40.311
816 146.0 6.057 40.46
828 146.0 5.796 40.609
756 9.0 -12.635 3.448
768 9.0 -13.045 3.746
780 9.0 -13.455 4.063
792 9.0 -13.865 4.38
804 9.0 -14.275 4.827
816 9.0 -14.611 5.125
828 9.0 -15.021 5.442
840 9.0 -15.431 5.759
756 28.0 -13.195 2.609
768 28.0 -13.605 2.926
780 28.0 -13.94 3.224
792 28.0 -14.35 3.522
804 28.0 -14.76 3.82
816 28.0 -15.17 4.156
828 28.0 -15.505 4.454
840 28.0 -15.915 4.752
984 65.0 0.82 9.747
996 65.0 0.82 9.262
1008 65.0 0.783 8.89
1020 65.0 0.783 8.424
1032 65.0 0.745 7.976
1044 65.0 0.745 7.51
1056 65.0 0.745 7.119
1068 65.0 0.708 6.597
984 147.0 4.007 41.839
996 147.0 4.007 41.839
1008 147.0 4.268 41.596
1020 147.0 4.752 41.447
1032 147.0 5.069 41.373
1044 147.0 5.069 41.373
1056 147.0 4.995 41.522
1068 147.0 4.92 41.671
996 101.0 2.963 -5.144
1008 101.0 2.59 -5.889
1020 101.0 2.59 -5.889
1032 101.0 2.59 -5.889
1044 101.0 2.516 -5.889
1056 101.0 2.516 -5.889
1068 101.0 2.516 -5.889
1080 101.0 2.46 -5.889
1188 55.0 -5.367 -14.48
1200 55.0 -5.87 -14.331
1212 55.0 -6.225 -14.015
1224 55.0 -6.56 -13.549
1236 55.0 -6.895 -13.25
1248 55.0 -7.25 -12.952
1260 55.0 -7.604 -12.635
1272 55.0 -7.939 -12.17
1200 50.0 -4.883 -14.089
1212 50.0 -5.218 -13.791
1224 50.0 -5.572 -13.493
1236 50.0 -5.908 -13.157
1248 50.0 -6.262 -13.008
1260 50.0 -6.597 -12.71
1272 50.0 -7.007 -12.412
1284 50.0 -7.343 -12.114
1200 53.0 -5.945 -14.015
1212 53.0 -6.28 -13.716
1224 53.0 -6.635 -13.418
1236 53.0 -6.97 -13.083
1248 53.0 -7.324 -12.785
1260 53.0 -7.66 -12.486
1272 53.0 -7.995 -12.039
1284 53.0 -8.275 -11.704
1224 66.0 -0.075 1.249
1236 66.0 -0.298 0.913
1248 66.0 -0.485 0.615
1260 66.0 -0.634 0.317
1272 66.0 -0.969 -0.13
1284 66.0 -1.249 -0.466
1296 66.0 -1.528 -0.764
1308 66.0 -1.789 -1.062
1224 148.0 4.51 42.752
1236 148.0 4.51 42.752
1248 148.0 4.51 42.752
1260 148.0 4.51 42.752
1272 148.0 4.51 42.752
1284 148.0 4.51 42.752
1296 148.0 4.51 42.752
1308 148.0 4.51 42.752
1236 102.0 2.18 -5.889
1248 102.0 2.18 -5.889
1260 102.0 2.18 -6.038
1272 102.0 2.106 -6.038
1284 102.0 2.106 -6.038
1296 102.0 2.106 -6.038
1308 102.0 2.031 -6.038
1320 102.0 2.031 -6.038
1428 56.0 -12.393 -7.734
1440 56.0 -12.747 -7.436
1452 56.0 -13.083 -6.97
1464 56.0 -13.344 -6.653
1476 56.0 -13.698 -6.206
1488 56.0 -14.033 -5.889
1500 56.0 -14.313 -5.423
1512 56.0 -14.76 -5.125
1440 51.0 -11.815 -6.895
1452 51.0 -12.076 -6.597
1464 51.0 -12.43 -6.113
1476 51.0 -12.84 -5.815
1488 51.0 -13.25 -5.367
1500 51.0 -13.586 -4.883
1512 51.0 -13.94 -4.51
1524 51.0 -14.201 -4.063
1440 54.0 -12.598 -7.417
1452 54.0 -12.952 -6.97
1464 54.0 -13.288 -6.672
1476 54.0 -13.549 -6.336
1488 54.0 -13.903 -6.038
1500 54.0 -14.182 -5.591
1512 54.0 -14.518 -5.218
1524 54.0 -14.853 -4.808
1464 67.0 -5.367 -4.901
1476 67.0 -5.628 -5.05
1488 67.0 -5.908 -5.349
1500 67.0 -6.113 -5.498
1512 67.0 -6.187 -5.572
1524 67.0 -6.187 -5.572
1536 67.0 -6.262 -5.572
1548 67.0 -6.262 -5.572
1464 149.0 4.51 42.752
1476 149.0 4.51 42.752
1488 149.0 4.51 42.752
1500 149.0 4.51 42.752
1512 149.0 4.473 42.752
1524 149.0 4.473 42.826
1536 149.0 4.473 42.976
1548 149.0 4.435 43.05
1476 103.0 1.77 -6.038
1488 103.0 1.77 -6.038
1500 103.0 1.77 -6.038
1512 103.0 1.733 -6.038
1524 103.0 1.733 -6.038
1536 103.0 1.733 -5.964
1548 103.0 1.733 -5.889
1560 103.0 1.733 -5.889
1500 139.0 3.466 44.28
1512 139.0 3.466 44.28
1524 139.0 3.466 44.28
1536 139.0 3.466 44.28
1548 139.0 3.466 44.28
1560 139.0 3.466 44.28
1572 139.0 3.466 44.28
1584 139.0 3.466 44.28
1668 130.0 -25.811 15.915
1680 130.0 -25.588 14.872
1692 130.0 -25.178 14.257
1704 130.0 -24.842 13.791
1716 130.0 -24.432 13.325
1728 130.0 -24.022 12.729
1740 130.0 -23.612 12.263
1752 130.0 -23.277 11.797
1680 52.0 -18.245 1.994
1692 52.0 -18.655 2.292
1704 52.0 -19.028 2.777
1716 52.0 -19.438 3.075
1728 52.0 -19.773 3.522
1740 52.0 -20.183 3.82
1752 52.0 -20.593 4.305
1764 52.0 -20.929 4.603
1704 68.0 -6.597 -5.516
1716 68.0 -6.597 -5.516
1728 68.0 -6.635 -5.516
1740 68.0 -6.672 -5.516
1752 68.0 -6.709 -5.516
1764 68.0 -6.709 -5.516
1776 68.0 -6.746 -5.516
1788 68.0 -6.765 -5.516
1704 150.0 4.417 44.504
1716 150.0 4.417 44.597
1728 150.0 4.454 44.597
1740 150.0 4.454 44.429
1752 150.0 4.454 44.131
1764 150.0 4.454 43.982
1776 150.0 4.454 43.814
1788 150.0 4.529 43.516
1716 104.0 1.696 -5.293
1728 104.0 1.696 -5.144
1740 104.0 1.696 -5.144
1752 104.0 1.696 -5.05
1764 104.0 1.696 -5.05
1776 104.0 1.696 -4.957
1788 104.0 1.696 -4.883
1800 104.0 1.696 -4.883
1740 140.0 3.466 44.28
1752 140.0 3.466 44.28
1764 140.0 3.466 44.28
1776 140.0 3.466 44.28
1788 140.0 3.466 44.28
1800 140.0 3.466 44.28
1812 140.0 3.466 44.28
1824 140.0 3.466 44.28
1908 131.0 -20.798 3.839
1920 131.0 -20.724 3.075
1932 131.0 -20.593 2.46
1944 131.0 -20.519 1.845
1956 131.0 -20.37 1.23
1968 131.0 -20.37 0.615
1980 131.0 -20.314 -0.149
1992 131.0 -20.314 -0.764
1944 151.0 4.585 42.752
1956 151.0 4.585 42.752
1968 151.0 4.585 42.752
1980 151.0 4.585 42.752
1992 151.0 4.585 42.752
2004 151.0 4.529 42.752
2016 151.0 4.454 43.05
2028 151.0 4.38 43.292
1956 105.0 1.659 -4.212
1968 105.0 1.659 -4.212
1980 105.0 1.659 -4.137
1992 105.0 1.659 -4.137
2004 105.0 1.603 -3.988
2016 105.0 1.603 -3.82
2028 105.0 1.528 -3.522
2040 105.0 1.472 -3.355
1980 141.0 3.466 44.28
1992 141.0 3.466 44.28
2004 141.0 3.429 44.28
2016 141.0 3.429 44.28
2028 141.0 3.429 44.28
2040 141.0 3.429 44.28
2052 141.0 3.429 44.28
2064 141.0 3.429 44.28
2052 21.0 -18.264 -13.25
2064 21.0 -18.394 -12.635
2076 21.0 -18.45 -12.02
2088 21.0 -18.525 -11.405
2100 21.0 -18.599 -10.79
2112 21.0 -18.674 -10.194
2124 21.0 -18.748 -9.56
2136 21.0 -18.804 -8.964
2148 132.0 -19.866 -8.722
2160 132.0 -19.829 -9.411
2172 132.0 -19.792 -10.026
2184 132.0 -19.755 -10.641
2196 132.0 -19.717 -11.256
2208 132.0 -19.699 -11.871
2220 132.0 -19.68 -12.486
2232 132.0 -19.68 -13.101
2160 137.0 2.367 15.021
2172 137.0 1.659 14.723
2184 137.0 0.988 14.723
2196 137.0 0.298 14.723
2208 137.0 -0.391 14.723
2220 137.0 -1.006 14.723
2232 137.0 -1.696 14.723
2244 137.0 -2.367 14.723
2184 152.0 3.858 45.342
2196 152.0 3.858 45.342
2208 152.0 3.783 45.51
2220 152.0 3.783 45.51
2232 152.0 3.783 45.51
2244 152.0 3.783 45.51
2256 152.0 3.727 45.659
2268 152.0 3.727 45.659
2196 106.0 -1.006 -3.746
2208 106.0 -1.211 -4.063
2220 106.0 -1.416 -4.212
2232 106.0 -1.547 -4.361
2244 106.0 -1.77 -4.659
2256 106.0 -1.957 -4.808
2268 106.0 -2.18 -5.125
2280 106.0 -2.236 -5.442
2220 142.0 3.429 44.28
2232 142.0 3.429 44.28
2244 142.0 3.429 44.28
2256 142.0 3.448 44.28
2268 142.0 3.448 44.28
2280 142.0 3.448 44.28
2292 142.0 3.448 44.28
2304 142.0 3.448 44.28
2388 133.0 -19.54 -13.335
2400 133.0 -19.534 -13.316
2412 133.0 -19.529 -13.297
2424 133.0 -19.523 -13.278
2436 133.0 -19.517 -13.259
2448 133.0 -19.511 -13.24
2460 133.0 -19.505 -13.222
2472 133.0 -19.5 -13.203
2400 138.0 -10.94 14.872
2412 138.0 -11.648 14.872
2424 138.0 -12.319 14.872
2436 138.0 -12.952 15.021
2448 138.0 -13.623 15.021
2460 138.0 -14.257 15.021
2472 138.0 -14.928 15.021
2484 138.0 -15.617 15.021
2424 153.0 3.727 45.827
2436 153.0 3.727 45.827
2448 153.0 3.727 45.827
2460 153.0 3.727 45.827
2472 153.0 3.727 45.827
2484 153.0 3.727 45.827
2496 153.0 3.727 45.827
2508 153.0 3.69 45.659
2436 107.0 -3.541 -10.641
2448 107.0 -3.671 -10.958
2460 107.0 -3.82 -11.405
2472 107.0 -3.951 -11.704
2484 107.0 -4.081 -12.188
2496 107.0 -4.23 -12.635
2508 107.0 -4.342 -12.934
2520 107.0 -4.435 -13.325
2460 143.0 3.448 44.28
2472 143.0 3.448 44.28
2484 143.0 3.448 44.28
2496 143.0 3.448 44.28
2508 143.0 3.448 44.206
2520 143.0 3.448 44.206
2532 143.0 3.448 44.206
2544 143.0 3.448 44.206
2496 155.0 -7.715 -5.423
2508 155.0 -7.715 -5.423
2520 155.0 -7.715 -5.423
2532 155.0 -7.715 -5.423
2544 155.0 -7.715 -5.423
2556 155.0 -7.715 -5.423
2568 155.0 -7.715 -5.423
2580 155.0 -7.715 -5.423
2628 134.0 -19.424 -12.956
2640 134.0 -19.418 -12.937
2652 134.0 -19.412 -12.918
2664 134.0 -19.407 -12.899
2676 134.0 -19.401 -12.88
2688 134.0 -19.395 -12.861
2700 134.0 -19.389 -12.842
2712 134.0 -19.383 -12.823
2664 154.0 3.653 45.659
2676 154.0 3.653 45.659
2688 154.0 3.615 45.659
2700 154.0 3.615 45.659
2712 154.0 3.615 45.659
2724 154.0 3.615 45.659
2736 154.0 3.615 45.659
2748 154.0 3.615 45.659
2676 108.0 -4.845 -13.4
2688 108.0 -4.845 -13.101
2700 108.0 -4.845 -12.952
2712 108.0 -4.845 -12.635
2724 108.0 -4.92 -12.468
2736 108.0 -4.92 -12.02
2748 108.0 -4.995 -11.573
2760 108.0 -4.995 -11.089
2700 144.0 3.485 44.131
2712 144.0 3.485 44.131
2724 144.0 3.485 44.131
2736 144.0 3.485 44.131
2748 144.0 3.485 44.131
2760 144.0 3.485 44.131
2772 144.0 3.485 44.038
2784 144.0 3.485 44.038
2736 156.0 -7.715 -5.423
2748 156.0 -7.715 -5.423
2760 156.0 -7.715 -5.423
2772 156.0 -7.715 -5.423
2784 156.0 -7.715 -5.423
2796 156.0 -7.715 -5.423
2808 156.0 -7.715 -5.423
2820 156.0 -7.715 -5.423
2844 58.0 1.062 15.245
2856 58.0 0.578 15.245
2868 58.0 0.093 15.245
2880 58.0 -0.391 15.095
2892 58.0 -0.876 15.095
2904 58.0 -1.286 14.946
2916 58.0 -1.77 14.946
2928 58.0 -2.236 14.946
2844 136.0 -18.357 -13.623
2856 136.0 -18.357 -13.027
2868 136.0 -18.394 -12.393
2880 136.0 -18.469 -11.797
2892 136.0 -18.506 -11.163
2904 136.0 -18.543 -10.567
2916 136.0 -18.58 -9.97
2928 136.0 -18.599 -9.411
2868 135.0 -19.587 -11.014
2880 135.0 -19.661 -10.492
2892 135.0 -19.699 -9.877
2904 135.0 -19.792 -9.337
2916 135.0 -19.866 -8.815
2928 135.0 -19.941 -8.256
2940 135.0 -20.053 -7.734
2952 135.0 -20.09 -7.194
2916 109.0 -5.982 -5.647
2928 109.0 -6.094 -5.274
2940 109.0 -6.187 -4.901
2952 109.0 -6.243 -4.454
2964 109.0 -6.43 -4.119
2976 109.0 -6.765 -3.671
2988 109.0 -7.1 -3.224
3000 109.0 -7.38 -2.74
3084 59.0 -10.101 14.63
3096 59.0 -10.641 14.63
3108 59.0 -11.182 14.63
3120 59.0 -11.741 14.63
3132 59.0 -12.3 14.63
3144 59.0 -12.84 14.63
3156 59.0 -13.381 14.63
3168 59.0 -13.94 14.63
3084 119.0 3.522 13.474
3096 119.0 3.112 13.027
3108 119.0 2.628 12.58
3120 119.0 2.218 12.095
3132 119.0 1.733 11.797
3144 119.0 1.267 11.35
3156 119.0 0.988 10.716
3168 119.0 0.783 10.269
3156 110.0 -11.871 1.472
3168 110.0 -12.225 1.77
3180 110.0 -12.635 2.069
3192 110.0 -13.045 2.218
3204 110.0 -13.455 2.535
3216 110.0 -13.865 2.702
3228 110.0 -14.275 3.0
3240 110.0 -14.685 3.299
3168 123.0 -3.839 -14.48
3180 123.0 -3.727 -14.015
3192 123.0 -3.653 -13.716
3204 123.0 -3.578 -13.4
3216 123.0 -3.429 -12.934
3228 123.0 -3.373 -12.635
3240 123.0 -3.243 -12.337
3252 123.0 -3.168 -12.02
3264 126.0 -16.586 -14.257
3276 126.0 -17.145 -13.921
3288 126.0 -17.369 -13.325
3300 126.0 -17.63 -12.878
3312 126.0 -17.854 -12.244
3324 126.0 -18.04 -11.648
3336 126.0 -18.264 -11.014
3348 126.0 -18.394 -10.567
3324 60.0 -21.208 14.63
3336 60.0 -21.767 14.63
3348 60.0 -22.308 14.63
3360 60.0 -22.848 14.63
3372 60.0 -23.538 14.63
3384 60.0 -24.227 14.63
3396 60.0 -24.898 14.779
3408 60.0 -25.662 14.779
3324 120.0 -1.975 3.522
3336 120.0 -2.236 3.075
3348 120.0 -2.59 2.777
3360 120.0 -2.926 2.292
3372 120.0 -3.28 1.845
3384 120.0 -3.82 1.547
3396 120.0 -4.305 1.155
3408 120.0 -4.845 0.764
3396 111.0 -20.388 5.908
3408 111.0 -20.798 6.057
3420 111.0 -21.134 6.355
3432 111.0 -21.544 6.653
3444 111.0 -21.898 6.989
3456 111.0 -22.308 7.138
3468 111.0 -22.718 7.436
3480 111.0 -23.128 7.734
3408 124.0 -1.528 -4.361
3420 124.0 -1.379 -3.746
3432 124.0 -1.305 -3.131
3444 124.0 -1.174 -2.516
3456 124.0 -1.044 -1.901
3468 124.0 -0.969 -1.137
3480 124.0 -0.839 -0.522
3492 124.0 -0.764 0.242
3504 78.0 3.56 45.212
3516 78.0 3.56 45.212
3528 78.0 3.56 45.212
3540 78.0 3.56 45.212
3552 78.0 3.56 45.212
3564 78.0 3.56 45.212
3576 78.0 3.56 45.212
3588 78.0 3.56 45.212
3504 117.0 -7.548 -5.125
3516 117.0 -7.548 -5.125
3528 117.0 -7.548 -5.125
3540 117.0 -7.548 -5.125
3552 117.0 -7.548 -5.125
3564 117.0 -7.548 -5.125
3576 117.0 -7.548 -5.125
3588 117.0 -7.548 -5.125
3504 127.0 -20.519 -3.224
3516 127.0 -20.649 -2.665
3528 127.0 -20.761 -2.069
3540 127.0 -20.891 -1.603
3552 127.0 -21.04 -0.988
3564 127.0 -21.171 -0.447
3576 127.0 -21.283 0.168
3588 127.0 -21.413 0.69
3564 61.0 -25.878 14.492
3576 61.0 -25.862 14.469
3588 61.0 -25.846 14.445
3600 61.0 -25.83 14.422
3612 61.0 -25.815 14.399
3624 61.0 -25.799 14.376
3636 61.0 -25.783 14.353
3648 61.0 -25.768 14.33
3564 121.0 -11.2 -3.373
3576 121.0 -11.629 -3.671
3588 121.0 -12.114 -3.97
3600 121.0 -12.561 -4.286
3612 121.0 -12.84 -4.752
3624 121.0 -13.12 -5.349
3636 121.0 -13.381 -5.982
3648 121.0 -13.716 -6.43
3600 10.0 -17.593 -12.785
3612 10.0 -17.742 -12.188
3624 10.0 -17.947 -11.704
3636 10.0 -18.077 -11.256
3648 10.0 -18.226 -10.641
3660 10.0 -18.357 -10.175
3672 10.0 -18.562 -9.728
3684 10.0 -18.711 -9.113
3636 112.0 -25.426 9.832
3648 112.0 -25.427 9.858
3660 112.0 -25.428 9.884
3672 112.0 -25.429 9.91
3684 112.0 -25.43 9.937
3696 112.0 -25.431 9.963
3708 112.0 -25.432 9.989
3720 112.0 -25.433 10.015
3648 125.0 0.988 7.045
3660 125.0 1.118 7.827
3672 125.0 1.323 8.424
3684 125.0 1.528 9.057
3696 125.0 1.733 9.654
3708 125.0 1.938 10.101
3720 125.0 2.069 10.735
3732 125.0 2.292 11.331
3744 79.0 3.56 45.212
3756 79.0 3.56 45.212
3768 79.0 3.56 45.212
3780 79.0 3.56 45.212
3792 79.0 3.56 45.212
3804 79.0 3.56 45.212
3816 79.0 3.56 45.212
3828 79.0 3.56 45.212
3744 118.0 -7.548 -5.125
3756 118.0 -7.548 -5.125
3768 118.0 -7.548 -5.125
3780 118.0 -7.548 -5.125
3792 118.0 -7.548 -5.125
3804 118.0 -7.548 -5.125
3816 118.0 -7.548 -5.125
3828 118.0 -7.548 -5.125
3804 62.0 -22.028 9.97
3816 62.0 -21.823 9.505
3828 62.0 -21.544 9.039
3840 62.0 -21.134 8.591
3852 62.0 -20.798 7.976
3864 62.0 -20.388 7.361
3876 62.0 -19.978 6.746
3888 62.0 -19.643 6.28
3804 122.0 -16.885 -13.623
3816 122.0 -17.034 -13.94
3828 122.0 -17.034 -13.94
3840 122.0 -17.034 -13.94
3852 122.0 -17.034 -13.94
3864 122.0 -17.034 -13.94
3876 122.0 -17.034 -13.94
3888 122.0 -17.034 -13.94
3840 11.0 -20.351 -2.05
3852 11.0 -20.481 -1.454
3864 11.0 -20.686 -0.988
3876 11.0 -20.91 -0.522
3888 11.0 -21.096 0.075
3900 11.0 -21.245 0.54
3912 11.0 -21.45 1.006
3924 11.0 -21.655 1.603
3876 12.0 -15.897 34.869
3888 12.0 -15.412 35.018
3900 12.0 -14.853 35.316
3912 12.0 -14.313 35.465
3924 12.0 -13.772 35.782
3936 12.0 -13.139 35.931
3948 12.0 -12.598 36.248
3960 12.0 -12.114 36.695
3876 113.0 -25.445 10.355
3888 113.0 -25.445 10.381
3900 113.0 -25.447 10.407
3912 113.0 -25.447 10.433
3924 113.0 -25.448 10.459
3936 113.0 -25.449 10.485
3948 113.0 -25.45 10.511
3960 113.0 -25.451 10.537
3984 80.0 3.56 45.212
3996 80.0 3.56 45.212
4008 80.0 3.522 45.137
4020 80.0 3.522 45.137
4032 80.0 3.522 45.137
4044 80.0 3.522 45.137
4056 80.0 3.522 45.137
4068 80.0 3.522 45.212
3996 14.0 3.429 43.963
4008 14.0 3.429 43.963
4020 14.0 3.429 43.963
4032 14.0 3.429 43.963
4044 14.0 3.429 43.963
4056 14.0 3.429 43.963
4068 14.0 3.429 43.963
4080 14.0 3.429 43.963
4044 63.0 -17.816 -0.54
4056 63.0 -17.779 -1.137
4068 63.0 -17.686 -1.603
4080 63.0 -17.611 -2.218
4092 63.0 -17.574 -2.74
4104 63.0 -17.5 -3.224
4116 63.0 -17.425 -3.82
4128 63.0 -17.388 -4.361
4116 13.0 -5.535 41.839
4128 13.0 -5.181 42.286
4140 13.0 -4.845 42.901
4152 13.0 -4.566 43.367
4164 13.0 -4.23 43.982
4176 13.0 -3.876 44.429
4188 13.0 -3.541 45.044
4200 13.0 -3.205 45.51
4116 114.0 -23.743 8.442
4128 114.0 -23.407 7.958
4140 114.0 -23.128 7.66
4152 114.0 -22.848 7.361
4164 114.0 -22.587 6.895
4176 114.0 -22.289 6.579
4188 114.0 -22.103 6.131
4200 114.0 -22.028 5.684
4224 81.0 3.522 45.286
4236 81.0 3.522 45.286
4248 81.0 3.522 45.286
4260 81.0 3.485 45.361
4272 81.0 3.485 45.361
4284 81.0 3.485 45.361
4296 81.0 3.485 45.361
4308 81.0 3.485 45.361
4236 15.0 3.429 43.963
4248 15.0 3.429 43.963
4260 15.0 3.429 43.963
4272 15.0 3.429 43.963
4284 15.0 3.429 43.963
4296 15.0 3.429 43.963
4308 15.0 3.429 43.963
4320 15.0 3.429 43.963
4356 115.0 -20.947 -0.149
4368 115.0 -20.873 -0.466
4380 115.0 -20.798 -0.913
4392 115.0 -20.649 -1.36
4404 115.0 -20.575 -1.845
4416 115.0 -20.519 -2.292
4428 115.0 -20.463 -2.74
4440 115.0 -20.388 -3.224
4464 82.0 3.485 45.51
4476 82.0 3.485 45.51
4488 82.0 3.485 45.51
4500 82.0 3.485 45.585
4512 82.0 3.448 45.51
4524 82.0 3.448 45.51
4536 82.0 3.448 45.436
4548 82.0 3.448 45.436
4596 116.0 -19.661 -9.579
4608 116.0 -19.624 -10.026
4620 116.0 -19.568 -10.492
4632 116.0 -19.494 -10.958
4644 116.0 -19.494 -11.405
4656 116.0 -19.419 -11.778
4668 116.0 -19.382 -12.188
4680 116.0 -19.345 -12.635
4704 83.0 3.448 45.137
4716 83.0 3.448 45.063
4728 83.0 3.448 45.063
4740 83.0 3.448 45.063
4752 83.0 3.485 45.063
4764 83.0 3.485 45.063
4776 83.0 3.485 45.063
4788 83.0 3.485 44.97
4836 74.0 4.883 14.22
4848 74.0 4.249 13.25
4860 74.0 3.69 12.654
4872 74.0 3.131 12.17
4884 74.0 2.609 11.573
4896 74.0 2.385 11.126
4908 74.0 2.385 10.79
4920 74.0 2.255 10.343
4848 29.0 4.547 16.232
4860 29.0 4.286 15.487
4872 29.0 3.988 14.853
4884 29.0 3.727 14.257
4896 29.0 3.466 13.474
4908 29.0 3.168 12.878
4920 29.0 2.907 12.263
4932 29.0 2.758 11.648
4944 84.0 3.485 44.671
4956 84.0 3.485 44.671
4968 84.0 3.485 44.597
4980 84.0 3.485 44.597
4992 84.0 3.485 44.597
5004 84.0 3.485 44.597
5016 84.0 3.485 44.597
5028 84.0 3.485 44.597
5004 24.0 3.615 43.665
5016 24.0 3.615 43.665
5028 24.0 3.615 43.665
5040 24.0 3.615 43.665
5052 24.0 3.615 43.665
5064 24.0 3.615 43.665
5076 24.0 3.615 43.665
5088 24.0 3.615 43.665
5076 75.0 0.149 3.224
5088 75.0 0.019 2.684
5100 75.0 -0.112 2.162
5112 75.0 -0.317 1.603
5124 75.0 -0.447 1.081
5136 75.0 -0.596 0.54
5148 75.0 -0.764 0.0
5160 75.0 -0.895 -0.522
5088 30.0 0.373 4.603
5100 30.0 0.149 4.137
5112 30.0 -0.112 3.597
5124 30.0 -0.391 3.15
5136 30.0 -0.671 2.609
5148 30.0 -0.895 2.143
5160 30.0 -1.174 1.621
5172 30.0 -1.454 1.155
5088 72.0 -18.86 -12.337
5100 72.0 -19.158 -12.02
5112 72.0 -19.233 -11.405
5124 72.0 -19.345 -10.958
5136 72.0 -19.419 -10.343
5148 72.0 -19.494 -9.877
5160 72.0 -19.643 -9.262
5172 72.0 -19.699 -8.796
5184 85.0 3.41 44.97
5196 85.0 3.41 44.97
5208 85.0 3.41 45.063
5220 85.0 3.41 45.063
5232 85.0 3.41 45.063
5244 85.0 3.41 45.137
5256 85.0 3.373 45.137
5268 85.0 3.373 45.212
5208 18.0 1.025 52.014
5220 18.0 0.857 51.25
5232 18.0 0.783 50.784
5244 18.0 0.708 50.337
5256 18.0 0.634 49.722
5268 18.0 0.559 49.256
5280 18.0 0.503 48.809
5292 18.0 0.447 48.343
5244 25.0 3.615 43.665
5256 25.0 3.615 43.665
5268 25.0 3.615 43.665
5280 25.0 3.615 43.665
5292 25.0 3.615 43.665
5304 25.0 3.615 43.665
5316 25.0 3.615 43.665
5328 25.0 3.615 43.665
5244 69.0 4.622 13.493
5256 69.0 4.063 13.176
5268 69.0 3.522 12.878
5280 69.0 2.982 12.729
5292 69.0 2.497 12.412
5304 69.0 1.938 12.114
5316 69.0 1.398 11.797
5328 69.0 0.857 11.648
5316 76.0 -1.864 -4.044
5328 76.0 -1.864 -4.361
5340 76.0 -1.994 -4.827
5352 76.0 -2.199 -5.125
5364 76.0 -2.348 -5.572
5376 76.0 -2.479 -5.908
5388 76.0 -2.684 -6.355
5400 76.0 -2.833 -6.802
5424 86.0 3.299 45.51
5436 86.0 3.299 45.585
5448 86.0 3.299 45.585
5460 86.0 3.299 45.585
5472 86.0 3.299 45.659
5484 86.0 3.299 45.659
5496 86.0 3.299 45.659
5508 86.0 3.336 45.659
5484 70.0 -5.74 7.212
5496 70.0 -6.15 6.746
5508 70.0 -6.56 6.206
5520 70.0 -6.84 5.74
5532 70.0 -7.175 5.293
5544 70.0 -7.455 4.752
5556 70.0 -7.79 4.286
5568 70.0 -8.107 3.914
5556 77.0 -3.522 -9.877
5568 77.0 -3.522 -9.877
5580 77.0 -3.485 -9.877
5592 77.0 -3.522 -10.026
5604 77.0 -3.522 -10.026
5616 77.0 -3.522 -10.101
5628 77.0 -3.541 -10.101
5640 77.0 -3.541 -10.175
5604 73.0 4.51 12.952
5616 73.0 3.97 12.952
5628 73.0 3.41 12.952
5640 73.0 2.87 12.803
5652 73.0 2.33 12.803
5664 73.0 1.77 12.635
5676 73.0 1.23 12.635
5688 73.0 0.671 12.635
5664 87.0 3.373 45.436
5676 87.0 3.373 45.436
5688 87.0 3.41 45.436
5700 87.0 3.41 45.436
5712 87.0 3.41 45.436
5724 87.0 3.41 45.361
5736 87.0 3.41 45.361
5748 87.0 3.41 45.361
5724 71.0 -12.151 -2.218
5736 71.0 -12.43 -2.833
5748 71.0 -12.71 -3.28
5760 71.0 -12.971 -3.895
5772 71.0 -13.25 -4.361
5784 71.0 -13.53 -4.827
5796 71.0 -13.791 -5.442
5808 71.0 -14.07 -5.889
6336 42.0 1.77 15.245
6348 42.0 1.062 15.245
6360 42.0 0.429 15.245
6372 42.0 -0.112 15.245
6384 42.0 -0.727 15.245
6396 42.0 -1.286 15.394
6408 42.0 -1.901 15.394
6420 42.0 -2.441 15.394
6504 40.0 3.765 44.206
6516 40.0 3.765 44.206
6528 40.0 3.765 44.206
6540 40.0 3.765 44.206
6552 40.0 3.765 44.206
6564 40.0 3.765 44.206
6576 40.0 3.765 44.206
6588 40.0 3.765 44.206
6504 44.0 -20.407 19.326
6516 44.0 -19.81 19.326
6528 44.0 -19.177 19.326
6540 44.0 -18.506 19.326
6552 44.0 -17.872 19.326
6564 44.0 -17.257 19.326
6576 44.0 -16.568 19.326
6588 44.0 -15.971 19.326
6504 46.0 -7.492 -5.367
6516 46.0 -7.492 -5.367
6528 46.0 -7.492 -5.367
6540 46.0 -7.492 -5.367
6552 46.0 -7.492 -5.367
6564 46.0 -7.492 -5.367
6576 46.0 -7.492 -5.367
6588 46.0 -7.492 -5.367
6576 43.0 -10.604 16.251
6588 43.0 -11.014 16.251
6600 43.0 -11.499 16.251
6612 43.0 -11.983 16.251
6624 43.0 -12.468 16.251
6636 43.0 -13.008 16.251
6648 43.0 -13.549 16.251
6660 43.0 -14.108 16.4
6744 41.0 3.765 44.206
6756 41.0 3.765 44.206
6768 41.0 3.765 44.206
6780 41.0 3.765 44.206
6792 41.0 3.765 44.206
6804 41.0 3.765 44.206
6816 41.0 3.765 44.206
6828 41.0 3.765 44.206
6744 45.0 -7.734 19.475
6756 45.0 -7.1 19.475
6768 45.0 -6.43 19.475
6780 45.0 -5.796 19.475
6792 45.0 -5.2 19.475
6804 45.0 -4.566 19.475
6816 45.0 -3.951 19.475
6828 45.0 -3.261 19.475
6744 47.0 -7.492 -5.367
6756 47.0 -7.492 -5.367
6768 47.0 -7.492 -5.367
6780 47.0 -7.492 -5.367
6792 47.0 -7.492 -5.367
6804 47.0 -7.492 -5.367
6816 47.0 -7.492 -5.367
6828 47.0 -7.492 -5.367
6840 2.0 5.032 14.406
6852 2.0 4.417 14.406
6864 2.0 3.802 14.555
6876 2.0 3.168 14.555
6888 2.0 2.572 14.704
6900 2.0 1.938 14.704
6912 2.0 1.323 14.704
6924 2.0 0.708 14.872
6888 0.0 3.578 19.158
6900 0.0 3.243 18.543
6912 0.0 2.833 17.928
6924 0.0 2.497 17.313
6936 0.0 2.143 16.698
6948 0.0 1.733 16.102
6960 0.0 1.398 15.468
6972 0.0 0.988 14.872
6996 159.0 -17.369 -14.704
7008 159.0 -17.295 -14.406
7020 159.0 -17.09 -13.623
7032 159.0 -16.94 -13.027
7044 159.0 -16.885 -12.412
7056 159.0 -16.885 -11.797
7068 159.0 -16.885 -11.182
7080 159.0 -16.94 -10.567
7080 3.0 -6.001 14.164
7092 3.0 -6.635 14.164
7104 3.0 -7.231 14.164
7116 3.0 -7.939 14.015
7128 3.0 -8.535 14.015
7140 3.0 -9.132 14.015
7152 3.0 -9.859 14.015
7164 3.0 -10.343 14.015
7128 1.0 -4.324 7.734
7140 1.0 -4.808 7.287
7152 1.0 -5.293 6.821
7164 1.0 -5.665 6.28
7176 1.0 -6.001 5.665
7188 1.0 -6.43 5.069
7200 1.0 -6.802 4.454
7212 1.0 -7.138 3.914
7236 160.0 -16.885 -2.59
7248 160.0 -16.885 -1.994
7260 160.0 -16.829 -1.379
7272 160.0 -16.829 -0.764
7284 160.0 -16.754 -0.149
7296 160.0 -16.754 0.466
7308 160.0 -16.68 1.081
7320 160.0 -16.68 1.696
7308 157.0 4.696 13.791
7320 157.0 4.137 13.642
7332 157.0 3.653 13.493
7344 157.0 3.112 13.325
7356 157.0 2.628 13.176
7368 157.0 2.087 13.027
7380 157.0 1.603 12.878
7392 157.0 1.118 12.729
7476 161.0 -15.99 9.97
7488 161.0 -15.99 10.418
7500 161.0 -15.99 11.033
7512 161.0 -16.102 11.797
7524 161.0 -16.176 12.561
7536 161.0 -16.232 13.418
7548 161.0 -16.307 14.164
7560 161.0 -16.381 15.021
7548 158.0 -5.945 11.797
7560 158.0 -6.56 11.815
7572 158.0 -7.212 11.965
7584 158.0 -7.827 12.039
7596 158.0 -8.442 12.02
7608 158.0 -9.076 12.02
7620 158.0 -9.616 12.02
7632 158.0 -10.231 12.02
8496 16.0 -1.826 21.618
8508 16.0 -1.565 21.618
8520 16.0 -1.155 21.618
8532 16.0 -0.727 21.618
8544 16.0 -0.261 21.767
8556 16.0 0.149 21.767
8568 16.0 0.634 21.767
8580 16.0 1.044 21.767
8496 48.0 3.578 44.056
8508 48.0 3.578 44.056
8520 48.0 3.578 44.056
8532 48.0 3.578 44.056
8544 48.0 3.578 44.056
8556 48.0 3.578 44.056
8568 48.0 3.578 44.056
8580 48.0 3.578 44.056
8508 128.0 -7.138 -5.516
8520 128.0 -7.138 -5.516
8532 128.0 -7.138 -5.516
8544 128.0 -7.138 -5.516
8556 128.0 -7.138 -5.516
8568 128.0 -7.138 -5.516
8580 128.0 -7.138 -5.516
8592 128.0 -7.138 -5.516
8580 88.0 -25.625 14.015
8592 88.0 -25.215 13.12
8604 88.0 -24.88 12.188
8616 88.0 -24.47 11.256
8628 88.0 -24.115 10.66
8640 88.0 -23.78 9.877
8652 88.0 -23.37 9.281
8664 88.0 -23.016 8.647
8736 17.0 8.125 19.307
8748 17.0 8.591 19.009
8760 17.0 9.076 18.711
8772 17.0 9.56 18.543
8784 17.0 9.896 18.543
8796 17.0 9.896 18.543
8808 17.0 9.896 18.543
8820 17.0 9.896 18.543
8736 49.0 3.578 44.056
8748 49.0 3.578 44.056
8760 49.0 3.578 44.056
8772 49.0 3.578 44.056
8784 49.0 3.578 44.056
8796 49.0 3.578 44.056
8808 49.0 3.578 44.056
8820 49.0 3.578 44.056
8748 129.0 -7.138 -5.516
8760 129.0 -7.138 -5.516
8772 129.0 -7.138 -5.516
8784 129.0 -7.138 -5.516
8796 129.0 -7.138 -5.516
8808 129.0 -7.138 -5.516
8820 129.0 -7.138 -5.516
8832 129.0 -7.138 -5.516
8760 57.0 14.052 20.835
8772 57.0 14.462 21.693
8784 57.0 14.909 22.68
8796 57.0 15.245 22.997
8808 57.0 15.58 22.848
8820 57.0 15.878 22.68
8832 57.0 16.139 22.513
8844 57.0 16.475 22.364
