0 129.0 13.101 5.98
12 129.0 12.359 5.98
24 129.0 11.631 5.98
36 129.0 10.903 5.98
48 129.0 10.161 5.98
60 129.0 9.476 6.094
72 129.0 8.691 6.094
84 129.0 7.906 6.094
0 112.0 -19.866 18.696
12 112.0 -19.866 18.696
24 112.0 -19.809 18.696
36 112.0 -19.766 18.696
48 112.0 -19.709 18.696
60 112.0 -19.652 18.696
72 112.0 -19.595 18.696
84 112.0 -19.595 18.696
60 141.0 -8.206 27.844
72 141.0 -8.649 27.844
84 141.0 -9.02 28.072
96 141.0 -9.376 28.415
108 141.0 -9.648 28.301
120 141.0 -9.862 27.958
132 141.0 -9.844 27.958
144 141.0 -9.823 27.957
60 117.0 -2.298 34.238
72 117.0 -2.412 34.609
84 117.0 -2.612 34.837
96 117.0 -2.84 34.837
108 117.0 -3.097 34.951
120 117.0 -3.297 34.951
132 117.0 -3.668 34.951
144 117.0 -4.196 34.837
108 131.0 16.312 7.293
120 131.0 15.67 6.836
132 131.0 15.042 6.836
144 131.0 14.414 6.836
156 131.0 13.786 6.836
168 131.0 13.201 6.836
180 131.0 12.573 6.836
192 131.0 11.945 6.722
240 130.0 -0.999 6.436
252 130.0 -1.727 6.436
264 130.0 -2.469 6.436
276 130.0 -3.197 6.436
288 130.0 -3.939 6.436
300 130.0 -4.667 6.436
312 130.0 -5.395 6.436
324 130.0 -6.194 6.436
240 113.0 -18.182 18.422
252 113.0 -18.239 18.433
264 113.0 -18.295 18.444
276 113.0 -18.352 18.456
288 113.0 -18.408 18.467
300 113.0 -18.465 18.478
312 113.0 -18.521 18.49
324 113.0 -18.578 18.501
300 142.0 -9.547 27.952
312 142.0 -9.526 27.952
324 142.0 -9.505 27.951
336 142.0 -9.483 27.951
348 142.0 -9.462 27.951
360 142.0 -9.441 27.95
372 142.0 -9.42 27.95
384 142.0 -9.399 27.949
300 118.0 -6.103 34.75
312 118.0 -5.914 34.754
324 118.0 -5.725 34.759
336 118.0 -5.537 34.764
348 118.0 -5.348 34.768
360 118.0 -5.159 34.772
372 118.0 -4.97 34.777
384 118.0 -4.782 34.782
348 132.0 3.825 6.494
360 132.0 3.197 6.494
372 132.0 2.512 6.494
384 132.0 1.827 6.379
396 132.0 1.156 6.379
408 132.0 0.471 6.379
420 132.0 -0.157 6.251
432 132.0 -0.842 6.251
528 139.0 -14.928 38.176
540 139.0 -15.313 38.348
552 139.0 -15.513 38.633
564 139.0 -15.456 38.633
576 139.0 -15.413 38.633
588 139.0 -15.356 38.633
600 139.0 -15.256 38.69
612 139.0 -15.313 38.69
768 140.0 -15.57 38.774
780 140.0 -15.57 38.776
792 140.0 -15.57 38.778
804 140.0 -15.57 38.78
816 140.0 -15.57 38.782
828 140.0 -15.57 38.784
840 140.0 -15.57 38.786
852 140.0 -15.57 38.788
1416 160.0 -15.913 18.753
1428 160.0 -16.484 18.753
1440 160.0 -17.055 18.753
1452 160.0 -17.64 18.753
1464 160.0 -18.196 18.81
1476 160.0 -18.767 18.81
1488 160.0 -19.338 18.81
1500 160.0 -19.809 18.81
1524 5.0 12.944 5.209
1536 5.0 12.473 5.209
1548 5.0 11.945 5.323
1560 5.0 11.417 5.323
1572 5.0 10.946 5.452
1584 5.0 10.433 5.452
1596 5.0 9.904 5.566
1608 5.0 9.434 5.566
1656 161.0 -19.937 18.225
1668 161.0 -19.966 18.225
1680 161.0 -19.966 18.168
1692 161.0 -19.966 18.168
1704 161.0 -19.994 18.111
1716 161.0 -19.994 18.054
1728 161.0 -19.994 18.054
1740 161.0 -20.009 17.996
1764 6.0 3.083 5.694
1776 6.0 2.569 5.694
1788 6.0 2.041 5.694
1800 6.0 1.513 5.694
1812 6.0 0.999 5.694
1824 6.0 0.471 5.694
1836 6.0 -0.057 5.694
1848 6.0 -0.571 5.694
2004 7.0 -7.635 5.623
2016 7.0 -8.063 5.68
2028 7.0 -8.52 5.68
2040 7.0 -8.977 5.623
2052 7.0 -9.405 5.68
2064 7.0 -9.862 5.68
2076 7.0 -10.375 5.623
2088 7.0 -10.961 5.623
2052 8.0 -0.257 17.54
2064 8.0 -0.942 17.54
2076 8.0 -1.57 17.426
2088 8.0 -2.198 17.426
2100 8.0 -2.826 17.426
2112 8.0 -3.454 17.311
2124 8.0 -4.039 17.311
2136 8.0 -4.667 17.311
3228 37.0 -0.542 17.254
3240 37.0 -0.114 16.798
3252 37.0 0.457 16.798
3264 37.0 0.451 17.039
3276 37.0 0.429 17.09
3288 37.0 0.407 17.141
3300 37.0 0.385 17.192
3312 37.0 0.362 17.243
3492 35.0 1.028 17.026
3504 35.0 0.457 17.14
3516 35.0 0.128 17.254
3528 35.0 -0.186 17.369
3540 35.0 -0.5 17.54
3552 35.0 -0.871 17.54
3564 35.0 -1.185 17.54
3576 35.0 -1.613 17.54
3732 36.0 -6.265 17.426
3744 36.0 -6.636 17.426
3756 36.0 -7.007 17.426
3768 36.0 -7.378 17.426
3780 36.0 -7.721 17.426
3792 36.0 -8.035 17.426
3804 36.0 -8.406 17.426
3816 36.0 -8.777 17.426
4788 74.0 16.369 6.494
4800 74.0 14.985 6.436
4812 74.0 13.501 6.436
4824 74.0 11.974 6.551
4836 74.0 10.504 6.551
4848 74.0 8.963 6.551
4860 74.0 7.264 6.551
4872 74.0 5.552 6.551
6744 152.0 15.142 5.866
6756 152.0 14.115 5.866
6768 152.0 13.23 5.98
6780 152.0 12.502 5.98
6792 152.0 11.76 6.094
6804 152.0 11.132 6.094
6816 152.0 10.604 6.094
6828 152.0 10.033 6.094
6984 150.0 -19.652 17.711
6996 150.0 -19.238 17.711
7008 150.0 -18.467 17.54
7020 150.0 -18.111 17.768
7032 150.0 -17.64 17.996
7044 150.0 -16.327 18.111
7056 150.0 -15.071 18.111
7068 150.0 -13.758 18.225
6984 153.0 3.425 6.094
6996 153.0 2.854 6.094
7008 153.0 2.269 6.094
7020 153.0 1.698 6.094
7032 153.0 1.127 6.094
7044 153.0 0.5 6.094
7056 153.0 -0.086 6.094
7068 153.0 -0.656 6.037
7224 151.0 -6.716 17.654
7236 151.0 -6.712 17.654
7248 151.0 -6.709 17.654
7260 151.0 -6.705 17.654
7272 151.0 -6.701 17.654
7284 151.0 -6.698 17.654
7296 151.0 -6.694 17.654
7308 151.0 -6.691 17.654
7224 154.0 -8.306 5.794
7236 154.0 -8.92 5.794
7248 154.0 -9.434 5.794
7260 154.0 -9.904 5.794
7272 154.0 -10.547 5.794
7284 154.0 -11.118 5.794
7296 154.0 -11.746 5.794
7308 154.0 -12.316 5.794
7512 156.0 -19.795 18.453
7524 156.0 -19.424 18.453
7536 156.0 -19.053 18.339
7548 156.0 -18.681 18.339
7560 156.0 -18.268 18.339
7572 156.0 -17.854 18.339
7584 156.0 -17.369 18.339
7596 156.0 -16.912 18.225
7596 86.0 -13.43 7.635
7608 86.0 -12.802 7.635
7620 86.0 -12.174 7.635
7632 86.0 -11.489 7.635
7644 86.0 -10.804 7.635
7656 86.0 -10.176 7.635
7668 86.0 -9.491 7.635
7680 86.0 -8.863 7.635
7644 92.0 16.584 6.551
7656 92.0 16.584 6.551
7668 92.0 16.584 6.551
7680 92.0 16.341 6.551
7692 92.0 15.884 6.551
7704 92.0 15.37 6.551
7716 92.0 14.914 6.551
7728 92.0 14.429 6.551
7836 87.0 -0.328 7.635
7848 87.0 0.3 7.764
7860 87.0 0.942 7.764
7872 87.0 1.57 7.764
7884 87.0 2.198 7.764
7896 87.0 2.84 7.892
7908 87.0 3.468 7.892
7920 87.0 4.096 7.892
7884 93.0 9.091 6.665
7896 93.0 8.663 6.665
7908 93.0 8.206 6.665
7920 93.0 7.778 6.665
7932 93.0 7.307 6.665
7944 93.0 6.893 6.665
7956 93.0 6.465 6.665
7968 93.0 5.951 6.551
8124 94.0 0.1 5.98
8136 94.0 -0.371 5.98
8148 94.0 -0.842 6.094
8160 94.0 -1.313 6.094
8172 94.0 -1.841 6.208
8184 94.0 -2.312 6.208
8196 94.0 -2.783 6.322
8208 94.0 -3.297 6.322
8364 95.0 -9.59 7.464
8376 95.0 -10.004 7.707
8388 95.0 -10.49 7.935
8400 95.0 -10.903 8.063
8412 95.0 -11.374 8.292
8424 95.0 -11.803 8.52
8436 95.0 -12.259 8.748
8448 95.0 -12.687 8.863
10968 97.0 -19.152 14.115
10980 97.0 -18.739 13.544
10992 97.0 -18.211 13.201
11004 97.0 -17.768 12.916
11016 97.0 -17.397 12.687
11028 97.0 -16.983 12.216
11040 97.0 -16.569 11.86
11052 97.0 -16.141 11.403
11004 56.0 8.406 8.121
11016 56.0 8.406 8.121
11028 56.0 8.406 8.121
11040 56.0 8.406 8.121
11052 56.0 8.406 8.121
11064 56.0 8.406 8.121
11076 56.0 8.406 8.121
11088 56.0 8.406 8.121
11208 98.0 -9.605 7.35
11220 98.0 -9.062 7.236
11232 98.0 -8.606 7.007
11244 98.0 -8.063 6.893
11256 98.0 -7.55 6.779
11268 98.0 -7.036 6.665
11280 98.0 -6.494 6.551
11292 98.0 -5.866 6.436
11244 57.0 8.406 8.121
11256 57.0 8.406 8.121
11268 57.0 8.406 8.121
11280 57.0 8.406 8.121
11292 57.0 8.406 8.121
11304 57.0 8.406 8.121
11316 57.0 8.406 8.121
11328 57.0 8.406 8.121
11448 99.0 2.198 5.98
11460 99.0 2.726 5.866
11472 99.0 3.297 5.866
11484 99.0 3.811 5.751
11496 99.0 4.41 5.751
11508 99.0 4.952 5.694
11520 99.0 5.509 5.68
11532 99.0 6.051 5.566
11928 19.0 -19.937 18.924
11940 19.0 -19.809 19.038
11952 19.0 -19.866 19.038
11964 19.0 -19.866 19.038
11976 19.0 -19.866 19.167
11988 19.0 -19.866 19.167
12000 19.0 -19.866 19.281
12012 19.0 -19.88 19.281
12168 20.0 -16.013 18.225
12180 20.0 -15.599 18.111
12192 20.0 -15.171 18.111
12204 20.0 -14.914 17.768
12216 20.0 -14.714 17.426
12228 20.0 -14.598 17.311
12240 20.0 -14.595 17.309
12252 20.0 -14.591 17.308
12408 21.0 -14.547 17.292
12420 21.0 -14.543 17.291
12432 21.0 -14.54 17.289
12444 21.0 -14.536 17.288
12456 21.0 -14.533 17.287
12468 21.0 -14.53 17.286
12480 21.0 -14.526 17.285
12492 21.0 -14.523 17.283
