0.0000 0.0000 -0.5660 -0.3190
0.0000 12.0000 -1.6280 13.7710
0.0000 14.0000 -1.7350 14.7090
0.0000 16.0000 23.6830 -5.3990
0.0000 17.0000 0.3360 5.2570
0.0000 19.0000 8.2840 11.4880
0.0000 21.0000 -1.4510 9.2570
0.0000 24.0000 17.8070 9.9120
0.0000 26.0000 17.7010 8.6200
0.0000 28.0000 -20.3380 10.2660
0.0000 30.0000 -20.4090 9.3460
0.0000 46.0000 3.8940 -3.5220
0.0000 32.0000 9.6290 10.9210
0.0000 34.0000 17.3470 -3.2390
0.0000 36.0000 1.7350 -1.1860
0.0000 38.0000 1.2040 12.4790
0.0000 40.0000 0.5490 12.6380
0.0000 42.0000 1.0800 26.4980
0.0000 10.0000 -2.5840 13.4880
0.0000 8.0000 -3.4340 13.4880
0.0000 44.0000 -22.3740 5.4690
12.0000 8.0000 -3.4340 13.4880
12.0000 12.0000 -1.6280 13.7710
12.0000 44.0000 -21.8070 5.4690
12.0000 24.0000 17.3110 9.7710
12.0000 30.0000 -19.9130 9.3460
12.0000 38.0000 1.1330 11.9130
12.0000 14.0000 -1.7350 14.7090
12.0000 21.0000 -1.5220 9.7000
12.0000 10.0000 -2.5840 13.4880
12.0000 16.0000 23.8250 -5.6820
12.0000 40.0000 0.4780 12.0540
12.0000 42.0000 1.0440 25.9310
12.0000 46.0000 3.8940 -3.5220
12.0000 0.0000 -0.4250 -0.9030
12.0000 28.0000 -19.8420 10.2660
12.0000 32.0000 9.6290 10.9210
12.0000 26.0000 17.2050 8.6200
12.0000 17.0000 0.1950 4.4070
12.0000 6.0000 19.5410 46.9600
12.0000 19.0000 8.2840 11.4880
12.0000 34.0000 16.9930 -3.3810
12.0000 36.0000 1.7350 -1.1860
24.0000 0.0000 -0.1950 -1.4690
24.0000 6.0000 19.8250 46.8180
24.0000 12.0000 -1.6280 13.7710
24.0000 24.0000 16.8160 9.7710
24.0000 30.0000 -19.3290 9.3460
24.0000 19.0000 8.2840 11.4880
24.0000 14.0000 -1.7350 14.7090
24.0000 21.0000 -1.5930 10.1420
24.0000 17.0000 0.1240 3.6990
24.0000 36.0000 1.7350 -1.1860
24.0000 32.0000 9.6290 10.9210
24.0000 16.0000 24.0020 -5.8240
24.0000 46.0000 3.8940 -3.5220
24.0000 34.0000 16.7090 -3.3810
24.0000 40.0000 0.4070 11.4880
24.0000 38.0000 1.1330 11.3460
24.0000 8.0000 -3.4340 13.4880
24.0000 26.0000 16.7090 8.6200
24.0000 10.0000 -2.5840 13.4880
24.0000 44.0000 -21.2410 5.4690
24.0000 42.0000 1.0440 25.3650
24.0000 28.0000 -19.2580 10.2660
36.0000 6.0000 20.0550 46.6770
36.0000 28.0000 -18.6920 10.3550
36.0000 14.0000 -1.7350 14.7090
36.0000 42.0000 1.0440 24.9400
36.0000 16.0000 24.1790 -5.9650
36.0000 38.0000 1.0620 10.7800
36.0000 0.0000 0.0180 -2.0360
36.0000 44.0000 -20.6570 5.4690
36.0000 21.0000 -1.6640 10.6380
36.0000 10.0000 -2.5840 13.4880
36.0000 30.0000 -18.7630 9.3460
36.0000 40.0000 0.3360 10.9210
36.0000 32.0000 9.6290 10.9210
36.0000 36.0000 1.7350 -1.1860
36.0000 34.0000 16.4080 -3.5220
36.0000 46.0000 3.8940 -3.5220
36.0000 26.0000 16.1960 8.6200
36.0000 8.0000 -3.4340 13.4880
36.0000 17.0000 -0.0180 2.9030
36.0000 12.0000 -1.6280 13.7710
36.0000 24.0000 16.3730 9.7710
36.0000 19.0000 8.2840 11.4880
48.0000 32.0000 9.6290 10.9210
48.0000 8.0000 -3.4340 13.4880
48.0000 26.0000 15.7710 8.6200
48.0000 6.0000 20.3380 46.5350
48.0000 19.0000 8.2840 11.4880
48.0000 17.0000 -0.0890 2.1060
48.0000 42.0000 1.0440 24.3740
48.0000 0.0000 0.2300 -2.6020
48.0000 34.0000 16.0540 -3.5220
48.0000 16.0000 24.3560 -6.2480
48.0000 40.0000 0.2660 10.3370
48.0000 28.0000 -18.1250 10.4260
48.0000 36.0000 1.7350 -1.1860
48.0000 10.0000 -2.5840 13.4880
48.0000 21.0000 -1.6640 11.1340
48.0000 46.0000 3.8940 -3.5220
48.0000 12.0000 -1.6280 13.7710
48.0000 30.0000 -18.1960 9.4880
48.0000 14.0000 -1.7350 14.7090
48.0000 44.0000 -20.0190 5.4690
48.0000 38.0000 1.0620 10.1960
48.0000 24.0000 15.8770 9.7710
60.0000 46.0000 3.8940 -3.5220
60.0000 44.0000 -19.4530 5.4690
60.0000 17.0000 -0.1590 1.3280
60.0000 36.0000 1.7350 -1.1860
60.0000 12.0000 -1.6280 13.7710
60.0000 8.0000 -3.4340 13.4880
60.0000 0.0000 0.4430 -3.1680
60.0000 24.0000 15.3820 9.7710
60.0000 40.0000 0.1950 9.7710
60.0000 28.0000 -17.5590 10.4960
60.0000 26.0000 15.2760 8.6200
60.0000 19.0000 8.2840 11.4880
60.0000 38.0000 1.0090 9.6290
60.0000 21.0000 -1.7350 11.6290
60.0000 16.0000 24.5330 -6.3900
60.0000 14.0000 -1.7350 14.7090
60.0000 6.0000 20.6210 46.2520
60.0000 42.0000 1.0440 23.9490
60.0000 30.0000 -17.6300 9.4880
60.0000 32.0000 9.6290 10.9210
60.0000 34.0000 15.7710 -3.5220
60.0000 10.0000 -2.5840 13.4880
72.0000 46.0000 3.8940 -3.5220
72.0000 19.0000 8.2840 11.4880
72.0000 28.0000 -16.9930 10.4960
72.0000 21.0000 -1.7350 12.0540
72.0000 24.0000 14.9390 9.7710
72.0000 30.0000 -17.1340 9.4880
72.0000 0.0000 0.8670 -3.5930
72.0000 34.0000 15.4880 -3.6820
72.0000 40.0000 0.1240 9.2040
72.0000 12.0000 -1.6280 13.7710
72.0000 32.0000 9.6290 10.9210
72.0000 10.0000 -2.5840 13.4880
72.0000 44.0000 -18.8690 5.4690
72.0000 26.0000 14.7620 8.6200
72.0000 42.0000 1.0440 23.3470
72.0000 17.0000 -0.2300 0.6200
72.0000 36.0000 1.7350 -1.1860
72.0000 38.0000 0.9740 9.0450
72.0000 14.0000 -1.7350 14.7090
72.0000 8.0000 -3.4340 13.4880
72.0000 6.0000 20.9040 45.8270
72.0000 16.0000 24.7100 -6.5320
84.0000 38.0000 0.9380 8.4790
84.0000 28.0000 -16.4260 10.4960
84.0000 44.0000 -18.2320 5.4690
84.0000 32.0000 9.6290 10.9210
84.0000 14.0000 -1.7350 14.7090
84.0000 40.0000 0.0530 8.6200
84.0000 24.0000 14.4440 9.7710
84.0000 10.0000 -2.5840 13.4880
84.0000 42.0000 1.0440 22.9220
84.0000 46.0000 3.8940 -3.5220
84.0000 8.0000 -3.4340 13.4880
84.0000 12.0000 -1.6280 13.7710
84.0000 21.0000 -1.5220 12.1960
84.0000 26.0000 14.3380 8.6200
84.0000 17.0000 -0.2300 -0.2300
84.0000 0.0000 1.3100 -3.8940
84.0000 16.0000 24.8520 -6.6730
84.0000 36.0000 1.7350 -1.1860
84.0000 6.0000 21.2580 45.4020
84.0000 34.0000 15.2050 -3.6820
84.0000 30.0000 -16.5680 9.6290
84.0000 19.0000 8.2840 11.4880
96.0000 40.0000 -0.0180 8.0540
96.0000 10.0000 -2.5840 13.4880
96.0000 19.0000 8.2840 11.4880
96.0000 34.0000 14.8330 -3.6820
96.0000 17.0000 -0.1590 -1.1150
96.0000 46.0000 3.8940 -3.5220
96.0000 26.0000 13.8420 8.6200
96.0000 42.0000 1.0440 22.3560
96.0000 8.0000 -3.4340 13.4880
96.0000 32.0000 9.6290 10.9210
96.0000 24.0000 13.9480 9.6290
96.0000 14.0000 -1.7350 14.7090
96.0000 0.0000 1.7350 -4.0360
96.0000 16.0000 25.0640 -6.9560
96.0000 12.0000 -1.6280 13.7710
96.0000 21.0000 -1.2390 12.4790
96.0000 30.0000 -16.0010 9.6290
96.0000 28.0000 -15.8600 10.6380
96.0000 44.0000 -17.6650 5.4690
96.0000 36.0000 1.8050 -1.1860
96.0000 38.0000 0.9380 7.9120
96.0000 6.0000 21.5420 44.9770
108.0000 32.0000 9.6290 10.9210
108.0000 36.0000 1.8050 -1.1860
108.0000 42.0000 1.0440 21.9310
108.0000 38.0000 0.9030 7.4870
108.0000 34.0000 14.5500 -3.8230
108.0000 0.0000 2.1590 -4.1950
108.0000 28.0000 -15.2760 10.6380
108.0000 30.0000 -15.4170 9.6290
108.0000 40.0000 -0.0890 7.4870
108.0000 26.0000 13.3460 8.6200
108.0000 44.0000 -17.0990 5.4690
108.0000 24.0000 13.5230 9.6290
108.0000 46.0000 3.8940 -3.5220
108.0000 8.0000 -3.4340 13.4880
108.0000 10.0000 -2.5840 13.4880
108.0000 19.0000 8.2840 11.4880
108.0000 12.0000 -1.6280 13.7710
108.0000 17.0000 -0.0890 -1.8230
108.0000 14.0000 -1.7350 14.7090
108.0000 21.0000 -1.0270 12.7620
108.0000 16.0000 25.2410 -7.0980
108.0000 6.0000 21.8960 44.6940
120.0000 30.0000 -14.8860 9.7710
120.0000 19.0000 8.2840 11.4880
120.0000 32.0000 9.6290 10.9210
120.0000 17.0000 -0.0890 -2.6730
120.0000 34.0000 14.2670 -3.8230
120.0000 16.0000 25.3120 -7.0980
120.0000 44.0000 -16.5320 5.4690
120.0000 14.0000 -1.7350 14.7090
120.0000 6.0000 22.3380 44.5520
120.0000 38.0000 0.8670 6.9030
120.0000 12.0000 -1.6280 13.7710
120.0000 40.0000 -0.1770 6.9030
120.0000 10.0000 -2.5840 13.4880
120.0000 8.0000 -3.4340 13.4880
120.0000 42.0000 1.0440 21.3650
120.0000 36.0000 1.8050 -1.1860
120.0000 21.0000 -0.9560 13.3460
120.0000 0.0000 2.5840 -4.4780
120.0000 26.0000 12.9210 8.6200
120.0000 46.0000 3.8940 -3.5220
120.0000 24.0000 13.0280 9.6290
120.0000 28.0000 -14.7090 10.6380
132.0000 44.0000 -15.8950 5.4690
132.0000 40.0000 -0.3190 6.3370
132.0000 10.0000 -2.5840 13.4880
132.0000 17.0000 -0.0180 -3.5220
132.0000 12.0000 -1.6280 13.7710
132.0000 28.0000 -14.1250 10.6380
132.0000 16.0000 25.3120 -7.0980
132.0000 19.0000 8.2840 11.4880
132.0000 34.0000 13.9830 -3.8230
132.0000 38.0000 0.8670 6.3370
132.0000 46.0000 3.8940 -3.5220
132.0000 32.0000 9.6290 10.9210
132.0000 30.0000 -14.3020 9.7710
132.0000 8.0000 -3.4340 13.4880
132.0000 24.0000 12.5320 9.6290
132.0000 36.0000 1.8050 -1.1860
132.0000 26.0000 12.4260 8.6200
132.0000 42.0000 1.0440 20.9400
132.0000 0.0000 3.0800 -4.6200
132.0000 6.0000 22.7630 44.4110
132.0000 21.0000 -0.8140 13.9300
132.0000 14.0000 -1.7350 14.7090
144.0000 44.0000 -15.3110 5.4690
144.0000 36.0000 1.8050 -1.1860
144.0000 24.0000 12.1070 9.6290
144.0000 6.0000 23.1880 44.2520
144.0000 46.0000 3.8940 -3.5220
144.0000 34.0000 13.6290 -3.9650
144.0000 38.0000 0.7260 5.7700
144.0000 16.0000 25.3120 -7.0980
144.0000 12.0000 -1.6280 13.7710
144.0000 14.0000 -1.7350 14.7090
144.0000 10.0000 -2.5840 13.4880
144.0000 8.0000 -3.4340 13.4880
144.0000 19.0000 8.2840 11.4880
144.0000 28.0000 -13.5590 10.6380
144.0000 30.0000 -13.7710 9.7710
144.0000 0.0000 3.5760 -4.7610
144.0000 42.0000 1.0440 20.3730
144.0000 26.0000 11.9300 8.6200
144.0000 21.0000 -0.8140 14.4970
144.0000 17.0000 0.0530 -4.2660
144.0000 40.0000 -0.3890 5.7700
144.0000 32.0000 9.6290 10.9210
156.0000 14.0000 -1.7350 14.7090
156.0000 42.0000 1.0440 19.9130
156.0000 8.0000 -3.4340 13.4880
156.0000 12.0000 -1.6280 13.7710
156.0000 28.0000 -12.9210 10.6380
156.0000 30.0000 -13.2050 9.9120
156.0000 44.0000 -14.7450 5.4690
156.0000 21.0000 -0.8850 14.7800
156.0000 36.0000 1.8050 -1.1860
156.0000 32.0000 9.6290 10.9210
156.0000 46.0000 3.8940 -3.5220
156.0000 17.0000 0.1950 -4.9740
156.0000 24.0000 11.6120 9.6290
156.0000 10.0000 -2.5840 13.4880
156.0000 6.0000 23.5420 44.1100
156.0000 34.0000 13.3460 -3.9650
156.0000 40.0000 -0.4600 5.1860
156.0000 26.0000 11.5050 8.6200
156.0000 38.0000 0.5490 5.0450
156.0000 16.0000 25.3120 -6.9560
156.0000 0.0000 4.0710 -4.8320
156.0000 19.0000 8.2840 11.4880
168.0000 38.0000 0.3720 4.4780
168.0000 12.0000 -1.6280 13.7710
168.0000 6.0000 23.9670 43.9510
168.0000 24.0000 11.1690 9.6290
168.0000 10.0000 -2.5840 13.4880
168.0000 42.0000 1.0440 19.3470
168.0000 26.0000 10.9920 8.6200
168.0000 40.0000 -0.6020 4.6200
168.0000 8.0000 -3.4340 13.4880
168.0000 34.0000 13.0630 -3.9650
168.0000 19.0000 8.2840 11.4880
168.0000 46.0000 3.8940 -3.5220
168.0000 16.0000 25.3120 -6.9560
168.0000 28.0000 -12.3550 10.6380
168.0000 44.0000 -14.0900 5.4690
168.0000 30.0000 -12.6740 9.9120
168.0000 21.0000 -1.0970 15.3460
168.0000 0.0000 4.5670 -4.9740
168.0000 14.0000 -1.7350 14.7090
168.0000 32.0000 9.6290 10.9210
168.0000 17.0000 0.3360 -5.6820
168.0000 36.0000 1.8050 -1.1860
180.0000 32.0000 9.6290 10.9210
180.0000 8.0000 -3.4340 13.4880
180.0000 17.0000 0.4780 -6.2480
180.0000 10.0000 -2.5840 13.4880
180.0000 6.0000 24.3910 43.8090
180.0000 40.0000 -0.6730 4.0530
180.0000 44.0000 -13.5230 5.4690
180.0000 30.0000 -12.1070 9.9120
180.0000 26.0000 10.4960 8.6200
180.0000 5.0000 -9.1510 49.2430
180.0000 36.0000 1.8050 -1.1860
180.0000 28.0000 -11.7180 10.6380
180.0000 38.0000 0.1950 3.9120
180.0000 16.0000 25.3120 -6.8150
180.0000 46.0000 3.8940 -3.5220
180.0000 21.0000 -1.3100 15.7710
180.0000 34.0000 12.7800 -4.1070
180.0000 0.0000 5.0800 -5.0450
180.0000 19.0000 8.2840 11.4880
180.0000 12.0000 -1.6280 13.7710
180.0000 14.0000 -1.7350 14.7090
180.0000 42.0000 1.0440 18.9220
180.0000 24.0000 10.6730 9.6290
192.0000 6.0000 24.7450 43.8090
192.0000 46.0000 3.8940 -3.5220
192.0000 8.0000 -3.4340 13.4880
192.0000 30.0000 -11.5410 10.0540
192.0000 42.0000 1.0440 18.3560
192.0000 19.0000 8.2840 11.4880
192.0000 32.0000 9.6290 10.9210
192.0000 21.0000 -1.4510 16.3380
192.0000 17.0000 0.6200 -6.9560
192.0000 28.0000 -11.1510 10.7800
192.0000 36.0000 1.8760 -1.1860
192.0000 0.0000 5.5760 -5.1150
192.0000 44.0000 -12.9570 5.4690
192.0000 10.0000 -2.5840 13.4880
192.0000 24.0000 10.1780 9.4880
192.0000 26.0000 10.0720 8.6200
192.0000 16.0000 25.3120 -6.8150
192.0000 40.0000 -0.7430 3.4690
192.0000 38.0000 0.1240 3.3280
192.0000 5.0000 -8.9920 48.3230
192.0000 34.0000 12.4260 -4.1070
192.0000 14.0000 -1.7350 14.7090
192.0000 12.0000 -1.6280 13.7710
204.0000 5.0000 -8.7090 48.1810
204.0000 44.0000 -12.3200 5.4690
204.0000 6.0000 24.9580 43.8090
204.0000 23.0000 2.7970 48.5350
204.0000 46.0000 3.8940 -3.5220
204.0000 32.0000 9.6290 10.9210
204.0000 17.0000 0.6200 -7.7000
204.0000 21.0000 -1.6640 16.9390
204.0000 26.0000 9.5580 8.6200
204.0000 19.0000 8.2840 11.4880
204.0000 28.0000 -10.5850 10.7800
204.0000 30.0000 -11.0450 10.0540
204.0000 16.0000 25.3120 -6.8150
204.0000 14.0000 -1.7350 14.7090
204.0000 34.0000 12.0720 -4.1070
204.0000 10.0000 -2.5840 13.4880
204.0000 12.0000 -1.6280 13.7710
204.0000 24.0000 9.7350 9.4880
204.0000 42.0000 1.0440 17.9310
204.0000 8.0000 -3.4340 13.4880
204.0000 0.0000 6.0010 -5.2570
204.0000 38.0000 0.0890 2.6200
204.0000 40.0000 -0.8850 2.9030
204.0000 36.0000 1.8760 -1.1860
216.0000 23.0000 2.7260 48.1810
216.0000 19.0000 8.2840 11.4880
216.0000 46.0000 3.8940 -3.5220
216.0000 17.0000 0.6200 -8.5490
216.0000 8.0000 -3.4340 13.4880
216.0000 0.0000 6.4430 -5.2570
216.0000 14.0000 -1.7350 14.7090
216.0000 12.0000 -1.6280 13.7710
216.0000 21.0000 -1.8760 17.5060
216.0000 10.0000 -2.5840 13.4880
216.0000 6.0000 25.1700 43.8090
216.0000 5.0000 -8.4250 48.1100
216.0000 16.0000 25.3120 -6.6730
216.0000 42.0000 1.0440 17.3640
216.0000 24.0000 9.2400 9.4880
216.0000 34.0000 11.7180 -4.1070
216.0000 26.0000 9.0630 8.6200
216.0000 40.0000 -0.9560 2.3360
216.0000 28.0000 -9.9300 10.7800
216.0000 44.0000 -11.7530 5.4690
216.0000 38.0000 0.0890 2.0360
216.0000 32.0000 9.6290 10.9210
216.0000 36.0000 1.8760 -1.1860
216.0000 30.0000 -10.6200 10.0540
228.0000 8.0000 -3.4340 13.4880
228.0000 34.0000 11.4350 -4.1950
228.0000 0.0000 6.9390 -5.2570
228.0000 36.0000 1.8760 -1.1860
228.0000 38.0000 0.0180 1.4690
228.0000 5.0000 -8.2130 47.8980
228.0000 40.0000 -1.0270 1.7520
228.0000 23.0000 2.6900 47.8980
228.0000 21.0000 -1.9470 17.9310
228.0000 32.0000 9.6290 10.9210
228.0000 6.0000 25.5600 43.8090
228.0000 42.0000 1.0090 16.9390
228.0000 10.0000 -2.5840 13.4880
228.0000 26.0000 8.6380 8.6200
228.0000 46.0000 3.8940 -3.5220
228.0000 28.0000 -9.4340 10.9210
228.0000 19.0000 8.2840 11.4880
228.0000 17.0000 0.6200 -9.2570
228.0000 24.0000 8.7440 9.4880
228.0000 30.0000 -10.1070 10.0540
228.0000 14.0000 -1.7350 14.7090
228.0000 44.0000 -11.1870 5.4690
228.0000 12.0000 -1.6280 13.7710
228.0000 16.0000 25.3120 -6.6730
240.0000 37.0000 1.8760 -1.1860
240.0000 43.0000 0.9380 16.3380
240.0000 41.0000 -1.0270 1.1860
240.0000 1.0000 7.3630 -5.3990
240.0000 39.0000 -0.0530 0.9030
240.0000 35.0000 11.0630 -4.1950
240.0000 18.0000 0.6900 -9.9650
240.0000 33.0000 9.6290 10.9210
240.0000 31.0000 -9.6110 10.1960
240.0000 29.0000 -8.9920 10.9210
240.0000 27.0000 8.1420 8.6200
240.0000 25.0000 8.3190 9.4880
240.0000 22.0000 -1.9470 18.3560
240.0000 13.0000 -1.6280 13.7710
240.0000 45.0000 -10.6030 5.4690
240.0000 20.0000 8.2840 11.4880
240.0000 9.0000 -3.4340 13.4880
240.0000 11.0000 -2.5840 13.4880
240.0000 15.0000 -1.7350 14.7090
240.0000 6.0000 25.4240 43.8880
240.0000 47.0000 3.8940 -3.5220
240.0000 5.0000 -7.9300 47.7560
240.0000 23.0000 2.6550 47.6150
252.0000 39.0000 -0.1950 0.3360
252.0000 47.0000 3.8940 -3.5220
252.0000 25.0000 7.8240 9.4880
252.0000 27.0000 7.6470 8.6200
252.0000 45.0000 -9.9650 5.4690
252.0000 37.0000 1.8760 -1.1860
252.0000 11.0000 -2.5840 13.4880
252.0000 29.0000 -8.4960 11.0630
252.0000 35.0000 10.7090 -4.1950
252.0000 31.0000 -9.0980 10.1960
252.0000 9.0000 -3.4340 13.4880
252.0000 7.0000 25.2380 43.9740
252.0000 22.0000 -2.0180 18.7800
252.0000 33.0000 9.6290 10.9210
252.0000 1.0000 7.7880 -5.3990
252.0000 41.0000 -1.0270 0.6200
252.0000 13.0000 -1.6280 13.7710
252.0000 23.0000 2.6550 47.3310
252.0000 20.0000 8.2840 11.4880
252.0000 43.0000 0.8670 15.9130
252.0000 5.0000 -7.5760 47.5440
252.0000 18.0000 0.7610 -10.6910
252.0000 15.0000 -1.7350 14.7090
264.0000 20.0000 8.2840 11.4880
264.0000 23.0000 2.6550 46.8890
264.0000 15.0000 -1.7350 14.7090
264.0000 7.0000 25.0510 44.0590
264.0000 29.0000 -8.0710 11.0630
264.0000 11.0000 -2.5840 13.4880
264.0000 27.0000 7.2220 8.6200
264.0000 25.0000 7.3280 9.4880
264.0000 13.0000 -1.6280 13.7710
264.0000 5.0000 -7.2930 47.2610
264.0000 18.0000 0.8320 -11.5590
264.0000 22.0000 -2.0180 19.3470
264.0000 31.0000 -8.6030 10.1960
264.0000 35.0000 10.4260 -4.1950
264.0000 45.0000 -9.3990 5.4690
264.0000 37.0000 1.8760 -1.1860
264.0000 47.0000 3.8940 -3.5220
264.0000 9.0000 -3.4340 13.4880
264.0000 43.0000 0.7970 15.3460
264.0000 39.0000 -0.2830 -0.1060
264.0000 33.0000 9.6290 10.9210
264.0000 41.0000 -1.0270 0.0350
264.0000 1.0000 8.2840 -5.5400
276.0000 22.0000 -2.0890 19.7720
276.0000 39.0000 -0.2830 -0.6730
276.0000 1.0000 8.7090 -5.5400
276.0000 33.0000 9.6290 10.9210
276.0000 41.0000 -1.0270 -0.5310
276.0000 13.0000 -1.6280 13.7710
276.0000 45.0000 -8.8150 5.4690
276.0000 18.0000 0.9030 -12.2670
276.0000 43.0000 0.7260 14.9220
276.0000 15.0000 -1.7350 14.7090
276.0000 20.0000 8.2840 11.4880
276.0000 37.0000 1.8760 -1.1860
276.0000 23.0000 2.6550 46.4640
276.0000 47.0000 3.8940 -3.5220
276.0000 5.0000 -6.9390 47.1010
276.0000 11.0000 -2.5840 13.4880
276.0000 9.0000 -3.4340 13.4880
276.0000 35.0000 9.9830 -4.3370
276.0000 31.0000 -8.1780 10.3370
276.0000 27.0000 6.7260 8.6200
276.0000 7.0000 24.8650 44.1450
276.0000 25.0000 6.9030 9.4880
276.0000 29.0000 -7.6470 11.0630
288.0000 31.0000 -7.8940 10.3370
288.0000 15.0000 -1.7350 14.7090
288.0000 43.0000 0.6550 14.3550
288.0000 47.0000 3.8940 -3.5220
288.0000 33.0000 9.6290 10.9210
288.0000 18.0000 0.9740 -12.9750
288.0000 25.0000 6.4780 9.4880
288.0000 41.0000 -0.9910 -0.9560
288.0000 45.0000 -8.1780 5.4690
288.0000 27.0000 6.2310 8.6200
288.0000 20.0000 8.2840 11.4880
288.0000 7.0000 24.6790 44.2310
288.0000 39.0000 -0.2830 -1.0970
288.0000 35.0000 9.5580 -4.3370
288.0000 22.0000 -2.0890 20.2140
288.0000 29.0000 -7.2930 11.2040
288.0000 37.0000 1.9470 -1.3280
288.0000 5.0000 -6.5850 46.8180
288.0000 9.0000 -3.4340 13.4880
288.0000 1.0000 9.1340 -5.5400
288.0000 11.0000 -2.5840 13.4880
288.0000 23.0000 2.6550 46.0390
288.0000 13.0000 -1.6280 13.7710
300.0000 25.0000 6.1070 9.6290
300.0000 7.0000 24.4920 44.3170
300.0000 27.0000 5.7170 8.7620
300.0000 20.0000 8.2840 11.4880
300.0000 29.0000 -7.0800 11.2040
300.0000 35.0000 9.1340 -4.4780
300.0000 13.0000 -1.6280 13.7710
300.0000 23.0000 2.6550 45.6150
300.0000 47.0000 3.8940 -3.5220
300.0000 31.0000 -7.5400 10.4790
300.0000 9.0000 -3.4340 13.4880
300.0000 33.0000 9.6290 10.9210
300.0000 5.0000 -6.4080 46.6770
300.0000 18.0000 1.1150 -13.6830
300.0000 11.0000 -2.5840 13.4880
300.0000 37.0000 2.0180 -1.3280
300.0000 22.0000 -2.1590 20.6570
300.0000 41.0000 -0.7790 -1.6820
300.0000 45.0000 -7.6110 5.4690
300.0000 43.0000 0.5840 13.9300
300.0000 15.0000 -1.7350 14.7090
300.0000 1.0000 9.5580 -5.6820
300.0000 39.0000 -0.0530 -1.6820
312.0000 29.0000 -6.8680 11.3460
312.0000 15.0000 -1.7350 14.7090
312.0000 20.0000 8.2840 11.4880
312.0000 41.0000 -0.5660 -2.3900
312.0000 45.0000 -7.0450 5.4690
312.0000 11.0000 -2.5840 13.4880
312.0000 25.0000 5.6820 9.7710
312.0000 7.0000 24.3060 44.4020
312.0000 43.0000 0.5130 13.3460
312.0000 5.0000 -6.3370 46.5350
312.0000 27.0000 5.2220 8.9030
312.0000 47.0000 3.8940 -3.5220
312.0000 37.0000 2.0180 -1.3280
312.0000 23.0000 2.6550 45.1900
312.0000 31.0000 -7.2570 10.6380
312.0000 9.0000 -3.4340 13.4880
312.0000 39.0000 0.2300 -2.2480
312.0000 22.0000 -2.1590 21.0810
312.0000 33.0000 9.6290 10.9210
312.0000 35.0000 8.7090 -4.4780
312.0000 1.0000 10.0720 -5.6820
312.0000 18.0000 1.1150 -14.5680
312.0000 13.0000 -1.6280 13.7710
324.0000 22.0000 -2.2300 21.6480
324.0000 1.0000 10.4960 -5.6820
324.0000 5.0000 -6.1600 46.2520
324.0000 43.0000 0.5130 12.7620
324.0000 35.0000 8.2840 -4.6200
324.0000 11.0000 -2.5840 13.4880
324.0000 39.0000 0.5840 -2.6730
324.0000 45.0000 -6.4080 5.4690
324.0000 41.0000 -0.2830 -2.9560
324.0000 33.0000 9.6290 10.9210
324.0000 27.0000 4.6380 9.0450
324.0000 9.0000 -3.4340 13.4880
324.0000 29.0000 -6.6200 11.3460
324.0000 37.0000 2.0890 -1.3280
324.0000 31.0000 -6.9030 10.6380
324.0000 25.0000 5.3280 9.9120
324.0000 23.0000 2.6550 44.6230
324.0000 47.0000 3.8940 -3.5220
324.0000 20.0000 8.2840 11.4880
324.0000 18.0000 1.2040 -15.4170
324.0000 13.0000 -1.6280 13.7710
324.0000 7.0000 24.1200 44.4880
324.0000 15.0000 -1.7350 14.7090
336.0000 25.0000 4.9740 10.0540
336.0000 29.0000 -6.3370 11.4880
336.0000 41.0000 0.1240 -3.2570
336.0000 7.0000 23.9330 44.5740
336.0000 15.0000 -1.7350 14.7090
336.0000 45.0000 -5.8410 5.6110
336.0000 47.0000 3.8940 -3.5220
336.0000 1.0000 10.9210 -5.8240
336.0000 39.0000 1.0090 -2.9560
336.0000 27.0000 4.1420 9.1870
336.0000 20.0000 8.2840 11.4880
336.0000 11.0000 -2.5840 13.4880
336.0000 33.0000 9.6290 10.9210
336.0000 43.0000 0.4430 12.3370
336.0000 22.0000 -2.3010 22.0730
336.0000 13.0000 -1.6280 13.7710
336.0000 18.0000 1.2740 -16.2670
336.0000 35.0000 7.7880 -4.6200
336.0000 9.0000 -3.4340 13.4880
336.0000 23.0000 2.6550 44.1810
336.0000 5.0000 -6.0180 45.9690
336.0000 37.0000 2.0890 -1.3280
336.0000 31.0000 -6.6200 10.7800
348.0000 5.0000 -5.8770 45.6850
348.0000 35.0000 7.2220 -4.6200
348.0000 29.0000 -5.9830 11.4880
348.0000 45.0000 -5.1860 5.6110
348.0000 31.0000 -6.2660 10.7800
348.0000 13.0000 -1.6280 13.7710
348.0000 18.0000 1.3450 -17.1170
348.0000 37.0000 1.9470 -1.3280
348.0000 1.0000 11.4170 -5.8240
348.0000 39.0000 1.4510 -3.2570
348.0000 27.0000 3.7170 9.4880
348.0000 33.0000 9.6290 10.9210
348.0000 7.0000 23.7470 44.6600
348.0000 9.0000 -3.4340 13.4880
348.0000 47.0000 3.8940 -3.5220
348.0000 25.0000 4.5310 10.1960
348.0000 11.0000 -2.5840 13.4880
348.0000 23.0000 2.6550 43.7380
348.0000 20.0000 8.2840 11.4880
348.0000 22.0000 -2.3010 22.4970
348.0000 15.0000 -1.7350 14.7090
348.0000 43.0000 0.3720 11.7710
348.0000 41.0000 0.6200 -3.5400
360.0000 29.0000 -5.5580 11.4880
360.0000 23.0000 2.6550 43.3130
360.0000 37.0000 1.8760 -1.3280
360.0000 39.0000 1.9470 -3.5400
360.0000 7.0000 23.5600 44.7460
360.0000 35.0000 6.7260 -4.6200
360.0000 1.0000 11.8590 -5.8240
360.0000 9.0000 -3.4340 13.4880
360.0000 31.0000 -5.9830 10.9210
360.0000 41.0000 1.1330 -3.9650
360.0000 13.0000 -1.6280 13.7710
360.0000 25.0000 4.1770 10.3550
360.0000 5.0000 -5.8060 45.4020
360.0000 27.0000 3.4340 9.7710
360.0000 33.0000 9.6290 10.9210
360.0000 20.0000 8.2840 11.4880
360.0000 22.0000 -2.3010 22.9220
360.0000 47.0000 3.8940 -3.5220
360.0000 11.0000 -2.5840 13.4880
360.0000 15.0000 -1.7350 14.7090
360.0000 18.0000 1.4160 -17.6300
360.0000 45.0000 -4.6200 5.6110
360.0000 43.0000 0.3010 11.3460
372.0000 43.0000 0.2300 10.7800
372.0000 11.0000 -2.5840 13.4880
372.0000 22.0000 -2.3010 23.5060
372.0000 18.0000 1.4160 -18.2670
372.0000 35.0000 6.1420 -4.6200
372.0000 33.0000 9.6290 10.9210
372.0000 31.0000 -5.7000 11.0630
372.0000 5.0000 -5.8060 45.4020
372.0000 23.0000 2.6550 42.8890
372.0000 9.0000 -3.4340 13.4880
372.0000 13.0000 -1.6280 13.7710
372.0000 1.0000 12.2840 -5.8240
372.0000 27.0000 3.1510 10.1960
372.0000 39.0000 2.3720 -3.8230
372.0000 41.0000 1.6640 -4.3190
372.0000 7.0000 23.3740 44.8310
372.0000 37.0000 1.8050 -1.3280
372.0000 29.0000 -5.1860 11.4880
372.0000 25.0000 3.8230 10.4960
372.0000 15.0000 -1.7350 14.7090
372.0000 45.0000 -3.9830 5.7530
