312.0000 104.0000 -19.4950 19.8520
324.0000 104.0000 -19.3090 19.8520
336.0000 104.0000 -18.8960 19.8520
348.0000 104.0000 -18.2680 19.8520
360.0000 104.0000 -17.6400 19.8520
372.0000 104.0000 -17.0120 19.6230
384.0000 104.0000 -16.3270 19.3950
396.0000 104.0000 -15.6990 19.3950
408.0000 108.0000 -19.4950 19.3380
420.0000 108.0000 -19.1810 19.3380
432.0000 108.0000 -18.7670 19.3380
444.0000 108.0000 -18.2960 19.3380
456.0000 108.0000 -17.7680 19.4520
468.0000 108.0000 -17.0830 19.4520
480.0000 108.0000 -16.3980 19.4520
492.0000 108.0000 -15.7700 19.3380
552.0000 105.0000 -8.0780 19.7950
564.0000 105.0000 -7.4780 19.7950
576.0000 105.0000 -6.9220 19.6800
588.0000 105.0000 -6.3080 19.6800
600.0000 105.0000 -5.7660 19.7380
612.0000 105.0000 -5.2520 19.7380
624.0000 105.0000 -4.6670 19.7380
636.0000 105.0000 -4.1390 19.7380
648.0000 109.0000 -8.2060 19.5660
660.0000 109.0000 -7.5780 19.5660
672.0000 109.0000 -7.0070 19.4520
684.0000 100.0000 16.2980 18.1110
684.0000 109.0000 -6.4220 19.4520
696.0000 109.0000 -5.8940 19.4520
696.0000 100.0000 15.6700 18.1110
708.0000 109.0000 -5.3230 19.3380
708.0000 100.0000 15.0850 18.1110
720.0000 109.0000 -4.7950 19.3380
720.0000 100.0000 14.5140 18.1110
732.0000 109.0000 -4.2240 19.3380
732.0000 100.0000 13.9430 18.1110
744.0000 100.0000 13.3580 18.1110
756.0000 100.0000 12.7300 18.0540
768.0000 100.0000 12.1590 18.0540
792.0000 106.0000 3.5680 19.6230
804.0000 106.0000 4.0820 19.6230
816.0000 106.0000 4.6100 19.6230
828.0000 106.0000 5.1950 19.6230
840.0000 106.0000 5.7090 19.5090
852.0000 106.0000 6.2790 19.5090
864.0000 106.0000 6.8220 19.3950
876.0000 106.0000 7.3930 19.3950
924.0000 101.0000 4.4960 17.8250
936.0000 101.0000 3.9250 17.8250
948.0000 101.0000 3.3540 17.7680
960.0000 101.0000 2.7830 17.7680
972.0000 101.0000 2.1980 17.7680
984.0000 101.0000 1.5700 17.7680
996.0000 101.0000 0.9850 17.7680
1008.0000 101.0000 0.4140 17.7680
1140.0000 67.0000 -18.4390 14.8850
1152.0000 67.0000 -17.8110 14.8850
1164.0000 67.0000 -17.1830 14.8850
1164.0000 102.0000 -7.7210 18.1110
1176.0000 67.0000 -16.5550 14.7710
1176.0000 102.0000 -8.3630 18.1680
1188.0000 67.0000 -15.9270 14.7710
1188.0000 102.0000 -8.9910 18.1680
1200.0000 67.0000 -15.2990 14.7710
1200.0000 102.0000 -9.6190 18.2250
1212.0000 67.0000 -14.6710 14.6430
1212.0000 102.0000 -10.2470 18.2250
1224.0000 102.0000 -10.8890 18.2820
1224.0000 67.0000 -14.0430 14.6430
1236.0000 102.0000 -11.5170 18.2820
1248.0000 102.0000 -12.1450 18.2820
1380.0000 68.0000 -6.2510 14.4140
1392.0000 68.0000 -5.6520 14.4140
1404.0000 68.0000 -5.0810 14.5280
1416.0000 68.0000 -4.7670 14.5280
1428.0000 68.0000 -4.3960 14.6430
1440.0000 68.0000 -4.0390 14.6430
1452.0000 68.0000 -3.6820 14.7710
1464.0000 68.0000 -3.3110 14.7710
1500.0000 70.0000 6.4940 6.2080
1512.0000 70.0000 5.7660 6.2080
1524.0000 70.0000 5.0240 6.2080
1536.0000 58.0000 16.9830 28.7570
1536.0000 70.0000 4.3530 6.3220
1548.0000 70.0000 3.6110 6.3220
1548.0000 58.0000 16.9550 28.1860
1560.0000 70.0000 2.9400 6.3220
1560.0000 58.0000 16.9260 27.6010
1572.0000 70.0000 2.1980 6.4360
1572.0000 58.0000 16.8980 27.0160
1584.0000 70.0000 1.5130 6.4360
1584.0000 58.0000 16.8830 26.4450
1596.0000 58.0000 16.8830 25.8740
1608.0000 58.0000 16.8550 25.2180
1620.0000 58.0000 16.6830 24.6470
1620.0000 69.0000 2.9680 16.8550
1632.0000 69.0000 3.5960 16.9690
1644.0000 69.0000 4.2240 17.0830
1656.0000 69.0000 4.8520 17.1970
1668.0000 69.0000 5.4800 17.3110
1680.0000 69.0000 6.1080 17.4260
1692.0000 69.0000 6.7360 17.5400
1704.0000 69.0000 7.3640 17.5400
1740.0000 71.0000 -7.7070 6.4360
1752.0000 71.0000 -8.4340 6.4360
1764.0000 71.0000 -9.1200 6.4360
1776.0000 71.0000 -9.8470 6.4360
1776.0000 59.0000 12.4880 19.0950
1788.0000 71.0000 -10.5900 6.5510
1788.0000 59.0000 12.0310 18.8670
1800.0000 59.0000 11.5460 18.6390
1800.0000 71.0000 -11.2750 6.5510
1812.0000 71.0000 -12.0020 6.5510
1812.0000 59.0000 11.0890 18.2820
1824.0000 71.0000 -12.7300 6.5510
1824.0000 59.0000 10.6610 17.9390
1836.0000 59.0000 10.1900 17.5970
1848.0000 59.0000 9.7760 17.1400
1860.0000 59.0000 9.3480 16.7830
2016.0000 60.0000 4.7240 10.5470
2028.0000 60.0000 4.2960 10.0760
2040.0000 60.0000 3.8820 9.6050
2052.0000 60.0000 3.4820 9.1480
2064.0000 60.0000 3.0260 8.6910
2076.0000 60.0000 2.6550 8.2350
2088.0000 60.0000 2.2260 7.7640
2100.0000 60.0000 1.8270 7.3640
2256.0000 61.0000 -4.7670 3.5390
2268.0000 61.0000 -5.1950 3.0830
2280.0000 61.0000 -5.6090 2.7260
2292.0000 61.0000 -6.0370 2.2690
2304.0000 61.0000 -6.4940 1.9270
2316.0000 61.0000 -7.0220 1.5700
2328.0000 61.0000 -7.3930 1.2270
2340.0000 61.0000 -7.7070 0.8850
3012.0000 21.0000 16.8120 19.7950
3024.0000 21.0000 16.1550 19.4520
3036.0000 21.0000 15.5270 19.3380
3048.0000 21.0000 14.9000 19.3380
3060.0000 141.0000 -19.5380 17.1970
3060.0000 21.0000 14.5000 19.3380
3072.0000 21.0000 14.0150 19.3380
3072.0000 141.0000 -19.3950 16.3120
3084.0000 21.0000 13.3870 19.1100
3084.0000 141.0000 -19.0240 16.0840
3096.0000 21.0000 12.7590 18.8670
3096.0000 141.0000 -18.6530 15.8560
3108.0000 141.0000 -18.2820 15.6270
3108.0000 137.0000 16.8690 18.9100
3120.0000 141.0000 -17.9250 15.3990
3120.0000 137.0000 16.2700 18.4530
3132.0000 141.0000 -17.3970 15.2850
3132.0000 137.0000 15.7990 18.4530
3144.0000 137.0000 15.2710 18.3390
3144.0000 141.0000 -16.9400 15.1710
3156.0000 137.0000 14.7570 18.3390
3168.0000 137.0000 14.2140 18.2250
3180.0000 137.0000 13.7580 18.2250
3192.0000 137.0000 13.2300 18.2250
3252.0000 22.0000 4.3670 18.9950
3264.0000 22.0000 3.6820 18.9950
3276.0000 22.0000 3.0540 18.9950
3288.0000 22.0000 2.4260 18.9950
3300.0000 22.0000 1.7410 18.9950
3300.0000 142.0000 -12.4880 10.6610
3312.0000 142.0000 -12.0590 10.4330
3312.0000 22.0000 1.1130 18.9950
3324.0000 142.0000 -11.5740 10.2040
3324.0000 22.0000 0.4850 18.9950
3336.0000 142.0000 -11.1750 9.9620
3336.0000 22.0000 -0.1430 18.9950
3348.0000 142.0000 -10.6890 9.7190
3348.0000 138.0000 6.4790 19.0530
3360.0000 142.0000 -10.2330 9.4910
3360.0000 138.0000 5.9940 19.1670
3372.0000 138.0000 5.5370 19.1670
3372.0000 142.0000 -9.8620 9.2620
3384.0000 142.0000 -9.5480 9.0340
3384.0000 138.0000 4.9950 19.2810
3396.0000 138.0000 4.4810 19.2810
3408.0000 138.0000 3.9530 19.2810
3420.0000 138.0000 3.4820 19.2810
3432.0000 138.0000 3.0540 19.2810
3504.0000 136.0000 -6.6080 16.9550
3516.0000 136.0000 -7.2640 17.5400
3528.0000 136.0000 -7.9490 17.4260
3540.0000 143.0000 -4.5810 5.9800
3540.0000 136.0000 -8.6340 17.3110
3552.0000 136.0000 -9.2620 17.1830
3552.0000 143.0000 -4.1530 5.7370
3564.0000 143.0000 -3.7250 5.7370
3564.0000 136.0000 -9.8900 17.1830
3576.0000 136.0000 -10.4900 17.1830
3576.0000 143.0000 -3.2970 5.7370
3588.0000 136.0000 -11.0600 17.1830
3588.0000 143.0000 -2.9110 5.7370
3588.0000 139.0000 -3.6390 19.0380
3600.0000 143.0000 -2.4400 5.6230
3600.0000 139.0000 -4.2240 19.0380
3612.0000 143.0000 -1.9690 5.6230
3612.0000 139.0000 -4.7950 19.0380
3624.0000 143.0000 -1.4410 5.6230
3624.0000 139.0000 -5.3230 19.0380
3636.0000 139.0000 -5.8940 18.9240
3648.0000 139.0000 -6.3220 18.8100
3660.0000 139.0000 -6.7930 18.8100
3672.0000 139.0000 -7.2070 18.6960
3780.0000 147.0000 4.5670 5.3950
3792.0000 147.0000 5.1380 5.2800
3804.0000 147.0000 5.7510 5.2800
3816.0000 147.0000 6.1230 5.2800
3828.0000 147.0000 6.4940 5.2800
3840.0000 147.0000 6.8650 5.2800
3852.0000 147.0000 7.2360 5.2800
3864.0000 147.0000 7.6500 5.1520
3996.0000 149.0000 7.3210 33.6100
4008.0000 149.0000 7.1070 33.6100
4020.0000 149.0000 7.1070 33.6100
4032.0000 149.0000 7.1070 33.6100
4044.0000 149.0000 7.1070 33.7240
4056.0000 149.0000 7.0500 33.7240
4068.0000 149.0000 7.0500 33.8380
4080.0000 149.0000 7.0500 33.8380
4236.0000 150.0000 6.8790 34.4230
4248.0000 150.0000 6.8790 34.4230
4260.0000 150.0000 6.8790 34.5370
4272.0000 150.0000 6.8360 34.5370
4284.0000 150.0000 6.8360 34.5370
4296.0000 150.0000 6.8360 34.6510
4308.0000 150.0000 6.8360 34.6510
4320.0000 150.0000 6.7930 34.6510
5400.0000 148.0000 16.6550 17.5970
5412.0000 148.0000 16.5120 17.4830
5424.0000 148.0000 16.3410 17.4830
5436.0000 148.0000 16.2410 17.3690
5448.0000 148.0000 16.0840 17.3690
5460.0000 148.0000 15.9840 17.2540
5472.0000 148.0000 15.8270 17.2540
5484.0000 148.0000 15.7130 17.1400
5484.0000 78.0000 16.5410 18.9240
5484.0000 151.0000 16.2130 19.9660
5496.0000 151.0000 15.6700 19.9660
5496.0000 78.0000 15.9130 19.1520
5508.0000 78.0000 14.9850 18.9810
5508.0000 151.0000 14.9000 20.0230
5520.0000 78.0000 14.2290 18.8670
5520.0000 151.0000 14.0150 20.2510
5532.0000 151.0000 13.1580 20.4230
5532.0000 78.0000 13.7720 18.9240
5544.0000 78.0000 13.2870 18.9240
5544.0000 151.0000 12.6730 20.6510
5556.0000 78.0000 12.7020 18.9240
5556.0000 151.0000 12.2160 20.6510
5556.0000 5.0000 15.6420 18.0540
5568.0000 151.0000 11.6460 20.4230
5568.0000 5.0000 15.3850 18.2250
5568.0000 78.0000 12.1880 18.8100
5580.0000 5.0000 15.0990 18.3960
5580.0000 131.0000 16.1700 17.8250
5592.0000 131.0000 15.7420 17.4830
5592.0000 5.0000 14.8280 18.5670
5604.0000 131.0000 15.4280 17.3690
5604.0000 5.0000 14.5570 18.6960
5616.0000 5.0000 14.3000 18.9240
5616.0000 131.0000 15.0570 17.3690
5628.0000 5.0000 14.0150 19.0380
5628.0000 131.0000 14.8000 17.2540
5640.0000 131.0000 14.5710 17.2540
5640.0000 154.0000 13.3440 16.6120
5640.0000 5.0000 13.7010 19.1670
5652.0000 131.0000 14.3000 17.2540
5652.0000 154.0000 13.1440 16.5550
5664.0000 131.0000 14.0720 17.2540
5664.0000 154.0000 12.9730 16.5550
5676.0000 154.0000 12.7590 16.4980
5688.0000 154.0000 12.5730 16.4980
5700.0000 154.0000 12.3880 16.4410
5712.0000 154.0000 12.1590 16.4410
5724.0000 154.0000 11.8450 16.4410
5724.0000 79.0000 4.0390 18.8100
5724.0000 152.0000 3.9670 20.4230
5736.0000 79.0000 3.5680 18.8100
5736.0000 152.0000 3.4540 20.5370
5736.0000 90.0000 -20.1940 13.3580
5748.0000 79.0000 3.0400 18.8100
5748.0000 152.0000 2.9970 20.4230
5748.0000 90.0000 -17.4110 12.5590
5760.0000 79.0000 2.5120 18.8100
5760.0000 90.0000 -14.5000 12.3310
5760.0000 152.0000 2.3980 20.4230
5772.0000 79.0000 2.0410 18.8100
5772.0000 90.0000 -11.6600 12.5020
5772.0000 152.0000 1.8840 20.3080
5784.0000 90.0000 -8.8340 12.6730
5784.0000 152.0000 1.2560 20.3080
5784.0000 79.0000 1.5700 18.8100
5796.0000 152.0000 0.6280 20.4230
5796.0000 79.0000 0.9990 18.7530
5796.0000 90.0000 -6.0080 12.9020
5796.0000 6.0000 10.0330 19.6230
5808.0000 79.0000 0.4140 18.6240
5808.0000 90.0000 -3.1680 13.1440
5808.0000 6.0000 9.7620 19.6230
5808.0000 152.0000 0.0570 20.4230
5820.0000 90.0000 -0.2850 13.3720
5820.0000 6.0000 9.5050 19.7380
5820.0000 132.0000 10.3470 18.2820
5832.0000 132.0000 10.0330 18.2820
5832.0000 6.0000 9.2480 19.7380
5844.0000 6.0000 8.9910 19.7380
5844.0000 132.0000 9.7470 18.2820
5856.0000 6.0000 8.7340 19.8520
5856.0000 132.0000 9.4760 18.2820
5868.0000 6.0000 8.4490 19.8520
5868.0000 132.0000 9.1910 18.2820
5880.0000 6.0000 8.1920 19.9660
5880.0000 132.0000 8.9340 18.2820
5880.0000 155.0000 7.7490 17.0260
5892.0000 132.0000 8.6490 18.2820
5892.0000 155.0000 7.4350 17.0260
5904.0000 155.0000 7.1220 17.0260
5904.0000 132.0000 8.3920 18.3960
5916.0000 155.0000 6.8080 17.0260
5928.0000 155.0000 6.4940 17.0260
5940.0000 155.0000 6.1800 17.0260
5952.0000 155.0000 5.8660 17.0260
5964.0000 155.0000 5.5520 17.0260
5964.0000 80.0000 -7.7920 18.6810
5964.0000 153.0000 -7.9060 20.4230
5976.0000 153.0000 -8.5060 20.4230
5976.0000 80.0000 -8.3060 18.8100
5988.0000 80.0000 -8.7340 18.9240
5988.0000 153.0000 -9.0770 20.5370
6000.0000 125.0000 6.7790 17.8820
6000.0000 153.0000 -9.6480 20.6510
6000.0000 80.0000 -9.1910 18.6810
6012.0000 80.0000 -9.7760 18.6240
6012.0000 153.0000 -10.1610 20.4800
6012.0000 125.0000 6.5220 17.7680
6024.0000 80.0000 -10.3330 18.6240
6024.0000 153.0000 -10.6470 20.3660
6024.0000 125.0000 6.2650 17.7680
6036.0000 80.0000 -10.8750 18.5670
6036.0000 153.0000 -11.1460 20.2510
6036.0000 125.0000 6.0230 17.7680
6036.0000 7.0000 5.4230 19.6230
6048.0000 153.0000 -11.6030 20.1370
6048.0000 80.0000 -11.4170 18.5670
6048.0000 125.0000 5.7940 17.7680
6048.0000 7.0000 5.2660 19.5660
6060.0000 7.0000 5.1380 19.4520
6060.0000 125.0000 5.5520 17.7110
6060.0000 133.0000 5.3090 18.1680
6072.0000 125.0000 5.2950 17.7110
6072.0000 7.0000 5.0090 19.3950
6072.0000 133.0000 5.0520 18.1110
6084.0000 7.0000 4.8380 19.3380
6084.0000 133.0000 4.8240 18.1110
6084.0000 125.0000 5.0810 17.7110
6096.0000 7.0000 4.7240 19.2810
6096.0000 133.0000 4.5240 18.0540
6108.0000 133.0000 4.3240 18.0540
6108.0000 7.0000 4.5810 19.2240
6120.0000 7.0000 4.5240 19.1100
6120.0000 133.0000 4.1100 18.0540
6120.0000 156.0000 2.3690 17.3690
6132.0000 133.0000 3.8390 18.0540
6132.0000 156.0000 2.1120 17.3690
6144.0000 133.0000 3.6390 18.1680
6144.0000 156.0000 1.8550 17.3690
6156.0000 156.0000 1.5980 17.3690
6168.0000 156.0000 1.3420 17.3690
6180.0000 156.0000 1.2270 17.2540
6192.0000 156.0000 1.1130 17.2540
6204.0000 156.0000 1.0280 17.2540
6240.0000 126.0000 1.7840 17.7110
6252.0000 126.0000 1.5130 17.8250
6264.0000 126.0000 1.4130 17.8250
6276.0000 126.0000 1.3130 17.8250
6276.0000 8.0000 4.0960 18.6240
6288.0000 126.0000 1.1990 17.8250
6288.0000 8.0000 4.0960 18.6240
6300.0000 126.0000 1.0990 17.8250
6300.0000 8.0000 4.0960 18.6240
6300.0000 134.0000 1.2270 18.5250
6312.0000 126.0000 0.9990 17.8250
6312.0000 8.0000 4.0960 18.6240
6312.0000 134.0000 1.0700 18.5250
6324.0000 126.0000 0.8850 17.8250
6324.0000 8.0000 4.0960 18.6240
6324.0000 134.0000 0.9700 18.5250
6336.0000 134.0000 0.8130 18.5250
6336.0000 8.0000 4.0960 18.6240
6348.0000 8.0000 4.0960 18.6240
6348.0000 134.0000 0.6990 18.5250
6360.0000 8.0000 4.0960 18.6240
6360.0000 134.0000 0.5990 18.5250
6360.0000 157.0000 -0.7140 17.4830
6372.0000 134.0000 0.4420 18.5250
6372.0000 157.0000 -0.8560 17.5400
6384.0000 134.0000 0.3280 18.5250
6384.0000 157.0000 -1.0560 17.5400
6396.0000 157.0000 -1.1990 17.5400
6408.0000 157.0000 -1.3700 17.6540
6420.0000 157.0000 -1.5130 17.6540
6420.0000 128.0000 16.8400 19.5660
6432.0000 157.0000 -1.6840 17.6540
6432.0000 128.0000 16.2410 19.5660
6444.0000 157.0000 -1.8840 17.6540
6444.0000 128.0000 15.7700 19.6800
6456.0000 128.0000 15.2990 19.6800
6468.0000 128.0000 14.7280 19.6800
6480.0000 128.0000 14.0430 19.5660
6480.0000 127.0000 -1.8410 17.9390
6492.0000 127.0000 -2.1550 17.9390
6492.0000 128.0000 13.4150 19.5660
6504.0000 127.0000 -2.4980 18.0540
6504.0000 128.0000 12.5730 19.5090
6516.0000 127.0000 -2.8110 18.0540
6516.0000 9.0000 3.8960 18.6240
6528.0000 127.0000 -3.1540 18.0540
6528.0000 9.0000 3.7960 18.6240
6540.0000 127.0000 -3.4680 18.0540
6540.0000 9.0000 3.6960 18.6240
6540.0000 135.0000 -3.2250 18.7530
6552.0000 127.0000 -3.8110 18.0540
6552.0000 135.0000 -3.5110 18.7530
6552.0000 9.0000 3.5540 18.6240
6564.0000 135.0000 -3.7960 18.7530
6564.0000 9.0000 3.4540 18.6240
6564.0000 127.0000 -4.0960 18.0540
6576.0000 9.0000 3.3540 18.6960
6576.0000 135.0000 -4.1100 18.7530
6588.0000 135.0000 -4.3810 18.8670
6588.0000 9.0000 3.2400 18.6960
6600.0000 9.0000 3.1110 18.7530
6600.0000 158.0000 -6.5790 17.4260
6600.0000 135.0000 -4.6670 18.8670
6612.0000 135.0000 -4.9810 18.8670
6612.0000 158.0000 -6.9650 17.4260
6624.0000 158.0000 -7.3640 17.4260
6624.0000 135.0000 -5.2800 18.8670
6636.0000 158.0000 -7.7640 17.4260
6648.0000 158.0000 -8.1780 17.4260
6660.0000 158.0000 -8.5490 17.4260
6660.0000 129.0000 2.4120 19.6800
6672.0000 158.0000 -8.9480 17.4260
6672.0000 129.0000 1.2990 19.7950
6684.0000 158.0000 -10.2760 17.6540
6684.0000 129.0000 0.1570 20.0230
6696.0000 129.0000 -1.0420 20.2510
6708.0000 129.0000 -1.5270 20.2510
6720.0000 129.0000 -1.8980 20.1370
6720.0000 130.0000 -10.2330 18.1110
6732.0000 130.0000 -10.1760 17.9960
6732.0000 129.0000 -2.3120 20.1370
6744.0000 129.0000 -2.7260 20.0230
6744.0000 130.0000 -10.1760 17.8820
6756.0000 10.0000 3.6250 18.9240
6756.0000 130.0000 -10.1190 17.7680
6768.0000 130.0000 -10.1190 17.6540
6768.0000 10.0000 3.8820 18.9240
6780.0000 130.0000 -10.0610 17.6540
6780.0000 10.0000 4.1390 18.9240
6780.0000 140.0000 -9.7620 18.9810
6792.0000 130.0000 -10.0610 17.5400
6792.0000 140.0000 -9.7050 18.9810
6792.0000 10.0000 3.9670 18.9240
6804.0000 130.0000 -10.3180 17.5400
6804.0000 10.0000 3.7110 18.9240
6804.0000 140.0000 -9.9620 18.8670
6816.0000 140.0000 -10.3330 18.8670
6816.0000 10.0000 3.3970 18.9240
6828.0000 10.0000 3.1400 18.9240
6828.0000 140.0000 -10.6470 18.8670
6840.0000 10.0000 2.8260 18.8100
6840.0000 140.0000 -11.0180 18.7530
6840.0000 159.0000 -12.9020 17.0830
6852.0000 140.0000 -11.3740 18.7530
6852.0000 159.0000 -13.2150 17.0830
6864.0000 140.0000 -11.7310 18.6390
6864.0000 159.0000 -13.5720 17.0830
6876.0000 159.0000 -13.9010 17.0830
6888.0000 159.0000 -14.2570 17.0830
6900.0000 159.0000 -14.6280 17.0830
6912.0000 159.0000 -14.9420 17.0830
6924.0000 159.0000 -15.2990 17.0830
6996.0000 11.0000 -0.9420 18.5670
7008.0000 11.0000 -1.2270 18.5100
7020.0000 11.0000 -1.5410 18.5100
7032.0000 11.0000 -1.8550 18.5100
7044.0000 11.0000 -2.1410 18.5670
7056.0000 11.0000 -2.4690 18.5670
7068.0000 11.0000 -2.8110 18.6240
7080.0000 11.0000 -3.1250 18.6240
7140.0000 23.0000 15.7130 21.3500
7152.0000 23.0000 15.1990 21.0080
7164.0000 23.0000 14.6710 20.7790
7176.0000 23.0000 14.1430 20.4370
7188.0000 23.0000 13.6720 20.1940
7200.0000 23.0000 13.1440 19.9660
7212.0000 23.0000 12.6300 19.6230
7224.0000 23.0000 12.1590 19.3810
7236.0000 12.0000 -7.1500 18.9240
7248.0000 12.0000 -7.4780 18.9240
7260.0000 12.0000 -7.7920 18.9240
7272.0000 12.0000 -8.1060 18.9810
7284.0000 12.0000 -8.4200 18.9810
7296.0000 12.0000 -8.7060 19.0380
7308.0000 12.0000 -9.0480 19.0380
7320.0000 12.0000 -9.3620 19.0380
7380.0000 24.0000 4.0820 18.6960
7392.0000 24.0000 3.4540 18.6960
7404.0000 24.0000 2.7830 18.6960
7416.0000 24.0000 2.1410 18.6960
7428.0000 24.0000 1.5130 18.6960
7440.0000 24.0000 0.8850 18.6960
7452.0000 24.0000 0.2140 18.6960
7464.0000 24.0000 -0.4140 18.6960
7476.0000 13.0000 -13.4010 19.3240
7488.0000 13.0000 -13.7150 19.3240
7500.0000 13.0000 -13.7440 19.3810
7512.0000 13.0000 -14.2570 19.1520
7524.0000 13.0000 -14.7280 18.9240
7536.0000 13.0000 -15.2560 18.7390
7548.0000 13.0000 -15.6560 18.6240
7560.0000 13.0000 -16.0130 18.6240
7620.0000 38.0000 2.7400 38.5760
7632.0000 38.0000 3.0540 38.1190
7644.0000 38.0000 3.4250 37.8910
7656.0000 38.0000 3.7680 37.6630
7668.0000 38.0000 4.1100 37.3770
7680.0000 38.0000 4.4810 37.0920
7692.0000 38.0000 4.8520 36.8630
7704.0000 38.0000 5.2090 36.5490
7716.0000 14.0000 -19.7520 19.1100
7728.0000 14.0000 -19.8090 19.1100
7740.0000 14.0000 -19.8370 19.1090
7752.0000 14.0000 -19.8270 19.1040
7764.0000 14.0000 -19.8180 19.0990
7776.0000 14.0000 -19.8090 19.0940
7788.0000 14.0000 -19.8000 19.0890
7800.0000 14.0000 -19.7910 19.0830
7860.0000 39.0000 9.9620 34.9510
7872.0000 39.0000 10.3180 34.9510
7884.0000 39.0000 10.7460 34.9510
7896.0000 39.0000 11.1600 34.9510
7908.0000 39.0000 11.5740 34.9510
7920.0000 39.0000 12.0020 34.9510
7932.0000 39.0000 12.4160 34.8370
7944.0000 39.0000 12.7870 34.8370
7956.0000 15.0000 -19.6720 19.0160
7968.0000 15.0000 -19.6630 19.0110
7980.0000 15.0000 -19.6540 19.0050
7992.0000 15.0000 -19.6450 19.0000
8004.0000 15.0000 -19.6360 18.9950
8004.0000 37.0000 11.0030 35.7500
8016.0000 15.0000 -19.6270 18.9900
8016.0000 37.0000 11.3170 35.7500
8028.0000 15.0000 -19.6170 18.9850
8028.0000 37.0000 11.6310 35.7500
8040.0000 37.0000 11.9450 35.6360
8040.0000 15.0000 -19.6080 18.9800
8052.0000 37.0000 12.2020 35.5220
8052.0000 81.0000 16.5550 6.3790
8064.0000 37.0000 12.6730 35.5220
8064.0000 81.0000 15.9840 6.3790
8076.0000 37.0000 13.1580 35.5220
8076.0000 81.0000 15.4130 6.3790
8088.0000 37.0000 13.3150 35.5220
8088.0000 81.0000 14.8280 6.3790
8100.0000 81.0000 14.2430 6.3790
8112.0000 81.0000 13.6720 6.3790
8124.0000 81.0000 13.1010 6.3790
8136.0000 81.0000 12.5300 6.3790
8196.0000 16.0000 -19.4890 18.9120
8208.0000 16.0000 -19.4800 18.9070
8220.0000 16.0000 -19.4710 18.9020
8232.0000 16.0000 -19.4620 18.8970
8244.0000 16.0000 -19.4530 18.8920
8256.0000 16.0000 -19.4440 18.8860
8268.0000 16.0000 -19.4340 18.8810
8280.0000 16.0000 -19.4250 18.8760
8292.0000 82.0000 4.7670 6.2650
8304.0000 82.0000 4.1390 6.2650
8316.0000 82.0000 3.5110 6.2650
8328.0000 82.0000 2.8830 6.2650
8340.0000 82.0000 2.3120 6.2650
8352.0000 82.0000 1.7270 6.2650
8364.0000 82.0000 1.1420 6.2650
8376.0000 82.0000 0.6280 6.3790
8436.0000 17.0000 -12.0740 19.2240
8448.0000 17.0000 -11.4460 19.2240
8460.0000 17.0000 -10.8180 19.2240
8472.0000 17.0000 -10.1900 19.2240
8484.0000 17.0000 -9.5620 19.2240
8496.0000 17.0000 -8.9340 19.2240
8508.0000 17.0000 -8.3630 19.0530
8520.0000 17.0000 -7.7490 18.8670
8532.0000 83.0000 -7.1790 6.5510
8544.0000 83.0000 -7.8070 6.3220
8556.0000 83.0000 -8.3770 5.9800
8568.0000 83.0000 -9.0050 5.9230
8580.0000 83.0000 -9.6620 5.9800
8592.0000 83.0000 -10.3040 6.0370
8604.0000 83.0000 -10.9610 6.0940
8616.0000 83.0000 -11.5890 6.0370
8676.0000 18.0000 0.2710 18.3390
8688.0000 18.0000 0.8420 18.3390
8700.0000 18.0000 1.4700 18.2250
8712.0000 18.0000 2.0980 18.2250
8724.0000 18.0000 2.6690 18.2250
8736.0000 18.0000 3.2970 18.3390
8748.0000 18.0000 3.8680 18.4530
8760.0000 18.0000 4.4530 18.5670
8820.0000 2.0000 16.1130 23.7190
8832.0000 2.0000 16.0410 22.9060
8844.0000 2.0000 15.9560 22.1070
8856.0000 2.0000 15.8990 21.3650
8868.0000 2.0000 15.8270 20.5370
8880.0000 2.0000 15.7700 19.8520
8892.0000 2.0000 15.4560 19.1670
8904.0000 2.0000 15.1420 18.4530
9060.0000 3.0000 11.0600 10.9460
9072.0000 3.0000 10.4330 10.3750
9084.0000 3.0000 9.8620 9.9040
9096.0000 3.0000 9.2480 9.3190
9108.0000 3.0000 8.6630 8.7480
9108.0000 19.0000 14.9710 7.3500
9120.0000 3.0000 8.0350 8.1780
9120.0000 19.0000 14.1720 7.1220
9132.0000 3.0000 10.1470 10.1330
9132.0000 19.0000 13.4300 7.0070
9144.0000 19.0000 12.8020 6.8930
9144.0000 3.0000 7.0220 7.4070
9156.0000 19.0000 12.1740 6.6650
9168.0000 19.0000 11.6030 6.5510
9180.0000 19.0000 11.0890 6.4360
9192.0000 19.0000 10.5470 6.3220
9300.0000 4.0000 0.8420 -1.7270
9312.0000 4.0000 0.8420 -1.7270
9324.0000 4.0000 0.8420 -1.7270
9336.0000 4.0000 0.8420 -1.7270
9348.0000 4.0000 0.8420 -1.7270
9360.0000 4.0000 0.8420 -1.7270
9372.0000 4.0000 0.8420 -1.7270
9384.0000 4.0000 0.8420 -1.7270
9456.0000 27.0000 -18.8670 18.0540
9456.0000 111.0000 -18.3530 17.1970
9468.0000 27.0000 -18.2390 18.1110
9468.0000 111.0000 -17.7540 17.1970
9480.0000 27.0000 -17.6110 18.2250
9480.0000 111.0000 -17.1830 17.1970
9492.0000 27.0000 -17.0830 18.1680
9492.0000 111.0000 -16.6120 17.0830
9504.0000 27.0000 -16.5690 18.0540
9504.0000 111.0000 -16.1410 16.8400
9516.0000 111.0000 -15.7270 16.8400
9516.0000 27.0000 -16.0410 17.9390
9528.0000 27.0000 -15.5130 17.7680
9528.0000 111.0000 -15.3420 16.7260
9540.0000 27.0000 -14.9570 17.7110
9540.0000 111.0000 -14.8000 16.8400
9696.0000 28.0000 -7.5920 17.9960
9696.0000 112.0000 -7.4070 16.9690
9708.0000 28.0000 -7.1360 17.9960
9708.0000 112.0000 -6.9500 16.8400
9720.0000 112.0000 -6.5220 16.8400
9720.0000 28.0000 -6.7080 17.9960
9732.0000 28.0000 -6.2510 18.1110
9732.0000 112.0000 -6.1080 16.8400
9744.0000 28.0000 -5.7090 18.1110
9744.0000 112.0000 -5.7510 16.9690
9756.0000 28.0000 -5.1950 18.1110
9756.0000 112.0000 -5.3800 16.9690
9768.0000 28.0000 -4.7100 18.1110
9768.0000 112.0000 -4.8950 17.0830
9780.0000 112.0000 -4.3240 17.0830
9780.0000 28.0000 -4.1960 18.1110
9936.0000 29.0000 3.0830 18.1110
9936.0000 113.0000 3.3540 17.1970
9948.0000 29.0000 3.3970 18.1110
9948.0000 113.0000 3.6680 17.1970
9960.0000 29.0000 3.6540 18.1110
9960.0000 113.0000 3.9250 17.1970
9972.0000 29.0000 4.1390 18.1110
9972.0000 113.0000 4.3530 16.9690
9984.0000 29.0000 4.7100 18.1110
9984.0000 113.0000 4.8100 16.8400
9996.0000 113.0000 5.1810 16.7260
9996.0000 29.0000 5.3380 18.1110
10008.0000 29.0000 5.8370 17.9390
10008.0000 113.0000 5.5800 16.7260
10020.0000 29.0000 6.2940 17.8820
10020.0000 113.0000 6.1940 16.8400
10308.0000 144.0000 -20.1800 19.2520
10320.0000 144.0000 -19.8370 18.3390
10332.0000 144.0000 -19.5660 18.3960
10344.0000 144.0000 -19.2950 18.5100
10356.0000 144.0000 -18.8380 18.7390
10368.0000 144.0000 -18.3250 18.7390
10380.0000 144.0000 -17.7400 18.7390
10392.0000 144.0000 -17.1690 18.7390
10452.0000 75.0000 -20.0940 18.0540
