72.0000 1.0000 -13.9720 22.1160
72.0000 34.0000 7.5940 17.6420
72.0000 48.0000 9.3370 20.3270
72.0000 58.0000 -31.7520 -20.2810
72.0000 30.0000 7.4790 16.0360
72.0000 60.0000 -4.8410 16.8160
72.0000 63.0000 -4.7490 18.8120
72.0000 25.0000 -4.3820 14.7980
72.0000 66.0000 1.0320 15.5320
72.0000 11.0000 -21.7720 18.1470
72.0000 44.0000 9.5210 18.9960
84.0000 60.0000 -4.4050 16.8850
84.0000 48.0000 10.4840 20.6710
84.0000 58.0000 -31.6140 -19.5920
84.0000 25.0000 -4.1520 14.6140
84.0000 11.0000 -20.9000 18.1470
84.0000 66.0000 1.6290 15.5320
84.0000 44.0000 10.7830 19.2250
84.0000 1.0000 -13.0540 22.2540
84.0000 34.0000 8.8100 17.8260
84.0000 63.0000 -4.2900 18.8120
84.0000 30.0000 8.7180 15.8760
96.0000 30.0000 9.8880 15.6920
96.0000 25.0000 -3.9460 14.4300
96.0000 63.0000 -3.9000 18.6520
96.0000 58.0000 -31.5220 -18.9500
96.0000 60.0000 -3.9000 16.9770
96.0000 55.0000 12.3430 29.8020
96.0000 66.0000 2.3170 15.7150
96.0000 48.0000 11.5860 21.0150
96.0000 1.0000 -12.0900 22.4370
96.0000 34.0000 10.0030 17.9640
96.0000 53.0000 -30.4210 43.7040
96.0000 44.0000 11.9990 19.5690
96.0000 11.0000 -20.1660 18.1470
108.0000 1.0000 -11.1730 22.6210
108.0000 60.0000 -3.4180 17.0690
108.0000 58.0000 -31.3850 -18.2620
108.0000 34.0000 11.2870 18.1470
108.0000 44.0000 13.2150 19.8450
108.0000 55.0000 13.6050 28.9070
108.0000 53.0000 -30.1920 44.2090
108.0000 30.0000 11.1040 15.5320
108.0000 11.0000 -19.3400 18.1470
108.0000 63.0000 -3.4640 18.6520
108.0000 48.0000 12.7330 21.3360
108.0000 66.0000 2.9140 15.8760
108.0000 25.0000 -3.5560 14.1090
120.0000 48.0000 13.7880 21.5200
120.0000 1.0000 -10.3010 22.7580
120.0000 44.0000 14.4300 20.0740
120.0000 34.0000 12.5030 18.1470
120.0000 30.0000 12.2970 15.3710
120.0000 58.0000 -31.2930 -17.5740
120.0000 18.0000 18.1930 21.2670
120.0000 53.0000 -29.8930 44.8970
120.0000 60.0000 -2.9600 17.1380
120.0000 25.0000 -3.0970 13.6050
120.0000 66.0000 3.6020 15.8760
120.0000 55.0000 15.0270 28.4020
120.0000 63.0000 -3.0050 18.6520
120.0000 71.0000 11.9530 17.0460
120.0000 11.0000 -18.7440 17.9640
132.0000 11.0000 -18.2850 17.9640
132.0000 66.0000 3.4640 16.0360
132.0000 44.0000 14.4300 20.2580
132.0000 53.0000 -29.5950 45.5400
132.0000 1.0000 -9.7500 22.9420
132.0000 71.0000 12.8470 17.0460
132.0000 63.0000 -2.9140 18.6520
132.0000 30.0000 12.9850 15.6230
132.0000 55.0000 16.3120 28.0580
132.0000 34.0000 13.1230 18.1470
132.0000 25.0000 -3.0510 13.1000
132.0000 18.0000 20.2580 21.0840
132.0000 60.0000 -2.8910 17.0460
132.0000 58.0000 -31.2010 -16.9310
132.0000 48.0000 13.9030 21.6800
144.0000 53.0000 -29.0670 45.9070
144.0000 18.0000 20.2580 20.9230
144.0000 58.0000 -31.2010 -16.0590
144.0000 44.0000 14.3620 20.2580
144.0000 71.0000 13.5130 17.0460
144.0000 63.0000 -3.0050 18.6520
144.0000 55.0000 17.0690 27.7370
144.0000 66.0000 3.2350 16.0360
144.0000 60.0000 -3.0280 17.0460
144.0000 48.0000 13.9030 21.6800
144.0000 30.0000 13.4440 15.7840
144.0000 1.0000 -9.2460 23.1250
144.0000 11.0000 -17.7340 17.9640
144.0000 25.0000 -3.1890 12.7790
144.0000 34.0000 13.4900 18.1470
156.0000 66.0000 3.0050 16.0360
156.0000 44.0000 14.2700 20.2580
156.0000 53.0000 -28.4710 46.4120
156.0000 71.0000 13.3750 17.0460
156.0000 30.0000 13.3060 15.7840
156.0000 18.0000 20.2580 20.5790
156.0000 25.0000 -3.3270 12.4120
156.0000 11.0000 -17.2290 17.9640
156.0000 1.0000 -8.7870 23.1250
156.0000 55.0000 17.5960 27.2320
156.0000 34.0000 13.3290 18.1470
156.0000 54.0000 -19.7990 16.5410
156.0000 63.0000 -3.3720 18.6520
156.0000 58.0000 -31.1550 -15.4170
156.0000 48.0000 13.9030 21.6800
156.0000 60.0000 -3.4180 17.0460
168.0000 11.0000 -16.6790 17.8260
168.0000 34.0000 13.1230 18.1470
168.0000 63.0000 -3.7620 18.4910
168.0000 30.0000 13.1460 15.7840
168.0000 58.0000 -31.1550 -14.7290
168.0000 71.0000 13.1460 17.0460
168.0000 44.0000 14.1320 20.2580
168.0000 60.0000 -3.8080 17.0460
168.0000 53.0000 -28.0810 46.4120
168.0000 18.0000 20.2580 20.2580
168.0000 25.0000 -3.6940 11.9990
168.0000 1.0000 -8.2360 23.2630
168.0000 55.0000 17.8260 26.8880
168.0000 54.0000 -20.3040 16.3810
168.0000 66.0000 2.8450 16.0360
168.0000 48.0000 13.9030 21.7490
180.0000 60.0000 -4.2440 17.0460
180.0000 71.0000 13.0080 17.0460
180.0000 54.0000 -20.8540 16.3810
180.0000 25.0000 -4.0610 11.5860
180.0000 11.0000 -16.1740 17.8260
180.0000 30.0000 12.9850 15.7840
180.0000 34.0000 12.9620 18.1470
180.0000 55.0000 18.1240 26.3830
180.0000 1.0000 -7.7770 23.2630
180.0000 18.0000 20.2580 20.0740
180.0000 48.0000 13.9030 21.7490
180.0000 44.0000 14.0630 20.2580
180.0000 53.0000 -27.7140 46.5490
180.0000 66.0000 2.6380 16.0360
180.0000 63.0000 -4.1980 18.4910
180.0000 58.0000 -31.0630 -13.9030
192.0000 66.0000 2.4090 16.0360
192.0000 53.0000 -27.3470 46.7330
192.0000 71.0000 12.8250 17.1380
192.0000 1.0000 -7.2730 23.4470
192.0000 11.0000 -15.6230 17.8260
192.0000 25.0000 -4.5200 11.0810
192.0000 63.0000 -4.5880 18.4910
192.0000 55.0000 18.3540 26.0620
192.0000 18.0000 20.2580 19.7530
192.0000 60.0000 -4.6340 17.0460
192.0000 30.0000 12.8470 15.7840
192.0000 48.0000 13.9030 21.7490
192.0000 54.0000 -21.3130 16.3810
192.0000 34.0000 12.8020 18.1470
192.0000 58.0000 -31.0630 -13.2150
192.0000 44.0000 13.9720 20.2580
204.0000 66.0000 1.3540 15.5320
204.0000 44.0000 13.3750 20.0740
204.0000 8.0000 -31.6370 20.7620
204.0000 48.0000 13.1460 21.6800
204.0000 11.0000 -15.1190 17.8260
204.0000 1.0000 -6.7220 23.6300
204.0000 63.0000 -4.8870 18.4910
204.0000 30.0000 12.7100 15.6230
204.0000 15.0000 -29.7790 20.5790
204.0000 52.0000 -20.8080 30.4210
204.0000 53.0000 -26.9570 47.0540
204.0000 38.0000 -31.4530 21.2670
204.0000 18.0000 20.1200 19.4090
204.0000 71.0000 12.6180 17.0690
204.0000 58.0000 -30.9950 -12.3890
204.0000 54.0000 -21.7490 16.3810
204.0000 60.0000 -5.0010 16.8850
204.0000 34.0000 12.5720 18.1470
204.0000 41.0000 -30.0080 22.0240
204.0000 55.0000 18.3540 25.5570
204.0000 25.0000 -4.8870 10.7370
216.0000 66.0000 0.8030 15.7150
216.0000 41.0000 -29.5490 21.8410
216.0000 18.0000 19.7530 18.9040
216.0000 55.0000 18.3540 24.8690
216.0000 44.0000 12.7790 19.9140
216.0000 8.0000 -31.1780 20.5790
216.0000 22.0000 -8.6260 53.3860
216.0000 58.0000 -30.9950 -11.8840
216.0000 1.0000 -6.2170 23.2630
216.0000 25.0000 -5.3450 10.4160
216.0000 63.0000 -5.1850 18.4910
216.0000 53.0000 -26.5670 47.4210
216.0000 60.0000 -5.3680 16.7250
216.0000 11.0000 -14.6600 17.8260
216.0000 38.0000 -30.9950 21.0840
216.0000 54.0000 -22.2770 16.5410
216.0000 48.0000 12.3890 21.4280
216.0000 52.0000 -20.5100 30.5820
216.0000 30.0000 12.5260 15.6230
216.0000 15.0000 -29.3200 20.4180
216.0000 34.0000 12.4350 18.1470
216.0000 71.0000 12.4570 17.0690
228.0000 41.0000 -29.0440 21.8410
228.0000 54.0000 -22.7350 16.5410
228.0000 22.0000 -9.2000 53.3860
228.0000 15.0000 -28.8150 20.4180
228.0000 53.0000 -26.2000 47.7420
228.0000 66.0000 0.3440 15.8760
228.0000 48.0000 11.9530 21.4280
228.0000 58.0000 -30.9950 -11.3790
228.0000 60.0000 -5.7580 16.7250
228.0000 18.0000 19.0650 18.5600
228.0000 44.0000 12.3200 19.9140
228.0000 8.0000 -30.6500 20.5790
228.0000 34.0000 12.2740 18.1470
228.0000 71.0000 12.2740 17.1380
228.0000 25.0000 -5.8040 9.9110
228.0000 1.0000 -5.6210 22.9420
228.0000 52.0000 -20.1200 30.7420
228.0000 11.0000 -14.2010 17.8260
228.0000 30.0000 12.3890 15.6230
228.0000 55.0000 18.4220 24.3640
228.0000 63.0000 -5.4140 18.4910
228.0000 38.0000 -30.4670 21.0840
240.0000 15.0000 -28.3560 20.4180
240.0000 8.0000 -30.1920 20.5790
240.0000 34.0000 12.0670 18.1470
240.0000 53.0000 -25.7410 48.2470
240.0000 54.0000 -23.1940 16.5410
240.0000 1.0000 -5.1620 22.7580
240.0000 58.0000 -30.9950 -10.8740
240.0000 71.0000 12.0900 17.1380
240.0000 25.0000 -6.1710 9.5670
240.0000 38.0000 -30.0080 21.0840
240.0000 60.0000 -6.2860 16.7250
240.0000 48.0000 11.5630 21.4280
240.0000 41.0000 -28.5860 21.8410
240.0000 52.0000 -19.8220 30.9260
240.0000 30.0000 12.2510 15.6230
240.0000 63.0000 -5.8730 18.3080
240.0000 55.0000 18.6520 24.0430
240.0000 44.0000 11.9300 19.9140
240.0000 66.0000 -0.1150 15.7150
240.0000 18.0000 18.6980 18.5600
240.0000 22.0000 -9.4980 53.3860
240.0000 11.0000 -13.7420 17.9640
252.0000 18.0000 18.3310 18.5600
252.0000 8.0000 -29.6870 20.4180
252.0000 54.0000 -23.6990 16.5410
252.0000 52.0000 -19.4550 31.0860
252.0000 15.0000 -27.8290 20.4180
252.0000 38.0000 -29.4800 21.0840
252.0000 71.0000 11.9070 17.1380
252.0000 22.0000 -9.7960 53.3860
252.0000 55.0000 18.8120 23.5380
252.0000 41.0000 -28.0350 21.8410
252.0000 48.0000 11.1730 21.4280
252.0000 11.0000 -13.2830 17.9640
252.0000 66.0000 -0.5510 15.7150
252.0000 25.0000 -6.6300 9.0620
252.0000 34.0000 11.9070 18.1470
252.0000 58.0000 -30.9950 -10.3700
252.0000 53.0000 -25.3740 48.7520
252.0000 63.0000 -6.3090 18.1470
252.0000 1.0000 -4.7030 22.6210
252.0000 60.0000 -6.7450 16.7250
252.0000 30.0000 12.0900 15.6230
252.0000 44.0000 11.5630 19.9140
264.0000 58.0000 -30.9950 -9.8650
264.0000 25.0000 -6.9970 8.5570
264.0000 15.0000 -27.3700 20.4180
264.0000 60.0000 -7.2500 16.7250
264.0000 63.0000 -6.7680 17.9860
264.0000 30.0000 11.9300 15.4630
264.0000 41.0000 -27.5300 21.8410
264.0000 44.0000 11.1730 20.0740
264.0000 48.0000 10.8060 21.4280
264.0000 55.0000 19.1110 23.0340
264.0000 38.0000 -28.9530 20.9230
264.0000 71.0000 11.7690 17.0460
264.0000 8.0000 -29.1360 20.4180
264.0000 18.0000 17.9180 18.5600
264.0000 66.0000 -0.9870 15.7150
264.0000 52.0000 -19.1570 31.2470
264.0000 54.0000 -24.1580 16.5410
264.0000 53.0000 -25.0760 49.0730
264.0000 11.0000 -12.8470 18.1470
264.0000 34.0000 11.7460 18.1470
264.0000 1.0000 -4.2440 22.6210
264.0000 22.0000 -10.0940 53.3860
276.0000 8.0000 -28.6770 20.4180
276.0000 48.0000 10.3470 21.4280
276.0000 34.0000 11.5170 18.1470
276.0000 15.0000 -26.8420 20.4180
276.0000 30.0000 11.7920 15.4630
276.0000 54.0000 -24.7080 16.3810
276.0000 60.0000 -7.7080 16.7250
276.0000 44.0000 10.7370 20.0740
276.0000 53.0000 -24.7770 49.2560
276.0000 52.0000 -18.7670 31.4300
276.0000 66.0000 -1.3770 15.5320
276.0000 71.0000 11.5630 17.1380
276.0000 18.0000 17.6420 18.5600
276.0000 11.0000 -12.4120 18.1470
276.0000 22.0000 -10.3930 53.3860
276.0000 1.0000 -3.7850 22.4370
276.0000 41.0000 -27.0710 21.8410
276.0000 63.0000 -7.1580 17.8030
276.0000 25.0000 -7.5250 8.2130
276.0000 55.0000 19.5690 22.6900
276.0000 38.0000 -28.4940 20.9230
276.0000 58.0000 -30.9260 -9.3600
288.0000 34.0000 11.3790 18.1470
288.0000 8.0000 -28.1730 20.2580
288.0000 22.0000 -10.6220 53.6150
288.0000 25.0000 -7.9840 7.8920
288.0000 11.0000 -11.9530 18.3310
288.0000 41.0000 -26.5440 21.8410
288.0000 15.0000 -26.3830 20.4180
288.0000 38.0000 -27.9660 20.9230
288.0000 52.0000 -18.4680 31.5910
288.0000 30.0000 11.6550 15.4630
288.0000 1.0000 -3.3270 22.4370
288.0000 55.0000 20.0510 22.1850
288.0000 71.0000 11.3560 17.1380
288.0000 58.0000 -30.9260 -8.8560
288.0000 60.0000 -8.2590 16.7250
288.0000 63.0000 -7.5940 17.6420
288.0000 48.0000 9.9800 21.4280
288.0000 44.0000 10.3470 20.0740
288.0000 18.0000 17.2750 18.5600
288.0000 54.0000 -25.1440 16.3810
288.0000 66.0000 -1.8120 15.5320
288.0000 53.0000 -24.4560 49.5780
300.0000 1.0000 -2.8680 22.2540
300.0000 34.0000 11.2190 18.1470
300.0000 58.0000 -30.9260 -8.3510
300.0000 38.0000 -27.5300 20.9230
300.0000 55.0000 20.4640 21.6800
300.0000 53.0000 -24.0200 49.9450
300.0000 60.0000 -8.4660 16.0360
300.0000 52.0000 -18.1010 31.7520
300.0000 11.0000 -11.4940 18.3310
300.0000 15.0000 -25.8790 20.4180
300.0000 44.0000 9.9800 20.0740
300.0000 48.0000 9.6130 21.4280
300.0000 66.0000 -2.2710 15.5320
300.0000 63.0000 -8.0530 17.4820
300.0000 8.0000 -27.6220 20.2580
300.0000 18.0000 16.8620 18.5600
300.0000 30.0000 11.4710 15.4630
300.0000 22.0000 -10.8520 53.8910
300.0000 25.0000 -8.4200 7.5480
300.0000 41.0000 -26.1080 21.8410
300.0000 54.0000 -25.6720 16.2200
300.0000 71.0000 11.2190 17.1380
312.0000 22.0000 -10.9890 53.9590
312.0000 52.0000 -18.0090 31.9350
312.0000 12.0000 -10.9430 18.4680
312.0000 18.0000 16.5870 18.5600
312.0000 53.0000 -23.6300 50.2660
312.0000 45.0000 9.5900 20.2580
312.0000 64.0000 -8.4200 17.4820
312.0000 41.0000 -25.5570 21.8410
312.0000 2.0000 -2.3630 22.2540
312.0000 38.0000 -27.0030 20.9230
312.0000 49.0000 9.2230 21.4280
312.0000 71.0000 11.0810 17.2290
312.0000 15.0000 -25.3280 20.2580
312.0000 61.0000 -8.6260 15.3710
312.0000 59.0000 -30.9260 -7.8460
312.0000 31.0000 11.3330 15.4630
312.0000 54.0000 -26.1310 16.2200
312.0000 8.0000 -27.1860 20.2580
312.0000 67.0000 -2.6610 15.5320
312.0000 26.0000 -8.8100 7.0430
312.0000 55.0000 20.6600 21.6580
312.0000 35.0000 11.0580 18.3310
324.0000 26.0000 -9.1080 6.6990
324.0000 2.0000 -2.1340 22.2540
324.0000 55.0000 20.2160 22.0740
324.0000 53.0000 -23.1710 50.4490
324.0000 8.0000 -26.6590 20.0740
324.0000 54.0000 -26.5900 16.2200
324.0000 52.0000 -18.0090 31.9350
324.0000 31.0000 10.9660 15.2790
324.0000 22.0000 -11.2190 54.2350
324.0000 64.0000 -8.9700 17.2980
324.0000 18.0000 15.8990 18.5600
324.0000 71.0000 10.7140 17.0460
324.0000 12.0000 -10.5760 18.4680
324.0000 61.0000 -9.1540 16.0360
324.0000 49.0000 8.6260 21.2440
324.0000 38.0000 -26.4750 20.7620
324.0000 59.0000 -30.9260 -7.3410
324.0000 35.0000 10.6910 18.1470
324.0000 41.0000 -25.0300 21.8410
324.0000 15.0000 -24.8690 20.2580
324.0000 45.0000 9.1540 20.0740
324.0000 67.0000 -3.2810 15.3710
336.0000 2.0000 -1.8120 22.2540
336.0000 22.0000 -11.5170 54.3040
336.0000 71.0000 10.3930 16.8850
336.0000 31.0000 10.5990 15.2790
336.0000 52.0000 -18.0090 31.9350
336.0000 41.0000 -24.5940 21.8410
336.0000 54.0000 -27.0940 16.0360
336.0000 38.0000 -26.0160 20.7620
336.0000 45.0000 8.7410 19.9820
336.0000 35.0000 10.3240 18.1470
336.0000 12.0000 -10.1170 18.4680
336.0000 8.0000 -26.1310 20.0740
336.0000 18.0000 15.3020 18.5600
336.0000 61.0000 -9.6810 16.0360
336.0000 67.0000 -3.7850 15.3710
336.0000 49.0000 8.0070 21.2440
336.0000 64.0000 -9.4750 17.1380
336.0000 15.0000 -24.3640 20.2580
336.0000 26.0000 -9.5670 6.3780
336.0000 59.0000 -30.8340 -6.8370
348.0000 52.0000 -18.0090 31.9350
348.0000 2.0000 -1.5370 22.2540
348.0000 45.0000 8.3280 19.8450
348.0000 64.0000 -10.0260 17.1380
348.0000 35.0000 9.9340 17.9640
348.0000 26.0000 -10.1630 5.8730
348.0000 67.0000 -4.3360 15.3710
348.0000 22.0000 -11.9760 54.1430
348.0000 12.0000 -9.7500 18.4680
348.0000 31.0000 10.1860 15.2790
348.0000 61.0000 -10.2780 16.0360
348.0000 71.0000 10.0720 16.8850
348.0000 59.0000 -30.8340 -6.3320
348.0000 18.0000 14.7060 18.5600
348.0000 41.0000 -24.0430 21.8410
348.0000 49.0000 7.5020 21.2440
348.0000 15.0000 -23.9050 20.2580
348.0000 38.0000 -25.4880 20.7620
348.0000 54.0000 -27.5530 16.0360
348.0000 8.0000 -25.6720 20.0740
360.0000 19.0000 14.1090 18.5600
360.0000 61.0000 -10.8060 16.0360
360.0000 54.0000 -28.1500 15.8760
360.0000 59.0000 -30.8340 -5.8270
360.0000 31.0000 9.8190 15.2790
360.0000 22.0000 -12.4120 53.8910
360.0000 41.0000 -23.5840 21.8410
360.0000 45.0000 7.9150 19.7530
360.0000 35.0000 9.6360 17.9640
360.0000 26.0000 -10.7600 5.5290
360.0000 2.0000 -1.2160 22.4370
360.0000 15.0000 -23.3550 20.2580
360.0000 64.0000 -10.5530 16.9770
360.0000 67.0000 -4.8410 15.3710
360.0000 49.0000 6.8830 21.2440
360.0000 38.0000 -25.0300 20.7620
360.0000 12.0000 -9.2910 18.4680
360.0000 52.0000 -18.0090 31.9350
360.0000 72.0000 9.7960 16.7250
360.0000 8.0000 -25.1440 19.9140
372.0000 12.0000 -8.9240 18.4680
372.0000 72.0000 9.4750 16.7250
372.0000 59.0000 -30.8340 -5.3230
372.0000 26.0000 -11.3790 5.1850
372.0000 8.0000 -24.6170 19.9140
372.0000 67.0000 -5.4370 15.3710
372.0000 19.0000 13.4670 18.5600
372.0000 31.0000 9.4520 15.2790
372.0000 15.0000 -22.9190 20.2580
372.0000 35.0000 9.2690 17.8260
372.0000 54.0000 -28.7690 15.8760
372.0000 2.0000 -0.9410 22.4370
372.0000 61.0000 -11.3330 16.0360
372.0000 52.0000 -18.0090 31.9350
372.0000 22.0000 -12.8470 53.7990
372.0000 38.0000 -24.5020 20.7620
372.0000 45.0000 6.9060 19.7530
372.0000 49.0000 6.2860 21.4280
372.0000 41.0000 -23.0800 21.8410
372.0000 64.0000 -11.0810 16.9770
384.0000 41.0000 -22.5290 21.8410
384.0000 45.0000 6.0800 19.8220
384.0000 26.0000 -11.9760 4.8640
384.0000 22.0000 -13.2370 53.7070
384.0000 31.0000 9.0850 15.2790
384.0000 52.0000 -18.0090 31.9350
384.0000 67.0000 -5.9880 15.3710
384.0000 19.0000 12.8700 18.5600
384.0000 61.0000 -11.8610 16.0360
384.0000 2.0000 -0.6190 22.4370
384.0000 8.0000 -24.1810 19.9140
384.0000 49.0000 5.6670 21.4280
384.0000 12.0000 -8.4660 18.4680
384.0000 54.0000 -29.3890 15.7150
384.0000 64.0000 -11.6090 16.7930
384.0000 59.0000 -30.8340 -4.8180
384.0000 15.0000 -22.3910 20.2580
384.0000 35.0000 8.8790 17.8260
384.0000 72.0000 9.2000 16.5410
384.0000 38.0000 -23.9740 20.5790
396.0000 64.0000 -12.1360 16.7930
396.0000 61.0000 -12.3890 15.3710
396.0000 45.0000 5.8040 19.8220
396.0000 49.0000 5.1620 21.1070
396.0000 31.0000 8.7640 15.2790
396.0000 35.0000 8.5110 17.8260
396.0000 59.0000 -30.8340 -4.3130
396.0000 52.0000 -18.0090 31.9350
396.0000 38.0000 -23.5150 20.5790
396.0000 72.0000 8.8790 16.5410
396.0000 15.0000 -21.8640 20.2580
396.0000 2.0000 -0.3440 22.4370
396.0000 26.0000 -12.5030 4.5200
396.0000 19.0000 12.2740 18.5600
396.0000 67.0000 -6.4930 15.3710
396.0000 41.0000 -22.0930 21.8410
396.0000 8.0000 -23.6300 19.7530
396.0000 22.0000 -13.2830 54.0510
396.0000 12.0000 -8.0070 18.4680
408.0000 45.0000 6.0800 19.5010
408.0000 49.0000 5.5980 20.7400
408.0000 35.0000 9.1080 17.4820
408.0000 41.0000 -21.5650 21.8410
408.0000 2.0000 0.8490 22.1850
408.0000 61.0000 -12.5490 15.2110
408.0000 38.0000 -22.9880 20.5790
408.0000 56.0000 -31.7520 42.6950
408.0000 52.0000 -18.0090 31.9350
408.0000 22.0000 -13.4670 54.2350
408.0000 67.0000 -6.9060 15.2110
408.0000 64.0000 -12.5030 16.6330
408.0000 26.0000 -12.9620 4.0150
408.0000 15.0000 -21.4280 20.0740
408.0000 59.0000 -30.8340 -3.6250
408.0000 12.0000 -7.2270 17.8260
408.0000 8.0000 -23.1030 19.7530
408.0000 72.0000 9.4290 16.3810
408.0000 31.0000 9.2230 15.1190
408.0000 19.0000 12.7330 18.3990
420.0000 61.0000 -12.5490 15.3710
420.0000 67.0000 -7.1120 15.2110
420.0000 8.0000 -22.6670 19.7530
420.0000 41.0000 -21.1070 21.8410
420.0000 22.0000 -13.7150 54.1340
420.0000 45.0000 6.9970 19.1570
420.0000 26.0000 -13.4210 3.6710
420.0000 52.0000 -18.0090 31.9350
420.0000 31.0000 10.1860 15.1190
420.0000 12.0000 -6.2400 17.0460
420.0000 49.0000 6.6530 20.6020
420.0000 38.0000 -22.5520 20.5790
420.0000 56.0000 -31.4300 43.2000
420.0000 72.0000 10.3930 16.2200
420.0000 59.0000 -30.8340 -3.1200
420.0000 64.0000 -12.7330 16.6330
420.0000 15.0000 -20.8770 20.0740
420.0000 35.0000 10.3470 17.2290
420.0000 2.0000 2.5240 21.6800
420.0000 19.0000 13.9260 18.3990
432.0000 8.0000 -22.1160 19.5690
432.0000 49.0000 6.2860 20.6020
432.0000 38.0000 -22.0240 20.5790
432.0000 15.0000 -20.4180 20.0740
432.0000 59.0000 -30.8340 -2.6150
432.0000 56.0000 -31.0630 43.8650
432.0000 52.0000 -18.0090 31.9350
432.0000 67.0000 -7.4100 15.0270
432.0000 31.0000 10.0490 15.1190
432.0000 26.0000 -13.8800 3.3500
432.0000 19.0000 13.5590 18.3990
432.0000 12.0000 -5.7130 17.0460
432.0000 35.0000 10.2320 17.2290
432.0000 41.0000 -20.5790 21.8410
432.0000 72.0000 10.2550 16.2200
432.0000 64.0000 -13.0310 16.6330
432.0000 2.0000 3.1430 22.2540
432.0000 22.0000 -14.0120 54.0120
432.0000 45.0000 6.4700 19.1570
432.0000 61.0000 -12.8470 15.2110
444.0000 72.0000 10.0260 16.3810
444.0000 9.0000 -21.6800 19.5690
444.0000 16.0000 -19.9140 20.0740
444.0000 59.0000 -30.8340 -2.1110
444.0000 19.0000 13.0540 18.5600
444.0000 64.0000 -13.2600 16.6330
444.0000 39.0000 -21.4970 20.4180
444.0000 67.0000 -7.6400 15.0270
444.0000 61.0000 -13.1460 15.0270
444.0000 56.0000 -30.6960 44.5530
444.0000 42.0000 -20.0510 21.8410
444.0000 31.0000 9.8190 15.1190
444.0000 26.0000 -14.3160 2.8450
444.0000 45.0000 5.8500 19.1570
444.0000 49.0000 5.6670 20.6020
444.0000 35.0000 9.9800 17.3900
444.0000 12.0000 -5.2540 17.0460
444.0000 2.0000 3.5100 22.1160
444.0000 22.0000 -14.3090 53.8910
456.0000 31.0000 9.5900 15.1190
456.0000 72.0000 9.7040 16.5410
456.0000 39.0000 -21.0380 20.4180
456.0000 45.0000 5.3450 19.1570
456.0000 23.0000 -14.6060 53.7700
456.0000 64.0000 -13.6500 16.6330
456.0000 67.0000 -8.0070 15.0270
456.0000 35.0000 9.7500 17.5740
456.0000 19.0000 12.5030 18.5600
456.0000 56.0000 -30.3290 45.0580
456.0000 26.0000 -14.8430 2.5010
456.0000 12.0000 -4.7950 17.1380
456.0000 61.0000 -13.7650 15.2110
456.0000 42.0000 -19.5920 21.8410
456.0000 49.0000 5.0700 20.7400
456.0000 59.0000 -30.8340 -1.6060
456.0000 69.0000 -4.3590 15.7840
456.0000 2.0000 3.9230 22.1160
456.0000 9.0000 -21.1520 19.5690
456.0000 16.0000 -19.4550 20.0740
468.0000 64.0000 -14.2470 16.6330
468.0000 39.0000 -20.5100 20.4180
468.0000 67.0000 -8.6030 15.0270
468.0000 49.0000 4.5430 20.7400
468.0000 35.0000 9.4980 17.6420
468.0000 59.0000 -30.8340 -1.1010
468.0000 2.0000 4.2900 22.1160
468.0000 9.0000 -20.6250 19.4090
468.0000 42.0000 -19.0880 21.8410
468.0000 31.0000 9.3140 15.1190
468.0000 19.0000 11.9990 18.7440
468.0000 23.0000 -14.9030 53.6480
468.0000 72.0000 9.4750 16.7250
468.0000 16.0000 -18.9040 20.0740
468.0000 26.0000 -15.3020 2.1790
468.0000 61.0000 -14.5910 15.5320
468.0000 69.0000 -3.9000 15.7840
468.0000 45.0000 4.8870 19.1570
468.0000 56.0000 -30.0080 45.5630
468.0000 12.0000 -4.3360 17.1380
480.0000 45.0000 4.4280 19.1570
480.0000 42.0000 -18.6290 21.8410
480.0000 67.0000 -9.2460 15.0270
480.0000 19.0000 11.3560 18.7440
480.0000 26.0000 -15.8300 1.9960
480.0000 23.0000 -15.2000 53.5270
480.0000 12.0000 -3.7850 17.1380
480.0000 31.0000 9.0850 15.1190
480.0000 2.0000 4.6570 22.1160
480.0000 69.0000 -3.4640 15.7840
480.0000 61.0000 -15.0960 15.5320
480.0000 16.0000 -18.3990 20.0740
480.0000 56.0000 -29.7100 45.8840
480.0000 39.0000 -20.0510 20.4180
480.0000 59.0000 -30.8340 -0.5960
480.0000 49.0000 3.9460 20.7400
480.0000 35.0000 9.2690 17.8030
480.0000 64.0000 -14.8430 16.6330
480.0000 72.0000 9.2000 16.8850
480.0000 9.0000 -20.1660 19.4090
492.0000 42.0000 -18.0780 21.8410
492.0000 12.0000 -3.3270 17.1380
492.0000 19.0000 10.8520 18.9040
492.0000 2.0000 5.0240 22.1160
492.0000 56.0000 -29.3200 46.3890
492.0000 16.0000 -17.9410 20.0740
492.0000 9.0000 -19.6380 19.4090
492.0000 69.0000 -3.0050 15.7840
492.0000 72.0000 8.9700 17.0460
492.0000 23.0000 -15.4970 53.4060
492.0000 64.0000 -15.4400 16.6330
492.0000 35.0000 9.0390 17.8950
492.0000 61.0000 -15.6460 15.3710
492.0000 45.0000 3.9690 19.1570
492.0000 49.0000 3.4180 20.7400
492.0000 31.0000 8.8560 15.1190
492.0000 26.0000 -16.3580 1.6750
492.0000 67.0000 -9.7500 15.0270
492.0000 39.0000 -19.5240 20.4180
492.0000 59.0000 -30.8340 -0.0920
504.0000 49.0000 2.8220 20.6020
504.0000 12.0000 -2.8450 16.9540
504.0000 56.0000 -29.0670 46.7330
504.0000 2.0000 5.4370 21.9320
504.0000 16.0000 -17.4130 20.0740
504.0000 64.0000 -16.0590 16.6330
504.0000 61.0000 -16.1740 15.2110
504.0000 23.0000 -15.7940 53.2840
504.0000 72.0000 8.7410 17.0460
504.0000 69.0000 -2.5470 15.6230
504.0000 39.0000 -18.9960 20.4180
504.0000 45.0000 3.5100 18.9960
504.0000 35.0000 8.7180 17.9860
504.0000 31.0000 8.6260 15.1190
504.0000 19.0000 10.3010 18.9040
504.0000 67.0000 -10.3470 15.0270
504.0000 26.0000 -16.8160 1.3990
504.0000 9.0000 -19.1110 19.3170
504.0000 42.0000 -17.5740 21.6800
504.0000 59.0000 -30.9260 0.3210
516.0000 45.0000 3.0050 18.9960
516.0000 56.0000 -28.7920 46.9160
516.0000 59.0000 -31.0170 0.8260
516.0000 49.0000 2.3630 20.6020
516.0000 9.0000 -18.6060 19.3170
516.0000 23.0000 -16.0910 53.1630
516.0000 69.0000 -2.0880 15.5320
516.0000 61.0000 -16.6100 15.1190
516.0000 39.0000 -18.5140 20.4180
516.0000 12.0000 -2.4320 16.8850
516.0000 35.0000 8.5110 17.9860
516.0000 31.0000 8.3970 15.1190
516.0000 64.0000 -16.4950 16.4720
516.0000 72.0000 8.5110 17.0460
516.0000 2.0000 5.8960 21.9320
516.0000 42.0000 -17.0000 21.6800
516.0000 26.0000 -17.2750 1.2390
516.0000 19.0000 9.8190 18.9040
516.0000 67.0000 -10.9200 15.1190
516.0000 16.0000 -16.9310 20.0740
528.0000 59.0000 -31.1090 1.3310
528.0000 23.0000 -16.3880 53.0420
528.0000 9.0000 -18.1010 19.3170
528.0000 26.0000 -17.7570 1.0090
528.0000 67.0000 -11.4250 15.1190
528.0000 39.0000 -18.0090 20.4180
528.0000 19.0000 9.2910 18.9040
528.0000 42.0000 -16.4260 21.6800
528.0000 45.0000 2.4550 18.8120
528.0000 35.0000 8.2590 17.9860
528.0000 31.0000 8.1670 15.1190
528.0000 64.0000 -17.0460 16.2890
528.0000 69.0000 -1.6290 15.4630
528.0000 72.0000 8.2820 17.0460
528.0000 16.0000 -16.3580 20.1660
528.0000 56.0000 -28.5170 47.1460
528.0000 12.0000 -1.9730 16.8850
528.0000 61.0000 -17.1150 14.9350
528.0000 2.0000 6.3550 21.9320
528.0000 49.0000 1.9040 20.6020
540.0000 42.0000 -15.8530 21.5200
540.0000 16.0000 -15.8300 20.1660
540.0000 39.0000 -17.4820 20.5100
540.0000 31.0000 7.9380 15.2110
540.0000 49.0000 1.4450 20.6020
540.0000 23.0000 -16.6860 52.9210
540.0000 2.0000 6.8140 21.9320
540.0000 72.0000 8.0990 17.0460
540.0000 67.0000 -11.9760 15.1880
540.0000 26.0000 -18.3540 0.6420
540.0000 64.0000 -17.5050 16.2890
540.0000 19.0000 8.7640 18.9040
540.0000 35.0000 7.9840 17.9860
540.0000 56.0000 -28.1270 47.4900
540.0000 61.0000 -17.5510 14.8660
540.0000 45.0000 1.9500 18.7440
540.0000 59.0000 -31.2240 1.8350
540.0000 69.0000 -1.1930 15.3710
540.0000 9.0000 -17.5510 19.3170
540.0000 12.0000 -1.5600 16.7250
552.0000 23.0000 -16.9830 52.7990
552.0000 50.0000 0.9870 20.6020
552.0000 65.0000 -18.0550 16.1280
552.0000 42.0000 -15.3020 21.5200
552.0000 46.0000 1.3990 18.6520
552.0000 36.0000 7.7540 17.9860
552.0000 32.0000 7.7540 15.2110
552.0000 27.0000 -18.8810 0.3210
552.0000 13.0000 -1.1470 16.6330
552.0000 3.0000 7.2730 21.9320
552.0000 69.0000 -0.7340 15.3020
552.0000 68.0000 -12.5260 15.2790
552.0000 62.0000 -18.0550 14.7980
552.0000 16.0000 -15.3480 20.2350
552.0000 39.0000 -17.0000 20.5100
552.0000 9.0000 -17.0920 19.3170
552.0000 19.0000 8.2360 18.8120
552.0000 72.0000 7.8690 16.8850
552.0000 56.0000 -27.6680 47.9950
564.0000 32.0000 7.5250 15.2110
564.0000 27.0000 -19.4090 -0.1840
564.0000 50.0000 0.5510 20.5100
564.0000 23.0000 -17.2800 52.6780
564.0000 42.0000 -14.6830 21.5200
564.0000 16.0000 -14.7750 20.2350
564.0000 65.0000 -18.5370 15.9680
564.0000 19.0000 7.7540 18.7440
564.0000 68.0000 -13.0770 15.3710
564.0000 39.0000 -16.4950 20.6020
564.0000 13.0000 -0.6650 16.4720
564.0000 3.0000 7.7080 21.9320
564.0000 62.0000 -18.5600 14.6140
564.0000 56.0000 -27.2320 48.4990
564.0000 46.0000 0.8950 18.5600
564.0000 69.0000 -0.2980 15.1190
564.0000 9.0000 -16.5410 19.3170
564.0000 36.0000 7.4790 18.0780
564.0000 72.0000 7.6400 16.8850
576.0000 3.0000 8.2130 21.9320
576.0000 23.0000 -17.5770 52.5570
576.0000 13.0000 -0.1150 16.1280
576.0000 69.0000 0.2060 15.0270
576.0000 27.0000 -20.0050 -0.5050
576.0000 9.0000 -15.9910 19.3170
576.0000 68.0000 -13.6500 15.3710
576.0000 72.0000 7.4560 16.8850
576.0000 39.0000 -15.9910 20.6020
576.0000 32.0000 7.2960 15.3020
576.0000 50.0000 0.0230 20.5100
576.0000 65.0000 -19.0190 15.7840
576.0000 42.0000 -14.1320 21.3360
576.0000 16.0000 -14.2470 20.3270
576.0000 36.0000 7.2500 18.0780
576.0000 46.0000 0.3210 18.3990
576.0000 56.0000 -26.6810 49.0040
576.0000 62.0000 -19.0190 14.5220
576.0000 19.0000 7.2270 18.7440
588.0000 68.0000 -14.1550 15.4400
588.0000 50.0000 -0.4360 20.5100
588.0000 46.0000 -0.2060 18.3990
588.0000 69.0000 0.6650 14.9350
588.0000 3.0000 8.6720 21.9320
588.0000 36.0000 6.9740 18.0780
588.0000 65.0000 -19.5690 15.6230
588.0000 72.0000 7.2270 16.7250
588.0000 32.0000 7.0660 15.3710
588.0000 27.0000 -20.5560 -0.8490
588.0000 62.0000 -19.5240 14.3620
588.0000 56.0000 -26.2460 49.5090
588.0000 13.0000 0.4820 15.8760
588.0000 19.0000 6.6990 18.6520
588.0000 39.0000 -15.4860 20.6710
588.0000 23.0000 -17.8740 52.4360
588.0000 9.0000 -15.4400 19.3170
588.0000 16.0000 -13.7190 20.3270
588.0000 42.0000 -13.5590 21.3360
600.0000 9.0000 -14.9580 19.3170
600.0000 13.0000 0.9410 15.7840
600.0000 20.0000 6.1480 18.6520
600.0000 68.0000 -14.7520 15.5320
600.0000 27.0000 -20.9920 -1.1930
600.0000 32.0000 6.9280 15.3710
600.0000 42.0000 -13.0080 21.3360
600.0000 23.0000 -18.1710 52.3140
600.0000 16.0000 -13.1690 20.4180
600.0000 36.0000 6.7450 18.0780
600.0000 62.0000 -19.9820 14.3620
600.0000 46.0000 -0.7340 18.2390
600.0000 50.0000 -0.8950 20.5100
600.0000 39.0000 -14.9580 20.6710
600.0000 65.0000 -20.0280 15.6230
600.0000 73.0000 7.0430 16.7250
600.0000 56.0000 -25.7870 50.0130
600.0000 69.0000 1.1010 14.8660
600.0000 3.0000 9.1080 21.9320
612.0000 62.0000 -20.4410 14.3620
612.0000 27.0000 -21.2900 -1.1930
612.0000 56.0000 -25.3280 50.5180
612.0000 20.0000 5.6440 18.6520
612.0000 46.0000 -1.2620 18.1470
612.0000 39.0000 -14.4530 20.6710
612.0000 65.0000 -20.3950 15.7840
612.0000 42.0000 -12.4350 21.3360
612.0000 13.0000 1.3990 15.6920
612.0000 68.0000 -15.2110 15.6230
612.0000 23.0000 -18.4680 52.1930
612.0000 32.0000 6.6990 15.4400
612.0000 16.0000 -12.6640 20.4180
612.0000 36.0000 6.4700 18.1470
612.0000 3.0000 9.5670 21.9320
612.0000 73.0000 6.8370 16.7250
612.0000 9.0000 -14.4300 19.3170
612.0000 50.0000 -1.3540 20.4180
612.0000 69.0000 1.6060 14.7060
624.0000 65.0000 -20.7620 15.7840
624.0000 39.0000 -13.8570 20.5100
624.0000 16.0000 -12.0670 20.2580
624.0000 69.0000 2.0420 14.6140
624.0000 46.0000 -1.7890 18.0550
624.0000 27.0000 -21.7490 -1.5140
624.0000 36.0000 6.1940 18.1470
624.0000 9.0000 -13.8800 19.0880
624.0000 62.0000 -20.8770 14.3620
624.0000 32.0000 6.4700 15.4400
624.0000 42.0000 -11.9070 21.3360
624.0000 68.0000 -15.9910 15.4630
624.0000 56.0000 -24.9610 51.0230
624.0000 73.0000 6.6070 16.7250
624.0000 50.0000 -1.7890 20.4180
624.0000 3.0000 10.0030 21.9320
624.0000 13.0000 1.8120 15.6230
624.0000 20.0000 5.1160 18.5600
624.0000 23.0000 -18.8580 52.0320
636.0000 50.0000 -2.3170 20.4180
636.0000 36.0000 5.9420 18.1470
636.0000 9.0000 -13.3060 18.8120
636.0000 56.0000 -24.5020 51.5280
636.0000 16.0000 -11.5170 20.0740
636.0000 73.0000 6.3780 16.5410
636.0000 3.0000 10.5070 21.9320
636.0000 62.0000 -21.3360 14.3620
636.0000 69.0000 2.5470 14.6140
636.0000 32.0000 6.2630 15.5320
636.0000 68.0000 -16.6560 15.4630
636.0000 42.0000 -11.3100 21.3360
636.0000 46.0000 -2.3170 17.9640
636.0000 23.0000 -19.1340 51.8720
636.0000 20.0000 4.5880 18.4910
636.0000 13.0000 2.2710 15.4630
636.0000 39.0000 -13.1690 20.3270
636.0000 65.0000 -21.2210 15.9680
636.0000 27.0000 -22.2770 -1.8580
648.0000 73.0000 6.1940 16.5410
648.0000 16.0000 -10.9200 19.7530
648.0000 46.0000 -2.8450 17.8950
648.0000 9.0000 -12.7330 18.5600
648.0000 65.0000 -21.5880 16.1280
648.0000 62.0000 -21.7950 14.3620
648.0000 42.0000 -10.7600 21.5200
648.0000 3.0000 10.9660 21.9320
648.0000 20.0000 4.0610 18.4910
648.0000 69.0000 2.9820 14.4530
648.0000 50.0000 -2.7760 20.4180
648.0000 27.0000 -22.8960 -2.2020
648.0000 32.0000 6.0570 15.5320
648.0000 13.0000 2.7300 15.2790
648.0000 23.0000 -19.4550 51.8720
648.0000 39.0000 -12.5720 20.0050
648.0000 68.0000 -17.3440 15.2790
648.0000 36.0000 5.7130 18.1470
648.0000 57.0000 -24.1350 52.1930
660.0000 39.0000 -11.8840 19.8220
660.0000 50.0000 -3.2350 20.4180
660.0000 46.0000 -3.3720 17.8260
660.0000 16.0000 -10.3240 19.5690
660.0000 3.0000 11.4250 21.9320
660.0000 36.0000 5.4600 18.1470
660.0000 9.0000 -12.1360 18.3310
660.0000 13.0000 3.3270 15.2790
660.0000 23.0000 -19.7530 51.6880
660.0000 42.0000 -10.1630 21.5200
660.0000 20.0000 3.5560 18.4910
660.0000 65.0000 -21.9550 16.1280
660.0000 27.0000 -23.4010 -2.5240
660.0000 57.0000 -23.6760 52.6980
660.0000 69.0000 3.4410 14.3620
660.0000 62.0000 -22.2310 14.3620
660.0000 73.0000 5.9650 16.5410
660.0000 32.0000 5.8270 15.5320
660.0000 68.0000 -18.0090 15.2790
672.0000 20.0000 2.9600 18.3080
672.0000 57.0000 -23.3780 53.0420
672.0000 73.0000 5.2310 16.5410
672.0000 5.0000 21.0610 18.0550
672.0000 65.0000 -22.6440 16.2890
672.0000 62.0000 -22.9190 14.3620
672.0000 50.0000 -3.9690 20.2580
672.0000 74.0000 16.9080 12.5950
672.0000 29.0000 13.1230 18.2390
672.0000 7.0000 20.1890 16.1280
672.0000 6.0000 21.0610 21.1750
672.0000 68.0000 -18.7670 15.2790
672.0000 9.0000 -12.0450 18.4680
672.0000 3.0000 11.6550 21.6110
672.0000 16.0000 -10.4160 19.5690
672.0000 69.0000 3.5330 14.3620
672.0000 32.0000 5.0700 15.7150
672.0000 39.0000 -11.8840 20.0050
672.0000 36.0000 4.7260 18.0550
672.0000 13.0000 3.8770 15.6230
672.0000 42.0000 -10.3240 21.6800
672.0000 27.0000 -23.9510 -3.0280
672.0000 23.0000 -20.0510 51.5280
672.0000 46.0000 -4.2900 17.8260
684.0000 13.0000 3.4180 15.6230
684.0000 65.0000 -23.3320 16.4720
684.0000 20.0000 1.3080 18.3080
684.0000 74.0000 15.3480 12.5950
684.0000 27.0000 -24.5480 -3.5330
684.0000 10.0000 -12.0450 18.6520
684.0000 32.0000 3.6480 15.8760
684.0000 6.0000 19.1110 19.9140
684.0000 43.0000 -10.4840 21.6800
684.0000 3.0000 11.0120 21.1070
684.0000 68.0000 -19.4550 15.2790
684.0000 62.0000 -23.6760 14.5220
684.0000 36.0000 3.4410 18.0550
684.0000 73.0000 3.8080 16.5410
684.0000 69.0000 3.0740 14.3620
684.0000 29.0000 11.5170 18.2390
684.0000 46.0000 -5.5750 17.8260
684.0000 57.0000 -23.3780 52.5370
684.0000 17.0000 -10.5530 19.7530
684.0000 40.0000 -11.8840 20.1660
684.0000 23.0000 -20.9690 50.5180
684.0000 50.0000 -5.2540 20.2580
684.0000 5.0000 19.1790 17.7340
684.0000 7.0000 17.9410 15.9680
696.0000 50.0000 -6.4700 20.2580
696.0000 36.0000 2.1570 18.0550
696.0000 20.0000 -0.4360 18.1470
696.0000 10.0000 -12.0450 18.9730
696.0000 65.0000 -24.0200 16.6330
696.0000 57.0000 -23.4470 51.8720
696.0000 46.0000 -6.8600 17.8260
696.0000 13.0000 2.8680 15.4630
696.0000 43.0000 -10.6220 21.6800
696.0000 7.0000 14.8430 16.1280
696.0000 68.0000 -20.2120 15.2790
696.0000 27.0000 -25.1440 -4.0380
696.0000 70.0000 2.5470 14.3620
696.0000 6.0000 16.0130 19.4090
696.0000 3.0000 9.2230 21.1070
696.0000 5.0000 16.0130 17.7340
696.0000 74.0000 13.8340 12.5950
696.0000 62.0000 -24.3410 14.7060
696.0000 73.0000 2.3400 16.5410
696.0000 29.0000 9.0390 18.0550
696.0000 24.0000 -21.7950 49.5090
696.0000 17.0000 -10.6220 19.9140
696.0000 40.0000 -11.9760 20.5100
696.0000 32.0000 2.1340 15.8760
708.0000 57.0000 -23.4470 51.1830
708.0000 40.0000 -11.9760 20.6710
708.0000 20.0000 -2.0880 18.1470
708.0000 13.0000 2.4320 15.4630
708.0000 43.0000 -10.8520 21.6800
708.0000 10.0000 -12.0450 19.1570
708.0000 3.0000 7.4330 21.1070
708.0000 73.0000 0.9180 16.5410
708.0000 5.0000 14.2010 17.7340
708.0000 68.0000 -20.9460 15.2790
708.0000 74.0000 12.3200 12.5950
708.0000 17.0000 -10.7830 19.9140
708.0000 36.0000 0.8720 18.0550
708.0000 32.0000 0.7110 16.0360
708.0000 62.0000 -25.0300 14.7060
708.0000 29.0000 6.6070 17.8950
708.0000 24.0000 -22.7130 48.4990
708.0000 65.0000 -24.7080 16.6330
708.0000 50.0000 -7.7540 20.2580
708.0000 70.0000 2.0880 14.3620
708.0000 46.0000 -8.2130 17.8260
708.0000 27.0000 -25.7410 -4.5430
708.0000 6.0000 14.3160 19.7530
708.0000 7.0000 12.5720 16.1280
720.0000 7.0000 10.3930 15.9680
720.0000 13.0000 1.8120 15.4630
720.0000 29.0000 4.5880 18.0550
720.0000 62.0000 -25.7180 14.8660
720.0000 73.0000 -0.3670 16.7250
720.0000 5.0000 11.5630 18.0550
720.0000 46.0000 -9.3370 17.8260
720.0000 40.0000 -12.2970 20.8310
720.0000 10.0000 -12.3660 19.3400
720.0000 36.0000 -0.3900 18.2390
720.0000 24.0000 -23.5840 47.4900
720.0000 50.0000 -8.8790 20.0740
720.0000 57.0000 -23.7450 50.5180
720.0000 3.0000 6.4240 21.2440
720.0000 6.0000 11.6770 19.9140
720.0000 20.0000 -3.5330 18.1470
720.0000 65.0000 -25.4430 16.7930
720.0000 27.0000 -26.2000 -4.7260
720.0000 17.0000 -11.1500 20.0740
720.0000 70.0000 1.5600 14.3620
720.0000 68.0000 -21.7950 15.2790
720.0000 43.0000 -11.1500 21.5200
720.0000 32.0000 -0.5740 16.2200
720.0000 74.0000 10.7370 12.5950
732.0000 24.0000 -24.5940 46.4800
732.0000 50.0000 -9.8650 20.0740
732.0000 43.0000 -11.6090 21.5200
732.0000 10.0000 -12.7330 19.3400
732.0000 68.0000 -22.5520 15.4630
732.0000 57.0000 -24.1350 50.0130
732.0000 46.0000 -10.3930 17.8260
732.0000 7.0000 8.8790 16.1280
732.0000 17.0000 -11.6770 20.0740
732.0000 74.0000 9.2230 12.5950
732.0000 6.0000 10.3240 19.5920
732.0000 65.0000 -26.1310 16.9770
732.0000 20.0000 -4.7950 18.1470
732.0000 40.0000 -12.6640 20.8310
732.0000 5.0000 10.1860 17.7340
732.0000 3.0000 5.6900 21.2440
732.0000 29.0000 2.6150 17.7340
732.0000 36.0000 -1.8350 18.7440
732.0000 62.0000 -26.3830 15.0270
732.0000 13.0000 1.0780 15.4630
732.0000 32.0000 -1.6290 16.3810
732.0000 27.0000 -26.6590 -4.7260
732.0000 73.0000 -1.4910 17.2290
732.0000 70.0000 0.9640 14.3620
744.0000 29.0000 1.1010 17.7340
744.0000 10.0000 -13.1000 19.3400
744.0000 74.0000 8.0990 12.5950
744.0000 5.0000 8.6260 17.8030
744.0000 6.0000 8.6260 19.5920
744.0000 20.0000 -5.9420 17.9860
744.0000 32.0000 -2.5470 16.3810
744.0000 17.0000 -12.2050 20.0740
744.0000 13.0000 0.5510 15.4630
744.0000 43.0000 -12.0450 21.3360
744.0000 68.0000 -23.3780 15.6230
744.0000 65.0000 -26.8650 17.1380
744.0000 27.0000 -27.1170 -4.9780
744.0000 7.0000 7.3870 16.2890
744.0000 62.0000 -27.0030 15.2110
744.0000 40.0000 -13.0310 20.8310
744.0000 70.0000 0.5050 14.3620
744.0000 36.0000 -3.0280 18.9040
744.0000 46.0000 -11.6090 17.9640
744.0000 73.0000 -2.4780 17.3900
744.0000 50.0000 -11.1500 20.0740
744.0000 24.0000 -25.4880 45.4710
744.0000 57.0000 -24.5020 49.3480
744.0000 3.0000 4.8640 21.1070
756.0000 6.0000 6.7220 19.8450
756.0000 24.0000 -26.1540 44.8060
756.0000 50.0000 -12.9620 20.0740
756.0000 29.0000 -0.4130 18.0550
756.0000 27.0000 -27.7140 -5.3910
756.0000 62.0000 -27.5990 15.3710
756.0000 65.0000 -27.5530 17.2980
756.0000 32.0000 -3.4640 16.3810
756.0000 36.0000 -3.9460 18.7440
756.0000 17.0000 -12.7560 20.0740
756.0000 43.0000 -12.4800 21.3360
756.0000 70.0000 0.2750 14.3620
756.0000 10.0000 -13.4900 19.4780
756.0000 57.0000 -24.6630 49.0040
756.0000 73.0000 -3.3950 17.3900
756.0000 5.0000 6.7680 17.8950
756.0000 46.0000 -12.9620 18.4680
756.0000 20.0000 -6.9970 17.8030
756.0000 40.0000 -13.3520 21.0150
756.0000 74.0000 7.7770 12.5950
756.0000 3.0000 3.7170 21.1070
756.0000 68.0000 -24.2040 15.6230
756.0000 13.0000 0.3210 15.4630
756.0000 7.0000 5.5520 16.4720
768.0000 70.0000 0.0460 14.3620
768.0000 40.0000 -13.1690 21.1750
768.0000 29.0000 -1.3770 17.8950
768.0000 7.0000 3.7620 16.4720
768.0000 0.0000 10.9890 17.9860
768.0000 17.0000 -12.4350 20.0740
768.0000 43.0000 -12.3200 21.3360
768.0000 10.0000 -13.3290 19.4780
768.0000 24.0000 -26.3140 44.8060
768.0000 74.0000 7.4100 12.5950
768.0000 46.0000 -13.7190 18.4680
768.0000 36.0000 -4.8410 18.5600
768.0000 62.0000 -28.1270 15.5320
768.0000 27.0000 -28.3100 -5.8960
768.0000 65.0000 -28.2420 17.4820
768.0000 5.0000 4.9550 17.8950
768.0000 50.0000 -13.9720 19.4090
768.0000 32.0000 -4.3590 16.3810
768.0000 57.0000 -24.6630 49.0040
768.0000 13.0000 0.0920 15.4630
768.0000 68.0000 -24.9610 15.6230
768.0000 6.0000 5.3230 19.4090
768.0000 73.0000 -4.2670 17.2290
768.0000 20.0000 -7.9840 17.6420
768.0000 3.0000 2.6610 21.1070
780.0000 17.0000 -12.1130 20.0740
780.0000 20.0000 -8.8100 17.6420
780.0000 62.0000 -28.7230 15.7150
780.0000 27.0000 -28.8610 -6.4700
780.0000 74.0000 7.1120 12.5950
780.0000 65.0000 -28.9300 17.6420
780.0000 40.0000 -13.0310 21.3360
780.0000 10.0000 -13.1000 19.6610
780.0000 21.0000 -31.5220 6.9510
780.0000 43.0000 -12.0900 21.5200
780.0000 13.0000 -0.0690 15.4630
780.0000 3.0000 2.8910 21.2440
780.0000 57.0000 -24.5710 49.0040
780.0000 73.0000 -5.0930 17.0460
780.0000 0.0000 10.5070 18.1470
780.0000 68.0000 -25.7180 15.6230
780.0000 7.0000 3.2120 16.4720
780.0000 5.0000 4.6800 17.8950
780.0000 70.0000 -0.1380 14.3620
780.0000 6.0000 4.9100 19.3170
780.0000 36.0000 -5.6900 18.3990
780.0000 29.0000 -1.6750 18.5600
780.0000 24.0000 -26.5440 44.6220
780.0000 50.0000 -14.4300 19.7530
780.0000 46.0000 -14.1780 18.4680
780.0000 32.0000 -5.1160 16.2200
792.0000 33.0000 -5.4140 16.2200
792.0000 24.0000 -27.0710 43.7960
792.0000 0.0000 10.2780 18.4910
792.0000 20.0000 -9.1080 17.8030
792.0000 40.0000 -12.8930 21.5200
792.0000 17.0000 -11.7460 20.0740
792.0000 37.0000 -5.9880 18.3990
792.0000 7.0000 2.9820 16.4720
792.0000 57.0000 -24.5710 49.0040
792.0000 21.0000 -31.5220 5.5290
792.0000 43.0000 -11.9070 21.5200
792.0000 4.0000 3.3950 21.4280
