0.000 0.000 12.100 -9.230
12.000 0.000 12.420 -9.540
24.000 0.000 12.730 -9.740
36.000 0.000 13.120 -9.890
48.000 0.000 13.430 -10.050
60.000 0.000 13.840 -10.210
72.000 0.000 14.150 -10.360
84.000 0.000 14.540 -10.520
96.000 0.000 14.850 -10.670
108.000 0.000 15.240 -11.030
120.000 0.000 15.480 -11.180
132.000 0.000 15.730 -11.340
144.000 0.000 15.890 -11.650
156.000 0.000 16.120 -11.840
168.000 0.000 16.360 -12.160
180.000 0.000 16.590 -12.310
192.000 0.000 16.820 -12.470
204.000 0.000 17.060 -12.780
216.000 0.000 17.290 -12.980
228.000 0.000 17.530 -13.290
0.000 8.000 -8.510 -0.240
12.000 8.000 -8.510 1.300
24.000 8.000 -8.510 2.920
36.000 8.000 -8.510 4.540
48.000 8.000 -8.510 6.150
60.000 8.000 -8.660 7.620
72.000 8.000 -8.820 9.230
84.000 8.000 -9.290 10.460
96.000 8.000 -9.680 11.750
108.000 8.000 -10.010 12.730
120.000 8.000 -9.370 10.270
132.000 8.000 -8.740 7.930
144.000 8.000 -9.760 8.340
156.000 8.000 -14.920 15.960
168.000 8.000 -16.680 16.120
180.000 8.000 -18.410 16.290
192.000 8.000 -20.190 16.530
204.000 8.000 -21.940 16.680
216.000 8.000 -23.680 16.840
228.000 8.000 -24.790 17.000
0.000 46.000 3.250 31.600
12.000 46.000 2.940 31.430
24.000 46.000 2.710 31.270
36.000 46.000 2.430 31.110
48.000 46.000 2.160 31.110
60.000 46.000 1.890 30.940
72.000 46.000 1.730 30.780
84.000 46.000 1.650 30.630
96.000 46.000 1.500 30.450
108.000 46.000 1.420 30.450
120.000 46.000 1.340 30.290
132.000 46.000 1.260 30.140
144.000 46.000 1.160 29.960
156.000 46.000 1.010 29.810
168.000 46.000 1.010 29.650
180.000 46.000 1.090 29.160
192.000 46.000 1.260 28.830
204.000 46.000 1.340 28.340
216.000 46.000 1.500 28.030
228.000 46.000 1.570 27.550
0.000 26.000 0.190 51.670
12.000 26.000 0.190 51.670
24.000 26.000 0.190 51.670
36.000 26.000 0.190 51.670
48.000 26.000 0.190 51.670
60.000 26.000 0.190 51.670
72.000 26.000 0.190 51.670
84.000 26.000 0.190 51.670
96.000 26.000 0.190 51.670
108.000 26.000 0.190 51.670
120.000 26.000 0.190 51.670
132.000 26.000 0.190 51.670
144.000 26.000 0.190 51.670
156.000 26.000 0.190 51.670
168.000 26.000 0.190 51.670
180.000 26.000 0.190 51.670
192.000 26.000 0.190 51.670
204.000 26.000 0.190 51.670
216.000 26.000 0.190 51.670
228.000 26.000 0.190 51.670
72.000 35.000 -14.160 -7.460
84.000 35.000 -15.350 -7.130
96.000 35.000 -16.520 -6.810
108.000 35.000 -17.710 -6.480
120.000 35.000 -18.880 -6.150
132.000 35.000 -20.070 -5.840
144.000 35.000 -21.240 -5.510
156.000 35.000 -25.530 -5.840
168.000 35.000 -27.090 -5.990
180.000 35.000 -27.090 -5.990
192.000 35.000 -27.090 -5.990
204.000 35.000 -27.090 -5.990
216.000 35.000 -27.090 -5.990
228.000 35.000 -27.090 -5.990
240.000 35.000 -27.090 -5.990
252.000 35.000 -27.090 -5.990
264.000 35.000 -27.090 -5.990
276.000 35.000 -27.090 -5.990
288.000 35.000 -26.930 -6.150
300.000 35.000 -26.000 -6.150
216.000 52.000 18.380 22.530
228.000 52.000 18.870 22.690
240.000 52.000 19.340 22.690
252.000 52.000 19.960 22.360
264.000 52.000 20.680 22.030
276.000 52.000 21.310 22.030
288.000 52.000 21.930 22.030
300.000 52.000 22.320 22.030
312.000 52.000 22.320 22.030
324.000 52.000 22.320 22.030
336.000 52.000 22.320 22.030
348.000 52.000 22.320 22.030
360.000 52.000 22.320 22.030
372.000 52.000 22.320 22.030
384.000 52.000 22.320 22.030
396.000 52.000 22.320 22.030
408.000 52.000 22.320 22.030
420.000 52.000 22.320 22.030
432.000 52.000 22.320 22.030
444.000 52.000 22.320 22.030
