0.000 2.000 3.880 9.370
12.000 2.000 3.920 9.050
24.000 2.000 4.120 9.210
36.000 2.000 4.550 9.610
48.000 2.000 5.030 9.530
60.000 2.000 5.540 9.610
72.000 2.000 4.950 10.990
84.000 2.000 5.620 10.420
96.000 2.000 5.500 12.450
108.000 2.000 6.290 10.990
120.000 2.000 6.810 11.230
132.000 2.000 6.810 11.230
144.000 2.000 6.880 11.310
156.000 2.000 6.960 11.380
168.000 2.000 7.040 11.460
180.000 2.000 7.040 11.640
192.000 2.000 6.450 11.070
204.000 2.000 6.530 11.070
216.000 2.000 6.610 11.070
228.000 2.000 6.690 11.070
0.000 4.000 -17.330 -0.800
12.000 4.000 -17.880 -1.040
24.000 4.000 -18.430 -1.200
36.000 4.000 -18.990 -1.200
48.000 4.000 -19.540 -1.200
60.000 4.000 -19.700 -1.200
72.000 4.000 -19.940 -1.350
84.000 4.000 -20.730 -1.350
96.000 4.000 -21.520 -1.200
108.000 4.000 -22.310 -1.040
120.000 4.000 -22.860 -1.040
132.000 4.000 -23.410 -1.040
144.000 4.000 -23.890 -1.200
156.000 4.000 -24.440 -1.350
168.000 4.000 -24.910 -1.510
180.000 4.000 -25.470 -1.510
192.000 4.000 -25.980 -1.510
204.000 4.000 -26.450 -1.510
216.000 4.000 -26.970 -1.510
228.000 4.000 -27.030 -1.350
0.000 5.000 -12.920 0.340
12.000 5.000 -12.690 0.340
24.000 5.000 -12.310 0.340
36.000 5.000 -12.080 0.270
48.000 5.000 -11.840 0.270
60.000 5.000 -11.600 0.270
72.000 5.000 -11.360 0.270
84.000 5.000 -11.210 0.270
96.000 5.000 -11.050 0.420
108.000 5.000 -10.890 0.580
120.000 5.000 -11.050 0.740
132.000 5.000 -11.680 0.740
144.000 5.000 -12.310 0.740
156.000 5.000 -12.390 0.740
168.000 5.000 -12.310 0.740
180.000 5.000 -12.310 0.740
192.000 5.000 -12.230 0.740
204.000 5.000 -12.230 0.740
216.000 5.000 -12.150 0.740
228.000 5.000 -12.080 0.580
0.000 6.000 -26.100 0.820
12.000 6.000 -26.100 0.820
24.000 6.000 -26.100 0.820
36.000 6.000 -26.100 0.820
48.000 6.000 -26.100 0.820
60.000 6.000 -26.100 0.820
72.000 6.000 -26.100 0.820
84.000 6.000 -26.100 0.820
96.000 6.000 -26.100 0.820
108.000 6.000 -26.100 0.820
120.000 6.000 -26.100 0.820
132.000 6.000 -26.100 0.820
144.000 6.000 -26.100 0.820
156.000 6.000 -26.100 0.820
168.000 6.000 -26.100 0.820
180.000 6.000 -26.100 0.820
192.000 6.000 -26.100 0.820
204.000 6.000 -26.100 0.820
216.000 6.000 -26.100 0.820
228.000 6.000 -26.100 0.820
0.000 7.000 -24.240 13.340
12.000 7.000 -23.100 13.160
24.000 7.000 -21.830 12.830
36.000 7.000 -20.570 12.670
48.000 7.000 -19.070 12.350
60.000 7.000 -17.720 12.190
72.000 7.000 -16.780 12.190
84.000 7.000 -15.060 11.880
96.000 7.000 -13.790 12.040
108.000 7.000 -12.550 11.880
120.000 7.000 -11.360 10.890
132.000 7.000 -10.180 10.260
144.000 7.000 -9.860 9.290
156.000 7.000 -9.150 9.130
168.000 7.000 -8.520 8.010
180.000 7.000 -7.890 6.860
192.000 7.000 -7.100 5.440
204.000 7.000 -6.390 4.140
216.000 7.000 -6.310 2.830
228.000 7.000 -5.830 1.570
0.000 10.000 -10.500 1.210
12.000 10.000 -10.420 1.390
24.000 10.000 -10.300 1.960
36.000 10.000 -10.220 2.360
48.000 10.000 -10.220 2.690
60.000 10.000 -10.260 2.930
72.000 10.000 -10.260 3.170
84.000 10.000 -10.260 3.010
96.000 10.000 -10.260 2.540
108.000 10.000 -10.260 2.180
120.000 10.000 -10.260 2.020
132.000 10.000 -10.260 2.380
144.000 10.000 -10.260 2.540
156.000 10.000 -10.260 2.690
168.000 10.000 -10.260 3.010
180.000 10.000 -10.260 3.170
192.000 10.000 -10.260 3.480
204.000 10.000 -10.340 3.640
216.000 10.000 -10.340 3.640
228.000 10.000 -10.340 3.640
0.000 11.000 -2.630 35.160
12.000 11.000 -2.710 35.010
24.000 11.000 -3.310 34.850
36.000 11.000 -3.860 34.590
48.000 11.000 -4.490 34.590
60.000 11.000 -5.040 34.590
72.000 11.000 -4.970 34.430
84.000 11.000 -4.890 34.430
96.000 11.000 -4.810 34.280
108.000 11.000 -4.730 34.280
120.000 11.000 -4.650 34.120
132.000 11.000 -4.570 33.960
144.000 11.000 -4.490 33.960
156.000 11.000 -4.410 33.800
168.000 11.000 -4.330 33.800
180.000 11.000 -4.250 33.800
192.000 11.000 -4.610 34.120
204.000 11.000 -4.970 34.430
216.000 11.000 -5.360 34.590
228.000 11.000 -5.720 34.930
0.000 12.000 -0.940 34.830
12.000 12.000 -1.020 34.830
24.000 12.000 -1.490 34.830
36.000 12.000 -2.040 34.930
48.000 12.000 -2.440 35.080
60.000 12.000 -2.830 35.080
72.000 12.000 -3.150 35.080
84.000 12.000 -3.390 35.080
96.000 12.000 -3.540 35.080
108.000 12.000 -3.780 35.080
120.000 12.000 -3.940 35.080
132.000 12.000 -4.140 35.080
144.000 12.000 -4.330 35.080
156.000 12.000 -4.530 35.080
168.000 12.000 -4.770 35.080
180.000 12.000 -4.930 35.080
192.000 12.000 -5.160 35.080
204.000 12.000 -5.320 35.080
216.000 12.000 -5.560 35.080
228.000 12.000 -5.720 35.080
0.000 14.000 0.310 44.660
12.000 14.000 0.310 44.030
24.000 14.000 0.310 43.560
36.000 14.000 0.310 42.890
48.000 14.000 0.310 42.410
60.000 14.000 0.310 41.780
72.000 14.000 0.310 41.310
84.000 14.000 0.390 40.630
96.000 14.000 0.540 40.160
108.000 14.000 0.700 39.530
120.000 14.000 0.780 39.030
132.000 14.000 0.620 38.700
144.000 14.000 0.700 38.070
156.000 14.000 0.780 37.280
168.000 14.000 1.000 36.610
180.000 14.000 1.240 36.050
192.000 14.000 1.550 35.970
204.000 14.000 1.990 35.660
216.000 14.000 2.540 35.340
228.000 14.000 3.090 34.830
0.000 15.000 1.080 29.610
12.000 15.000 3.210 29.140
24.000 15.000 4.630 28.630
36.000 15.000 6.530 27.840
48.000 15.000 8.350 27.200
60.000 15.000 10.080 26.380
72.000 15.000 11.820 25.740
84.000 15.000 13.480 25.590
96.000 15.000 15.200 25.430
108.000 15.000 17.000 25.270
120.000 15.000 18.890 25.070
132.000 15.000 20.790 25.070
144.000 15.000 22.760 24.600
156.000 15.000 24.820 24.120
168.000 15.000 26.790 24.120
180.000 15.000 28.180 24.120
192.000 15.000 27.420 24.280
204.000 15.000 26.080 24.440
216.000 15.000 24.740 24.760
228.000 15.000 23.440 25.070
0.000 16.000 -23.450 28.470
12.000 16.000 -22.980 28.310
24.000 16.000 -22.500 28.150
36.000 16.000 -21.950 27.990
48.000 16.000 -21.480 27.990
60.000 16.000 -20.840 27.840
72.000 16.000 -20.290 27.840
84.000 16.000 -19.660 27.840
96.000 16.000 -19.110 27.680
108.000 16.000 -18.550 27.680
120.000 16.000 -17.920 27.680
132.000 16.000 -17.370 27.520
144.000 16.000 -16.740 27.520
156.000 16.000 -16.180 27.520
168.000 16.000 -15.630 27.520
180.000 16.000 -15.080 27.520
192.000 16.000 -14.540 27.520
204.000 16.000 -13.990 27.520
216.000 16.000 -13.440 27.520
228.000 16.000 -12.890 27.520
0.000 26.000 4.280 32.340
12.000 26.000 3.840 32.420
24.000 26.000 3.450 32.580
36.000 26.000 3.050 32.810
48.000 26.000 2.660 32.890
60.000 26.000 2.300 33.070
72.000 26.000 1.910 33.070
84.000 26.000 1.510 33.070
96.000 26.000 1.040 33.250
108.000 26.000 0.660 33.410
120.000 26.000 0.270 33.560
132.000 26.000 -0.190 33.410
144.000 26.000 -0.660 33.410
156.000 26.000 -1.050 33.250
168.000 26.000 -1.530 33.250
180.000 26.000 -1.920 33.250
192.000 26.000 -2.320 33.250
204.000 26.000 -2.710 33.410
216.000 26.000 -3.110 33.410
228.000 26.000 -3.580 33.410
0.000 27.000 2.700 34.750
12.000 27.000 2.380 34.750
24.000 27.000 2.070 34.930
36.000 27.000 1.830 35.080
48.000 27.000 1.510 35.260
60.000 27.000 1.200 35.580
72.000 27.000 0.800 35.740
84.000 27.000 0.510 35.740
96.000 27.000 0.110 35.580
108.000 27.000 -0.260 35.420
120.000 27.000 -0.660 35.420
132.000 27.000 -1.090 35.420
144.000 27.000 -1.490 35.420
156.000 27.000 -1.840 35.500
168.000 27.000 -2.280 35.500
180.000 27.000 -2.600 35.420
192.000 27.000 -2.990 35.420
204.000 27.000 -3.390 35.260
216.000 27.000 -3.700 35.260
228.000 27.000 -4.100 35.260
0.000 28.000 1.510 33.560
12.000 28.000 1.200 33.560
24.000 28.000 0.880 33.720
36.000 28.000 0.660 33.880
48.000 28.000 0.350 34.040
60.000 28.000 -0.190 33.880
72.000 28.000 -0.820 33.410
84.000 28.000 -1.370 33.250
96.000 28.000 -1.610 33.410
108.000 28.000 -1.920 33.560
120.000 28.000 -2.160 33.880
132.000 28.000 -2.630 33.720
144.000 28.000 -3.030 33.560
156.000 28.000 -3.420 33.410
168.000 28.000 -3.820 33.250
180.000 28.000 -4.140 33.410
192.000 28.000 -4.530 33.560
204.000 28.000 -4.850 33.880
216.000 28.000 -5.160 34.200
228.000 28.000 -5.560 34.350
144.000 30.000 6.810 30.250
156.000 30.000 6.410 30.400
168.000 30.000 5.860 30.560
180.000 30.000 5.380 30.720
192.000 30.000 4.830 31.060
204.000 30.000 4.280 31.390
216.000 30.000 3.720 31.870
228.000 30.000 3.090 32.180
240.000 30.000 2.460 32.660
252.000 30.000 1.830 32.660
264.000 30.000 1.120 32.660
276.000 30.000 0.430 32.660
288.000 30.000 -0.210 32.970
300.000 30.000 -0.740 33.170
312.000 30.000 -1.370 33.330
324.000 30.000 -2.000 33.490
336.000 30.000 -2.560 33.640
348.000 30.000 -3.110 33.800
360.000 30.000 -3.820 33.800
372.000 30.000 -4.450 33.800
156.000 17.000 -8.240 33.170
168.000 17.000 -7.930 32.970
180.000 17.000 -7.690 32.810
192.000 17.000 -7.690 32.340
204.000 17.000 -7.770 31.870
216.000 17.000 -7.770 31.550
228.000 17.000 -7.770 31.710
240.000 17.000 -7.770 31.870
252.000 17.000 -7.690 31.870
264.000 17.000 -7.690 32.020
276.000 17.000 -7.850 32.180
288.000 17.000 -8.090 32.340
300.000 17.000 -8.320 32.500
312.000 17.000 -8.480 32.500
324.000 17.000 -8.720 32.340
336.000 17.000 -8.880 32.340
348.000 17.000 -8.640 32.810
360.000 17.000 -8.400 33.170
372.000 17.000 -8.400 33.170
384.000 17.000 -8.400 33.170
