336.000 26.000 8.670 27.190
348.000 26.000 8.240 27.010
360.000 26.000 7.650 27.010
372.000 26.000 7.150 26.830
384.000 26.000 6.560 26.830
396.000 26.000 6.030 26.830
408.000 26.000 5.440 26.650
420.000 26.000 4.950 26.650
432.000 26.000 4.350 26.650
444.000 26.000 3.860 26.470
456.000 26.000 3.270 26.470
468.000 26.000 2.770 26.260
480.000 26.000 2.180 26.260
492.000 26.000 1.680 26.260
504.000 26.000 1.130 26.170
516.000 26.000 0.630 26.170
528.000 26.000 0.180 26.170
540.000 26.000 -0.320 26.170
552.000 26.000 -0.820 26.170
564.000 26.000 -1.430 25.900
444.000 11.000 -30.920 27.490
456.000 11.000 -29.830 26.560
468.000 11.000 -29.150 26.560
480.000 11.000 -28.580 26.350
492.000 11.000 -27.990 25.990
504.000 11.000 -27.470 25.990
516.000 11.000 -26.970 26.370
528.000 11.000 -26.450 26.650
540.000 11.000 -26.040 26.920
552.000 11.000 -25.540 27.100
564.000 11.000 -24.950 27.100
576.000 11.000 -24.360 26.920
588.000 11.000 -23.680 26.740
600.000 11.000 -23.090 26.560
612.000 11.000 -22.500 26.370
624.000 11.000 -22.000 25.990
636.000 11.000 -21.590 25.600
648.000 11.000 -21.160 25.060
660.000 11.000 -20.730 24.490
672.000 11.000 -20.410 24.100
504.000 17.000 -19.410 20.740
516.000 17.000 -19.730 20.740
528.000 17.000 -20.140 20.740
540.000 17.000 -20.500 20.560
552.000 17.000 -20.910 20.560
564.000 17.000 -21.230 20.360
576.000 17.000 -21.590 20.360
588.000 17.000 -22.000 20.180
600.000 17.000 -22.340 20.180
612.000 17.000 -22.770 20.180
624.000 17.000 -23.000 19.970
636.000 17.000 -23.180 19.970
648.000 17.000 -23.450 19.970
660.000 17.000 -23.590 19.970
672.000 17.000 -23.860 19.970
684.000 17.000 -24.040 19.970
696.000 17.000 -24.270 19.790
708.000 17.000 -24.450 19.790
720.000 17.000 -24.680 19.790
732.000 17.000 -24.860 19.790
504.000 21.000 17.910 4.610
516.000 21.000 17.910 4.610
528.000 21.000 17.910 4.610
540.000 21.000 17.910 4.610
552.000 21.000 17.910 4.610
564.000 21.000 17.910 4.610
576.000 21.000 17.910 4.610
588.000 21.000 17.910 4.610
600.000 21.000 17.910 4.610
612.000 21.000 17.910 4.610
624.000 21.000 17.910 4.610
636.000 21.000 17.910 4.610
648.000 21.000 17.910 4.610
660.000 21.000 17.910 4.610
672.000 21.000 17.910 4.610
684.000 21.000 17.910 4.610
696.000 21.000 17.910 4.610
708.000 21.000 17.910 4.610
720.000 21.000 17.910 4.610
732.000 21.000 17.910 4.610
576.000 19.000 21.490 17.360
588.000 19.000 20.810 17.360
600.000 19.000 20.220 17.360
612.000 19.000 19.630 17.360
624.000 19.000 19.040 17.360
636.000 19.000 18.540 17.360
648.000 19.000 18.110 17.180
660.000 19.000 17.700 17.180
672.000 19.000 17.360 17.000
684.000 19.000 16.860 16.800
696.000 19.000 16.270 16.800
708.000 19.000 15.680 16.610
720.000 19.000 15.090 16.610
732.000 19.000 14.500 16.410
744.000 19.000 13.820 16.410
756.000 19.000 13.230 16.410
768.000 19.000 12.730 16.800
780.000 19.000 12.140 17.000
792.000 19.000 11.550 17.180
804.000 19.000 10.960 17.180
576.000 27.000 -2.020 25.720
588.000 27.000 -2.700 25.330
600.000 27.000 -3.290 24.940
612.000 27.000 -3.950 24.760
624.000 27.000 -4.540 24.400
636.000 27.000 -5.040 24.400
648.000 27.000 -5.630 24.400
660.000 27.000 -6.220 24.220
672.000 27.000 -6.810 24.220
684.000 27.000 -7.310 24.040
696.000 27.000 -7.900 24.040
708.000 27.000 -8.490 24.040
720.000 27.000 -9.080 24.040
732.000 27.000 -9.580 24.400
744.000 27.000 -10.170 24.580
756.000 27.000 -10.760 24.760
768.000 27.000 -11.350 24.940
780.000 27.000 -11.940 24.940
792.000 27.000 -12.530 24.760
804.000 27.000 -13.120 24.580
624.000 31.000 -29.580 30.780
636.000 31.000 -29.990 30.190
648.000 31.000 -30.580 29.460
660.000 31.000 -31.170 28.890
672.000 31.000 -31.330 28.240
684.000 31.000 -31.780 27.670
696.000 31.000 -31.920 27.780
708.000 31.000 -31.970 27.960
720.000 31.000 -31.970 27.960
732.000 31.000 -31.970 27.960
744.000 31.000 -31.970 27.960
756.000 31.000 -31.970 27.960
768.000 31.000 -31.970 27.960
780.000 31.000 -31.970 27.960
792.000 31.000 -31.970 27.960
804.000 31.000 -31.970 27.960
816.000 31.000 -31.970 27.960
828.000 31.000 -31.970 27.960
840.000 31.000 -31.970 27.960
852.000 31.000 -31.970 27.960
684.000 12.000 -20.000 23.560
696.000 12.000 -19.550 23.170
708.000 12.000 -19.140 22.700
720.000 12.000 -18.730 22.330
732.000 12.000 -18.280 21.880
744.000 12.000 -17.820 21.380
756.000 12.000 -17.410 20.930
768.000 12.000 -17.010 20.560
780.000 12.000 -16.640 20.150
792.000 12.000 -16.100 19.700
804.000 12.000 -15.600 19.340
816.000 12.000 -15.100 18.970
828.000 12.000 -14.600 18.570
840.000 12.000 -14.100 18.200
852.000 12.000 -13.600 17.840
864.000 12.000 -13.100 17.480
876.000 12.000 -12.600 17.070
888.000 12.000 -12.150 16.700
900.000 12.000 -11.650 16.160
912.000 12.000 -11.240 15.750
744.000 22.000 17.910 4.610
756.000 22.000 17.910 4.610
768.000 22.000 17.910 4.610
780.000 22.000 17.910 4.610
792.000 22.000 17.910 4.610
804.000 22.000 17.910 4.610
816.000 22.000 17.910 4.610
828.000 22.000 17.910 4.610
840.000 22.000 17.910 4.610
852.000 22.000 17.910 4.610
864.000 22.000 17.910 4.610
876.000 22.000 17.910 4.610
888.000 22.000 17.910 4.610
900.000 22.000 17.910 4.610
912.000 22.000 17.910 4.610
924.000 22.000 17.910 4.610
936.000 22.000 17.910 4.610
948.000 22.000 17.910 4.610
960.000 22.000 17.910 4.610
972.000 22.000 17.910 4.610
816.000 28.000 -13.710 24.580
828.000 28.000 -14.300 24.760
840.000 28.000 -14.890 24.940
852.000 28.000 -15.480 25.130
864.000 28.000 -16.080 25.330
876.000 28.000 -16.570 25.530
888.000 28.000 -17.010 25.530
900.000 28.000 -17.410 25.530
912.000 28.000 -17.850 25.530
924.000 28.000 -18.440 25.720
936.000 28.000 -19.030 25.720
948.000 28.000 -19.620 25.720
960.000 28.000 -20.370 25.900
972.000 28.000 -21.020 26.080
984.000 28.000 -21.700 26.260
996.000 28.000 -22.200 26.260
1008.000 28.000 -22.790 26.170
1020.000 28.000 -23.430 26.080
1032.000 28.000 -24.020 26.170
1044.000 28.000 -24.610 26.080
864.000 33.000 -31.700 27.540
876.000 33.000 -31.700 27.530
888.000 33.000 -31.700 27.530
900.000 33.000 -31.690 27.520
912.000 33.000 -31.690 27.510
924.000 33.000 -31.690 27.500
936.000 33.000 -31.690 27.490
948.000 33.000 -31.680 27.490
960.000 33.000 -31.680 27.480
972.000 33.000 -31.680 27.470
984.000 33.000 -31.680 27.460
996.000 33.000 -31.670 27.450
1008.000 33.000 -31.670 27.440
1020.000 33.000 -31.670 27.440
1032.000 33.000 -31.670 27.430
1044.000 33.000 -31.660 27.420
1056.000 33.000 -31.660 27.410
1068.000 33.000 -31.660 27.400
1080.000 33.000 -31.660 27.400
1092.000 33.000 -31.650 27.390
900.000 5.000 -30.400 30.870
912.000 5.000 -30.170 30.690
924.000 5.000 -29.850 30.280
936.000 5.000 -29.580 30.100
948.000 5.000 -29.260 29.920
960.000 5.000 -28.610 29.550
972.000 5.000 -27.860 29.370
984.000 5.000 -26.990 29.190
996.000 5.000 -26.270 28.780
1008.000 5.000 -25.680 28.420
1020.000 5.000 -25.090 28.050
1032.000 5.000 -24.410 27.870
1044.000 5.000 -23.720 27.690
1056.000 5.000 -23.130 27.370
1068.000 5.000 -22.450 27.100
1080.000 5.000 -21.800 26.830
1092.000 5.000 -21.210 26.650
1104.000 5.000 -20.460 26.470
1116.000 5.000 -19.680 26.190
1128.000 5.000 -18.940 25.970
924.000 13.000 -10.830 15.390
936.000 13.000 -10.470 15.020
948.000 13.000 -10.060 14.460
960.000 13.000 -9.650 14.070
972.000 13.000 -9.290 13.710
984.000 13.000 -8.970 13.160
996.000 13.000 -8.700 12.570
1008.000 13.000 -8.520 11.850
1020.000 13.000 -8.380 11.260
1032.000 13.000 -8.240 10.620
1044.000 13.000 -8.130 9.940
1056.000 13.000 -7.970 9.390
1068.000 13.000 -7.880 8.650
1080.000 13.000 -7.740 8.080
1092.000 13.000 -7.590 7.440
1104.000 13.000 -7.490 6.760
1116.000 13.000 -7.360 6.130
1128.000 13.000 -7.200 5.540
1140.000 13.000 -7.090 4.900
1152.000 13.000 -7.000 4.220
1104.000 34.000 -31.650 27.380
1116.000 34.000 -31.650 27.370
1128.000 34.000 -31.650 27.360
1140.000 34.000 -31.640 27.360
1152.000 34.000 -31.640 27.350
1164.000 34.000 -31.640 27.340
1176.000 34.000 -31.640 27.330
1188.000 34.000 -31.630 27.320
1200.000 34.000 -31.630 27.310
1212.000 34.000 -31.630 27.310
1224.000 34.000 -31.630 27.300
1236.000 34.000 -31.620 27.290
1248.000 34.000 -31.620 27.280
1260.000 34.000 -31.620 27.270
1272.000 34.000 -31.620 27.270
1284.000 34.000 -31.610 27.260
1296.000 34.000 -31.610 27.250
1308.000 34.000 -31.610 27.240
1320.000 34.000 -31.610 27.230
1332.000 34.000 -31.600 27.220
1140.000 6.000 -18.190 25.690
1152.000 6.000 -17.320 25.510
1164.000 6.000 -16.670 25.330
1176.000 6.000 -16.010 25.150
1188.000 6.000 -15.330 24.970
1200.000 6.000 -14.640 24.970
1212.000 6.000 -13.960 24.790
1224.000 6.000 -13.280 24.580
1236.000 6.000 -12.620 24.380
1248.000 6.000 -11.880 24.380
1260.000 6.000 -11.100 24.200
1272.000 6.000 -10.420 24.200
1284.000 6.000 -9.700 24.200
1296.000 6.000 -8.920 24.010
1308.000 6.000 -8.150 24.010
1320.000 6.000 -7.490 23.830
1332.000 6.000 -6.840 23.650
1344.000 6.000 -6.060 23.470
1356.000 6.000 -5.380 23.260
1368.000 6.000 -4.700 23.080
1164.000 14.000 -6.810 3.670
1176.000 14.000 -6.680 2.950
1188.000 14.000 -6.610 2.360
1200.000 14.000 -6.450 1.810
1212.000 14.000 -6.310 1.040
1224.000 14.000 -6.180 0.500
1236.000 14.000 -6.060 -0.280
1248.000 14.000 -5.950 -0.820
1260.000 14.000 -5.810 -1.480
1272.000 14.000 -5.630 -2.140
1284.000 14.000 -5.560 -2.680
1296.000 14.000 -5.430 -3.360
1308.000 14.000 -5.270 -4.000
1320.000 14.000 -5.180 -4.680
1332.000 14.000 -5.070 -5.220
1344.000 14.000 -4.880 -5.880
1356.000 14.000 -4.750 -6.540
1368.000 14.000 -4.680 -7.180
1380.000 14.000 -4.520 -7.860
1392.000 14.000 -4.380 -8.400
1296.000 30.000 -31.470 28.600
1308.000 30.000 -30.780 28.990
1320.000 30.000 -30.040 29.370
1332.000 30.000 -29.540 29.920
1344.000 30.000 -29.100 30.480
1356.000 30.000 -28.700 31.230
1368.000 30.000 -28.510 31.410
1380.000 30.000 -28.510 31.410
1392.000 30.000 -28.510 31.410
1404.000 30.000 -28.510 31.410
1416.000 30.000 -28.510 31.410
1428.000 30.000 -28.510 31.410
1440.000 30.000 -28.510 31.410
1452.000 30.000 -28.510 31.410
1464.000 30.000 -28.510 31.410
1476.000 30.000 -28.510 31.410
1488.000 30.000 -28.510 31.410
1500.000 30.000 -28.510 31.410
1512.000 30.000 -28.510 31.410
1524.000 30.000 -28.510 31.410
1380.000 7.000 -4.040 23.080
1392.000 7.000 -3.290 23.080
1404.000 7.000 -2.610 23.080
1416.000 7.000 -1.840 23.080
1428.000 7.000 -1.120 23.080
1440.000 7.000 -0.430 23.080
1452.000 7.000 0.250 23.260
1464.000 7.000 0.930 23.260
1476.000 7.000 1.590 23.260
1488.000 7.000 2.270 23.470
1500.000 7.000 2.770 23.470
1512.000 7.000 3.220 23.650
1524.000 7.000 3.700 23.920
1536.000 7.000 4.200 24.220
1548.000 7.000 5.080 24.400
1560.000 7.000 6.100 24.400
1572.000 7.000 7.100 24.400
1584.000 7.000 7.940 24.400
1596.000 7.000 8.370 24.940
1608.000 7.000 8.780 24.400
1500.000 32.000 -22.820 22.150
1512.000 32.000 -23.410 22.150
1524.000 32.000 -24.000 22.240
1536.000 32.000 -24.630 22.150
1548.000 32.000 -25.270 22.150
1560.000 32.000 -25.950 21.970
1572.000 32.000 -26.630 21.970
1584.000 32.000 -27.220 21.770
1596.000 32.000 -27.720 21.770
1608.000 32.000 -28.220 21.770
1620.000 32.000 -28.810 21.770
1632.000 32.000 -29.490 21.970
1644.000 32.000 -30.170 22.150
1656.000 32.000 -30.720 21.770
1668.000 32.000 -31.080 21.020
1680.000 32.000 -31.470 20.270
1692.000 32.000 -31.470 20.060
1704.000 32.000 -31.470 20.060
1716.000 32.000 -31.470 19.880
1728.000 32.000 -31.470 19.880
1500.000 37.000 18.950 3.860
1512.000 37.000 18.910 3.770
1524.000 37.000 18.910 3.770
1536.000 37.000 18.910 3.670
1548.000 37.000 18.910 3.670
1560.000 37.000 18.910 3.670
1572.000 37.000 18.910 3.580
1584.000 37.000 18.910 3.580
1596.000 37.000 18.910 3.580
1608.000 37.000 18.910 3.490
1620.000 37.000 18.910 3.490
1632.000 37.000 18.810 3.490
1644.000 37.000 18.810 3.490
1656.000 37.000 18.810 3.490
1668.000 37.000 18.810 3.490
1680.000 37.000 18.810 3.490
1692.000 37.000 18.770 3.490
1704.000 37.000 18.770 3.490
1716.000 37.000 18.770 3.490
1728.000 37.000 18.770 3.490
1620.000 8.000 9.460 24.400
1632.000 8.000 9.960 23.650
1644.000 8.000 10.460 22.900
1656.000 8.000 11.140 22.520
1668.000 8.000 11.980 22.330
1680.000 8.000 12.820 22.130
1692.000 8.000 13.320 21.580
1704.000 8.000 13.820 21.200
1716.000 8.000 14.320 20.840
1728.000 8.000 14.840 20.840
1740.000 8.000 15.340 20.840
1752.000 8.000 15.840 20.840
1764.000 8.000 16.360 20.840
1776.000 8.000 16.950 20.630
1788.000 8.000 17.610 20.450
1800.000 8.000 18.360 20.270
1812.000 8.000 19.040 20.090
1824.000 8.000 19.880 19.900
1836.000 8.000 20.630 19.900
1848.000 8.000 21.060 19.520
1740.000 38.000 18.770 3.490
1752.000 38.000 18.680 3.490
1764.000 38.000 18.680 3.490
1776.000 38.000 18.680 3.490
1788.000 38.000 18.680 3.490
1800.000 38.000 18.680 3.490
1812.000 38.000 18.590 3.490
1824.000 38.000 18.590 3.490
1836.000 38.000 18.590 3.490
1848.000 38.000 18.590 3.490
1860.000 38.000 18.590 3.490
1872.000 38.000 18.500 3.490
1884.000 38.000 18.500 3.490
1896.000 38.000 18.410 3.490
1908.000 38.000 18.410 3.490
1920.000 38.000 18.320 3.490
1932.000 38.000 18.320 3.490
1944.000 38.000 18.320 3.490
1956.000 38.000 18.320 3.490
1968.000 38.000 18.320 3.490
1860.000 9.000 21.720 19.340
1872.000 9.000 22.240 19.340
1884.000 9.000 21.560 20.090
1896.000 9.000 21.560 20.090
1908.000 9.000 21.560 20.090
1920.000 9.000 21.560 20.090
1932.000 9.000 21.560 20.090
1944.000 9.000 21.560 20.090
1956.000 9.000 21.560 20.090
1968.000 9.000 21.560 20.090
1980.000 9.000 21.560 20.090
1992.000 9.000 21.560 20.090
2004.000 9.000 21.540 19.900
2016.000 9.000 21.540 19.430
2028.000 9.000 21.560 19.130
2040.000 9.000 21.560 18.770
2052.000 9.000 21.610 18.320
2064.000 9.000 21.610 18.020
2076.000 9.000 21.650 17.540
2088.000 9.000 21.360 17.540
1968.000 10.000 -21.320 20.540
1980.000 10.000 -21.000 20.720
1992.000 10.000 -20.070 21.680
2004.000 10.000 -20.410 21.220
2016.000 10.000 -20.050 21.020
2028.000 10.000 -19.640 20.740
2040.000 10.000 -19.320 20.650
2052.000 10.000 -19.120 20.150
2064.000 10.000 -19.300 21.310
2076.000 10.000 -18.480 20.090
2088.000 10.000 -17.980 19.610
2100.000 10.000 -17.750 19.610
2112.000 10.000 -17.510 19.070
2124.000 10.000 -17.390 19.250
2136.000 10.000 -17.120 18.680
2148.000 10.000 -16.960 17.750
2160.000 10.000 -16.760 17.270
2172.000 10.000 -16.530 18.000
2184.000 10.000 -16.370 17.540
2196.000 10.000 -16.170 15.960
