24.000 18.000 20.360 31.220
36.000 18.000 20.320 30.790
48.000 18.000 20.290 30.140
60.000 18.000 20.290 29.560
72.000 18.000 20.250 28.860
84.000 18.000 20.250 28.280
96.000 18.000 20.240 27.720
108.000 18.000 20.200 27.070
120.000 18.000 20.200 26.500
132.000 18.000 20.200 25.920
144.000 18.000 20.240 25.340
156.000 18.000 20.270 24.910
168.000 18.000 20.320 24.350
180.000 18.000 20.360 23.760
192.000 18.000 20.360 23.340
204.000 18.000 20.360 22.770
216.000 18.000 20.320 22.190
228.000 18.000 20.320 21.610
240.000 18.000 20.360 21.180
252.000 18.000 20.390 20.910
108.000 20.000 -15.740 11.730
120.000 20.000 -16.120 11.730
132.000 20.000 -16.490 11.880
144.000 20.000 -16.870 11.880
156.000 20.000 -17.250 12.020
168.000 20.000 -17.620 12.170
180.000 20.000 -17.760 12.170
192.000 20.000 -17.810 12.310
204.000 20.000 -17.880 12.310
216.000 20.000 -17.930 12.440
228.000 20.000 -18.000 12.600
240.000 20.000 -18.070 12.600
252.000 20.000 -18.140 12.740
264.000 20.000 -18.190 12.740
276.000 20.000 -18.260 12.890
288.000 20.000 -18.310 13.030
300.000 20.000 -18.380 13.030
312.000 20.000 -18.380 13.160
324.000 20.000 -18.380 13.160
336.000 20.000 -18.380 13.160
120.000 21.000 20.240 32.930
132.000 21.000 19.960 31.800
144.000 21.000 19.790 30.640
156.000 21.000 19.590 29.510
168.000 21.000 19.420 28.350
180.000 21.000 19.180 27.360
192.000 21.000 18.970 26.210
204.000 21.000 18.770 25.060
216.000 21.000 18.730 24.210
228.000 21.000 18.730 23.200
240.000 21.000 18.730 22.330
252.000 21.000 18.730 21.470
264.000 21.000 18.590 20.620
276.000 21.000 17.980 20.040
288.000 21.000 17.330 19.470
300.000 21.000 16.710 18.890
312.000 21.000 15.690 18.460
324.000 21.000 14.180 18.190
336.000 21.000 13.120 18.040
348.000 21.000 12.300 18.040
336.000 2.000 -6.250 48.700
348.000 2.000 -6.180 48.130
360.000 2.000 -6.130 47.550
372.000 2.000 -6.060 46.990
384.000 2.000 -5.940 46.410
396.000 2.000 -5.880 45.820
408.000 2.000 -5.760 45.260
420.000 2.000 -5.690 44.700
432.000 2.000 -5.570 44.110
444.000 2.000 -5.500 43.530
456.000 2.000 -5.430 42.970
468.000 2.000 -5.310 42.400
480.000 2.000 -5.240 41.820
492.000 2.000 -5.120 41.240
504.000 2.000 -5.050 40.760
516.000 2.000 -5.020 40.320
528.000 2.000 -4.990 39.890
540.000 2.000 -4.950 39.460
552.000 2.000 -4.940 38.950
564.000 2.000 -4.900 38.590
360.000 22.000 11.410 17.900
372.000 22.000 10.590 17.900
384.000 22.000 9.700 17.900
396.000 22.000 8.880 17.750
408.000 22.000 8.030 17.750
420.000 22.000 7.210 17.750
432.000 22.000 6.320 17.610
444.000 22.000 5.430 17.610
456.000 22.000 4.610 17.470
468.000 22.000 3.720 17.470
480.000 22.000 2.900 17.470
492.000 22.000 2.210 16.620
504.000 22.000 1.560 15.810
516.000 22.000 0.830 15.100
528.000 22.000 0.140 14.380
540.000 22.000 -0.570 13.660
552.000 22.000 -1.330 12.940
564.000 22.000 -2.050 12.240
576.000 22.000 -2.870 12.090
588.000 22.000 -3.690 11.950
576.000 3.000 -4.870 37.890
588.000 3.000 -4.870 37.170
600.000 3.000 -4.800 36.450
612.000 3.000 -4.800 35.740
624.000 3.000 -4.800 34.880
636.000 3.000 -4.750 34.160
648.000 3.000 -4.750 33.440
660.000 3.000 -4.680 32.730
672.000 3.000 -4.680 32.300
684.000 3.000 -4.610 31.870
696.000 3.000 -4.610 31.440
708.000 3.000 -4.560 31.000
720.000 3.000 -4.490 30.720
732.000 3.000 -4.490 30.140
744.000 3.000 -4.420 29.720
756.000 3.000 -4.420 29.290
768.000 3.000 -4.370 28.860
780.000 3.000 -4.370 28.430
792.000 3.000 -4.110 27.720
804.000 3.000 -3.860 26.840
756.000 15.000 20.200 31.290
768.000 15.000 20.010 31.290
780.000 15.000 19.950 31.290
792.000 15.000 19.070 31.020
804.000 15.000 18.560 30.860
816.000 15.000 18.060 30.710
828.000 15.000 17.550 30.500
840.000 15.000 17.060 30.370
852.000 15.000 16.540 30.230
864.000 15.000 15.980 29.920
876.000 15.000 15.410 29.650
888.000 15.000 14.850 29.360
900.000 15.000 14.290 29.070
912.000 15.000 13.700 28.930
924.000 15.000 13.140 28.930
936.000 15.000 12.510 28.930
948.000 15.000 11.940 28.790
960.000 15.000 11.380 28.790
972.000 15.000 10.810 28.790
984.000 15.000 10.180 28.790
816.000 4.000 -3.550 26.060
828.000 4.000 -3.290 25.200
840.000 4.000 -2.990 24.350
852.000 4.000 -2.660 23.630
864.000 4.000 -2.660 22.910
876.000 4.000 -2.660 22.190
888.000 4.000 -2.660 21.630
900.000 4.000 -2.610 21.180
912.000 4.000 -2.610 20.620
924.000 4.000 -2.540 20.190
936.000 4.000 -2.470 19.750
948.000 4.000 -2.400 19.180
960.000 4.000 -2.400 18.750
972.000 4.000 -2.350 18.330
984.000 4.000 -2.220 17.750
996.000 4.000 -2.030 17.180
1008.000 4.000 -1.980 16.530
1020.000 4.000 -1.910 15.900
1032.000 4.000 -1.870 15.180
1044.000 4.000 -1.810 14.600
996.000 16.000 9.550 28.790
1008.000 16.000 8.950 28.720
1020.000 16.000 8.400 28.710
1032.000 16.000 7.820 28.640
1044.000 16.000 7.290 28.640
1056.000 16.000 6.710 28.640
1068.000 16.000 6.150 28.570
1080.000 16.000 5.580 28.480
1092.000 16.000 5.020 28.480
1104.000 16.000 4.450 28.350
1116.000 16.000 3.940 28.350
1128.000 16.000 3.380 28.350
1140.000 16.000 2.740 28.210
1152.000 16.000 2.180 28.210
1164.000 16.000 1.550 28.210
1176.000 16.000 0.930 28.210
1188.000 16.000 0.300 28.210
1200.000 16.000 -0.340 28.210
1212.000 16.000 -0.900 28.210
1224.000 16.000 -1.530 28.210
1092.000 7.000 -12.270 19.110
1104.000 7.000 -12.340 19.390
1116.000 7.000 -12.390 19.830
1128.000 7.000 -12.460 20.410
1140.000 7.000 -12.530 20.820
1152.000 7.000 -12.580 21.270
1164.000 7.000 -12.650 21.830
1176.000 7.000 -12.580 22.260
1188.000 7.000 -12.460 22.840
1200.000 7.000 -12.340 23.420
1212.000 7.000 -12.200 23.990
1224.000 7.000 -12.080 24.410
1236.000 7.000 -11.890 25.000
1248.000 7.000 -11.780 25.560
1260.000 7.000 -11.780 25.990
1272.000 7.000 -11.780 26.570
1284.000 7.000 -11.780 26.980
1296.000 7.000 -11.780 27.560
1308.000 7.000 -11.640 28.010
1320.000 7.000 -11.260 28.570
1092.000 10.000 20.100 32.930
1104.000 10.000 19.720 32.790
1116.000 10.000 19.300 32.660
1128.000 10.000 18.900 32.370
1140.000 10.000 18.470 32.230
1152.000 10.000 17.960 31.940
1164.000 10.000 17.450 31.650
1176.000 10.000 16.950 31.510
1188.000 10.000 16.510 31.220
1200.000 10.000 15.940 31.080
1212.000 10.000 15.380 31.080
1224.000 10.000 14.750 31.080
1236.000 10.000 14.180 31.080
1248.000 10.000 13.550 30.930
1260.000 10.000 12.990 30.930
1272.000 10.000 12.350 30.930
1284.000 10.000 11.790 30.930
1296.000 10.000 11.220 30.930
1308.000 10.000 10.660 30.930
1320.000 10.000 10.100 30.930
1104.000 5.000 20.240 2.560
1116.000 5.000 20.030 2.270
1128.000 5.000 19.860 2.130
1140.000 5.000 19.650 2.130
1152.000 5.000 19.540 2.130
1164.000 5.000 19.540 2.130
1176.000 5.000 19.540 2.130
1188.000 5.000 19.540 2.130
1200.000 5.000 19.540 2.130
1212.000 5.000 19.540 2.130
1224.000 5.000 19.540 2.130
1236.000 5.000 19.540 2.130
1248.000 5.000 19.540 2.130
1260.000 5.000 19.540 2.130
1272.000 5.000 19.540 2.130
1284.000 5.000 19.540 2.130
1296.000 5.000 19.540 2.130
1308.000 5.000 19.540 2.130
1320.000 5.000 19.540 2.130
1332.000 5.000 19.540 2.130
1236.000 17.000 -2.100 28.210
1248.000 17.000 -2.730 28.210
1260.000 17.000 -3.290 28.210
1272.000 17.000 -3.930 28.210
1284.000 17.000 -4.490 28.210
1296.000 17.000 -5.120 28.210
1308.000 17.000 -5.620 28.070
1320.000 17.000 -6.130 28.070
1332.000 17.000 -6.630 28.070
1344.000 17.000 -7.210 28.070
1356.000 17.000 -7.710 27.940
1368.000 17.000 -8.340 27.940
1380.000 17.000 -8.900 27.940
1392.000 17.000 -9.470 27.940
1404.000 17.000 -10.030 27.940
1416.000 17.000 -10.660 27.940
1428.000 17.000 -11.300 28.070
1440.000 17.000 -11.980 28.350
1452.000 17.000 -12.610 28.480
1464.000 17.000 -13.130 28.350
1332.000 8.000 -10.890 28.860
1344.000 8.000 -10.510 29.290
1356.000 8.000 -10.130 29.580
1368.000 8.000 -9.760 29.850
1380.000 8.000 -9.240 29.990
1392.000 8.000 -8.750 30.300
1404.000 8.000 -8.300 30.430
1416.000 8.000 -7.810 30.710
1428.000 8.000 -7.410 31.020
1440.000 8.000 -7.110 31.430
1452.000 8.000 -6.780 31.870
1464.000 8.000 -6.470 32.300
1476.000 8.000 -6.170 32.730
1488.000 8.000 -6.170 33.150
1500.000 8.000 -6.170 33.580
1512.000 8.000 -6.250 34.020
1524.000 8.000 -6.320 34.520
1536.000 8.000 -6.390 35.020
1548.000 8.000 -6.420 35.510
1560.000 8.000 -6.470 36.030
1332.000 11.000 9.510 30.930
1344.000 11.000 8.950 30.930
1356.000 11.000 8.450 30.930
1368.000 11.000 8.080 30.930
1380.000 11.000 7.700 30.930
1392.000 11.000 7.330 30.930
1404.000 11.000 6.950 30.930
1416.000 11.000 6.500 30.790
1428.000 11.000 5.680 30.500
1440.000 11.000 4.860 30.210
1452.000 11.000 4.040 29.920
1464.000 11.000 3.290 29.780
1476.000 11.000 2.780 29.780
1488.000 11.000 2.280 29.920
1500.000 11.000 1.790 30.070
1512.000 11.000 0.230 30.300
1524.000 11.000 0.040 30.140
1536.000 11.000 -0.520 30.140
1548.000 11.000 -1.040 30.140
1560.000 11.000 -1.530 30.140
1344.000 6.000 19.900 3.230
1356.000 6.000 19.910 3.290
1368.000 6.000 19.930 3.360
1380.000 6.000 19.950 3.430
1392.000 6.000 19.970 3.490
1404.000 6.000 19.980 3.560
1416.000 6.000 20.000 3.620
1428.000 6.000 20.020 3.690
1440.000 6.000 20.040 3.760
1452.000 6.000 20.050 3.820
1464.000 6.000 20.070 3.890
1476.000 6.000 20.090 3.950
1488.000 6.000 20.110 4.020
1500.000 6.000 20.130 4.090
1512.000 6.000 20.140 4.150
1524.000 6.000 20.160 4.220
1536.000 6.000 20.180 4.280
1548.000 6.000 20.200 4.350
1560.000 6.000 20.210 4.410
1572.000 6.000 20.230 4.480
1380.000 13.000 20.360 34.880
1392.000 13.000 20.100 34.440
1404.000 13.000 19.910 34.160
1416.000 13.000 19.670 33.720
1428.000 13.000 19.470 33.310
1440.000 13.000 19.090 33.150
1452.000 13.000 18.780 32.860
1464.000 13.000 18.470 32.730
1476.000 13.000 17.960 32.450
1488.000 13.000 17.650 32.010
1500.000 13.000 17.330 31.730
1512.000 13.000 16.950 31.360
1524.000 13.000 16.580 31.070
1536.000 13.000 16.200 30.790
1548.000 13.000 15.820 30.500
1560.000 13.000 15.470 30.230
1572.000 13.000 15.020 30.060
1584.000 13.000 14.590 29.920
1596.000 13.000 14.220 29.780
1608.000 13.000 13.770 29.650
1572.000 9.000 -6.540 36.520
1584.000 9.000 -6.560 37.020
1596.000 9.000 -6.630 37.530
1608.000 9.000 -6.700 38.010
1620.000 9.000 -6.730 38.520
1632.000 9.000 -6.800 39.040
1644.000 9.000 -6.870 39.530
1656.000 9.000 -6.880 40.100
1668.000 9.000 -6.940 40.540
1680.000 9.000 -7.000 41.040
1692.000 9.000 -7.040 41.530
1704.000 9.000 -7.110 42.040
1716.000 9.000 -7.180 42.540
1728.000 9.000 -7.190 43.040
1740.000 9.000 -7.260 43.550
1752.000 9.000 -7.330 44.050
1764.000 9.000 -7.400 44.630
1776.000 9.000 -7.450 45.350
1788.000 9.000 -7.520 45.910
1800.000 9.000 -7.590 46.470
1572.000 12.000 -2.100 29.990
1584.000 12.000 -2.610 29.990
1596.000 12.000 -3.170 29.990
1608.000 12.000 -3.670 29.990
1620.000 12.000 -4.180 29.850
1632.000 12.000 -4.750 29.850
1644.000 12.000 -5.240 29.850
1656.000 12.000 -5.820 29.850
1668.000 12.000 -6.320 29.720
1680.000 12.000 -6.820 29.720
1692.000 12.000 -7.400 29.720
1704.000 12.000 -7.890 29.720
1716.000 12.000 -8.460 29.580
1728.000 12.000 -8.970 29.580
1740.000 12.000 -9.470 29.580
1752.000 12.000 -10.030 29.580
1764.000 12.000 -10.660 29.650
1776.000 12.000 -11.230 29.720
1788.000 12.000 -11.860 29.850
1800.000 12.000 -12.420 29.990
1620.000 14.000 13.400 29.510
1632.000 14.000 12.970 29.360
1644.000 14.000 12.520 29.360
1656.000 14.000 12.150 29.200
1668.000 14.000 11.700 29.200
1680.000 14.000 11.260 29.200
1692.000 14.000 10.750 29.360
1704.000 14.000 10.300 29.360
1716.000 14.000 9.860 29.510
1728.000 14.000 9.430 29.510
1740.000 14.000 9.000 29.510
1752.000 14.000 8.610 29.510
1764.000 14.000 8.230 29.510
1776.000 14.000 7.800 29.510
1788.000 14.000 7.410 29.510
1800.000 14.000 7.030 29.510
1812.000 14.000 6.610 29.510
1824.000 14.000 6.210 29.360
1836.000 14.000 5.840 29.360
1848.000 14.000 5.410 29.360
