0.000 1.000 -7.500 25.590
12.000 1.000 -7.990 24.680
24.000 1.000 -8.400 23.920
36.000 1.000 -8.850 23.190
48.000 1.000 -9.260 22.330
60.000 1.000 -9.490 21.790
72.000 1.000 -9.850 21.200
84.000 1.000 -10.070 20.660
96.000 1.000 -10.440 20.070
108.000 1.000 -10.660 19.530
120.000 1.000 -11.020 18.990
132.000 1.000 -11.250 18.400
144.000 1.000 -11.520 17.680
156.000 1.000 -11.840 16.910
168.000 1.000 -12.110 16.190
180.000 1.000 -12.330 15.420
192.000 1.000 -12.600 14.690
204.000 1.000 -12.850 14.110
216.000 1.000 -13.100 13.750
228.000 1.000 -13.280 13.200
0.000 3.000 -6.910 20.550
12.000 3.000 -5.920 20.010
24.000 3.000 -4.900 19.620
36.000 3.000 -3.880 19.060
48.000 3.000 -3.140 18.880
60.000 3.000 -2.570 18.510
72.000 3.000 -2.050 18.330
84.000 3.000 -1.460 17.950
96.000 3.000 -1.120 17.770
108.000 3.000 -1.030 17.770
120.000 3.000 -0.880 17.770
132.000 3.000 -0.810 17.650
144.000 3.000 -0.720 17.650
156.000 3.000 -0.630 17.470
168.000 3.000 -0.540 17.470
180.000 3.000 -0.540 17.470
192.000 3.000 -0.450 17.290
204.000 3.000 -0.380 17.290
216.000 3.000 -0.380 17.110
228.000 3.000 -0.310 17.110
0.000 5.000 -7.500 23.550
12.000 5.000 -7.320 23.550
24.000 5.000 -7.160 23.550
36.000 5.000 -6.910 23.640
48.000 5.000 -6.730 23.640
60.000 5.000 -6.500 23.820
72.000 5.000 -6.320 23.820
84.000 5.000 -6.070 24.010
96.000 5.000 -5.820 24.190
108.000 5.000 -5.550 24.370
120.000 5.000 -5.420 24.590
132.000 5.000 -5.150 24.770
144.000 5.000 -4.900 24.950
156.000 5.000 -4.650 25.140
168.000 5.000 -4.310 25.320
180.000 5.000 -3.790 25.320
192.000 5.000 -3.290 25.320
204.000 5.000 -2.980 25.500
216.000 5.000 -2.980 25.500
228.000 5.000 -2.980 25.500
0.000 9.000 22.180 24.010
12.000 9.000 22.110 23.820
24.000 9.000 22.110 23.820
36.000 9.000 22.110 23.820
48.000 9.000 22.110 23.820
60.000 9.000 22.110 23.820
72.000 9.000 22.110 23.820
84.000 9.000 22.110 23.820
96.000 9.000 22.110 23.820
108.000 9.000 22.110 23.820
120.000 9.000 22.110 23.820
132.000 9.000 22.040 23.640
144.000 9.000 22.040 23.640
156.000 9.000 22.040 23.640
168.000 9.000 22.040 23.640
180.000 9.000 22.040 23.640
192.000 9.000 22.040 23.640
204.000 9.000 22.040 23.640
216.000 9.000 22.040 23.640
228.000 9.000 22.040 23.640
0.000 11.000 21.700 22.060
12.000 11.000 21.700 22.060
24.000 11.000 21.700 22.060
36.000 11.000 21.700 22.060
48.000 11.000 21.700 22.060
60.000 11.000 21.700 22.060
72.000 11.000 21.700 22.060
84.000 11.000 21.700 22.060
96.000 11.000 21.700 22.060
108.000 11.000 21.700 22.060
120.000 11.000 21.700 22.060
132.000 11.000 21.700 22.060
144.000 11.000 21.700 22.060
156.000 11.000 21.700 22.060
168.000 11.000 21.700 22.060
180.000 11.000 21.700 22.060
192.000 11.000 21.700 22.060
204.000 11.000 21.700 22.060
216.000 11.000 21.700 22.060
228.000 11.000 21.700 22.060
0.000 13.000 15.780 15.240
12.000 13.000 15.780 15.240
24.000 13.000 15.780 15.240
36.000 13.000 15.780 15.240
48.000 13.000 15.780 15.240
60.000 13.000 15.780 15.240
72.000 13.000 15.780 15.240
84.000 13.000 15.780 15.240
96.000 13.000 15.780 15.240
108.000 13.000 15.780 15.240
120.000 13.000 15.780 15.240
132.000 13.000 15.780 15.240
144.000 13.000 15.780 15.240
156.000 13.000 15.780 15.240
168.000 13.000 15.780 15.240
180.000 13.000 15.780 15.240
192.000 13.000 15.780 15.240
204.000 13.000 15.780 15.240
216.000 13.000 15.780 15.240
228.000 13.000 15.780 15.240
0.000 15.000 -20.990 7.870
12.000 15.000 -20.990 7.870
24.000 15.000 -20.990 7.870
36.000 15.000 -20.990 7.870
48.000 15.000 -20.990 7.870
60.000 15.000 -20.990 7.870
72.000 15.000 -20.990 7.870
84.000 15.000 -20.990 7.870
96.000 15.000 -20.990 7.870
108.000 15.000 -20.990 7.870
120.000 15.000 -20.990 7.870
132.000 15.000 -20.990 7.870
144.000 15.000 -20.990 7.870
156.000 15.000 -20.990 7.870
168.000 15.000 -20.990 7.870
180.000 15.000 -20.990 7.870
192.000 15.000 -20.990 7.870
204.000 15.000 -20.990 7.870
216.000 15.000 -20.990 7.870
228.000 15.000 -20.990 7.870
0.000 17.000 -21.490 9.090
12.000 17.000 -21.490 9.090
24.000 17.000 -21.490 9.090
36.000 17.000 -21.490 9.090
48.000 17.000 -21.490 9.090
60.000 17.000 -21.490 9.090
72.000 17.000 -21.490 9.090
84.000 17.000 -21.490 9.090
96.000 17.000 -21.490 9.090
108.000 17.000 -21.490 9.090
120.000 17.000 -21.490 9.090
132.000 17.000 -21.490 9.090
144.000 17.000 -21.490 9.090
156.000 17.000 -21.490 9.090
168.000 17.000 -21.490 9.090
180.000 17.000 -21.490 9.090
192.000 17.000 -21.490 9.090
204.000 17.000 -21.490 9.090
216.000 17.000 -21.490 9.090
228.000 17.000 -21.490 9.090
0.000 19.000 -20.040 9.270
12.000 19.000 -20.040 9.270
24.000 19.000 -20.040 9.270
36.000 19.000 -20.040 9.270
48.000 19.000 -20.040 9.270
60.000 19.000 -20.040 9.270
72.000 19.000 -20.040 9.270
84.000 19.000 -20.040 9.270
96.000 19.000 -20.040 9.270
108.000 19.000 -20.040 9.270
120.000 19.000 -20.040 9.270
132.000 19.000 -20.040 9.270
144.000 19.000 -20.040 9.270
156.000 19.000 -20.040 9.270
168.000 19.000 -20.040 9.270
180.000 19.000 -20.040 9.270
192.000 19.000 -20.040 9.270
204.000 19.000 -20.040 9.270
216.000 19.000 -20.040 9.270
228.000 19.000 -20.040 9.270
0.000 21.000 -23.930 8.520
12.000 21.000 -23.930 8.520
24.000 21.000 -23.930 8.520
36.000 21.000 -23.930 8.520
48.000 21.000 -23.930 8.520
60.000 21.000 -23.930 8.520
72.000 21.000 -23.930 8.520
84.000 21.000 -23.930 8.520
96.000 21.000 -23.930 8.520
108.000 21.000 -23.930 8.520
120.000 21.000 -23.930 8.520
132.000 21.000 -23.930 8.520
144.000 21.000 -23.930 8.520
156.000 21.000 -23.930 8.520
168.000 21.000 -23.930 8.520
180.000 21.000 -23.930 8.520
192.000 21.000 -23.930 8.520
204.000 21.000 -23.930 8.520
216.000 21.000 -23.930 8.520
228.000 21.000 -23.930 8.520
0.000 25.000 15.920 9.630
12.000 25.000 15.240 9.450
24.000 25.000 14.580 9.360
36.000 25.000 13.900 9.180
48.000 25.000 13.230 9.180
60.000 25.000 12.570 9.090
72.000 25.000 11.980 9.090
84.000 25.000 11.460 9.090
96.000 25.000 11.060 9.090
108.000 25.000 10.580 9.090
120.000 25.000 10.180 9.090
132.000 25.000 9.430 8.910
144.000 25.000 8.750 8.710
156.000 25.000 8.070 8.520
168.000 25.000 7.420 8.320
180.000 25.000 6.920 8.320
192.000 25.000 6.400 8.320
204.000 25.000 5.990 8.320
216.000 25.000 5.480 8.320
228.000 25.000 4.980 8.520
0.000 60.000 -19.720 7.960
12.000 60.000 -19.720 7.960
24.000 60.000 -19.720 7.960
36.000 60.000 -19.720 7.960
48.000 60.000 -19.720 7.960
60.000 60.000 -19.720 7.960
72.000 60.000 -19.720 7.960
84.000 60.000 -19.720 7.960
96.000 60.000 -19.720 7.960
108.000 60.000 -19.720 7.960
120.000 60.000 -19.720 7.960
132.000 60.000 -19.720 7.960
144.000 60.000 -19.720 7.960
156.000 60.000 -19.720 7.960
168.000 60.000 -19.720 7.960
180.000 60.000 -19.720 7.960
192.000 60.000 -19.720 7.960
204.000 60.000 -19.720 7.960
216.000 60.000 -19.720 7.960
228.000 60.000 -19.720 7.960
0.000 70.000 -25.130 8.410
12.000 70.000 -25.130 8.410
24.000 70.000 -25.130 8.410
36.000 70.000 -25.130 8.410
48.000 70.000 -25.130 8.410
60.000 70.000 -25.130 8.410
72.000 70.000 -25.130 8.410
84.000 70.000 -25.130 8.410
96.000 70.000 -25.130 8.410
108.000 70.000 -25.130 8.410
120.000 70.000 -25.130 8.410
132.000 70.000 -25.130 8.410
144.000 70.000 -25.130 8.410
156.000 70.000 -25.130 8.410
168.000 70.000 -25.130 8.410
180.000 70.000 -25.130 8.410
192.000 70.000 -25.130 8.410
204.000 70.000 -25.130 8.410
216.000 70.000 -25.130 8.410
228.000 70.000 -25.130 8.410
96.000 92.000 -31.180 6.170
108.000 92.000 -31.020 5.810
120.000 92.000 -30.730 5.450
132.000 92.000 -30.410 5.070
144.000 92.000 -29.980 4.980
156.000 92.000 -29.550 4.980
168.000 92.000 -29.550 4.980
180.000 92.000 -29.550 4.980
192.000 92.000 -29.550 4.980
204.000 92.000 -29.550 4.980
216.000 92.000 -29.550 4.980
228.000 92.000 -29.550 4.980
240.000 92.000 -29.550 4.980
252.000 92.000 -29.550 4.980
264.000 92.000 -29.550 4.980
276.000 92.000 -29.550 4.980
288.000 92.000 -29.550 4.980
300.000 92.000 -29.550 4.980
312.000 92.000 -29.550 4.980
324.000 92.000 -29.550 4.980
240.000 4.000 -0.220 17.110
252.000 4.000 -0.220 16.930
264.000 4.000 -0.130 16.930
276.000 4.000 0.140 16.730
288.000 4.000 0.550 16.730
300.000 4.000 0.960 16.550
312.000 4.000 1.380 16.550
324.000 4.000 1.810 16.340
336.000 4.000 2.220 16.340
348.000 4.000 2.630 16.160
360.000 4.000 3.060 15.980
372.000 4.000 3.490 15.980
384.000 4.000 4.070 15.800
396.000 4.000 4.890 15.620
408.000 4.000 5.750 15.240
420.000 4.000 6.560 15.060
432.000 4.000 7.330 14.490
444.000 4.000 8.160 13.950
456.000 4.000 8.910 13.360
468.000 4.000 9.770 12.820
240.000 6.000 -2.570 25.500
252.000 6.000 -1.980 25.500
264.000 6.000 -1.400 25.500
276.000 6.000 -0.880 25.500
288.000 6.000 -0.310 25.500
300.000 6.000 0.280 25.500
312.000 6.000 0.860 25.500
324.000 6.000 1.450 25.500
336.000 6.000 2.040 25.500
348.000 6.000 2.630 25.500
360.000 6.000 3.220 25.500
372.000 6.000 3.800 25.500
384.000 6.000 4.390 25.500
396.000 6.000 4.980 25.500
408.000 6.000 5.570 25.500
420.000 6.000 6.150 25.500
432.000 6.000 6.740 25.500
444.000 6.000 7.240 25.500
456.000 6.000 8.010 25.680
468.000 6.000 8.820 25.860
240.000 10.000 22.040 23.640
252.000 10.000 21.950 23.640
264.000 10.000 21.950 23.640
276.000 10.000 21.950 23.640
288.000 10.000 21.950 23.640
300.000 10.000 21.950 23.640
312.000 10.000 21.950 23.640
324.000 10.000 21.950 23.640
336.000 10.000 21.950 23.640
348.000 10.000 21.950 23.640
360.000 10.000 21.950 23.640
372.000 10.000 21.860 23.820
384.000 10.000 21.860 23.820
396.000 10.000 21.860 23.820
408.000 10.000 21.860 23.820
420.000 10.000 21.860 23.820
432.000 10.000 21.860 23.820
444.000 10.000 21.860 23.820
456.000 10.000 21.860 23.820
468.000 10.000 21.860 23.820
240.000 12.000 21.700 22.060
252.000 12.000 21.700 22.060
264.000 12.000 21.700 22.060
276.000 12.000 21.700 22.060
288.000 12.000 21.700 22.060
300.000 12.000 21.700 22.060
312.000 12.000 21.700 22.060
324.000 12.000 21.700 22.060
336.000 12.000 21.700 22.060
348.000 12.000 21.700 22.060
360.000 12.000 21.700 22.060
372.000 12.000 21.700 22.060
384.000 12.000 21.700 22.060
396.000 12.000 21.700 22.060
408.000 12.000 21.700 22.060
420.000 12.000 21.700 22.060
432.000 12.000 21.700 22.060
444.000 12.000 21.700 22.060
456.000 12.000 21.700 22.060
468.000 12.000 21.700 22.060
240.000 14.000 15.780 15.240
252.000 14.000 15.780 15.240
264.000 14.000 15.780 15.240
276.000 14.000 15.780 15.240
288.000 14.000 15.780 15.240
300.000 14.000 15.780 15.240
312.000 14.000 15.780 15.240
324.000 14.000 15.780 15.240
336.000 14.000 15.780 15.240
348.000 14.000 15.780 15.240
360.000 14.000 15.780 15.240
372.000 14.000 15.780 15.240
384.000 14.000 15.780 15.240
396.000 14.000 15.780 15.240
408.000 14.000 15.780 15.240
420.000 14.000 15.780 15.240
432.000 14.000 15.780 15.240
444.000 14.000 15.780 15.240
456.000 14.000 15.780 15.240
468.000 14.000 15.780 15.240
240.000 16.000 -20.990 7.870
252.000 16.000 -20.990 7.870
264.000 16.000 -20.990 7.870
276.000 16.000 -20.990 7.870
288.000 16.000 -20.990 7.870
300.000 16.000 -20.990 7.870
312.000 16.000 -20.990 7.870
324.000 16.000 -20.990 7.870
336.000 16.000 -20.990 7.870
348.000 16.000 -20.990 7.870
360.000 16.000 -20.990 7.870
372.000 16.000 -20.990 7.870
384.000 16.000 -20.990 7.870
396.000 16.000 -20.990 7.870
408.000 16.000 -20.990 7.870
420.000 16.000 -20.990 7.870
432.000 16.000 -20.990 7.870
444.000 16.000 -20.990 7.870
456.000 16.000 -20.990 7.870
468.000 16.000 -20.990 7.870
240.000 18.000 -21.490 9.090
252.000 18.000 -21.490 9.090
264.000 18.000 -21.490 9.090
276.000 18.000 -21.490 9.090
288.000 18.000 -21.490 9.090
300.000 18.000 -21.490 9.090
312.000 18.000 -21.490 9.090
324.000 18.000 -21.490 9.090
336.000 18.000 -21.490 9.090
348.000 18.000 -21.490 9.090
360.000 18.000 -21.490 9.090
372.000 18.000 -21.490 9.090
384.000 18.000 -21.490 9.090
396.000 18.000 -21.490 9.090
408.000 18.000 -21.490 9.090
420.000 18.000 -21.490 9.090
432.000 18.000 -21.490 9.090
444.000 18.000 -21.490 9.090
456.000 18.000 -21.490 9.090
468.000 18.000 -21.490 9.090
240.000 20.000 -20.040 9.270
252.000 20.000 -20.040 9.270
264.000 20.000 -20.040 9.270
276.000 20.000 -20.040 9.270
288.000 20.000 -20.040 9.270
300.000 20.000 -20.040 9.270
312.000 20.000 -20.040 9.270
324.000 20.000 -20.040 9.270
336.000 20.000 -20.040 9.270
348.000 20.000 -20.040 9.270
360.000 20.000 -20.040 9.270
372.000 20.000 -20.040 9.270
384.000 20.000 -20.040 9.270
396.000 20.000 -20.040 9.270
408.000 20.000 -20.040 9.270
420.000 20.000 -20.040 9.270
432.000 20.000 -20.040 9.270
444.000 20.000 -20.040 9.270
456.000 20.000 -20.040 9.270
468.000 20.000 -20.040 9.270
240.000 22.000 -23.930 8.520
252.000 22.000 -23.930 8.520
264.000 22.000 -23.930 8.520
276.000 22.000 -23.930 8.520
288.000 22.000 -23.930 8.520
300.000 22.000 -23.930 8.520
312.000 22.000 -23.930 8.520
324.000 22.000 -23.930 8.520
336.000 22.000 -23.930 8.520
348.000 22.000 -23.930 8.520
360.000 22.000 -23.930 8.520
372.000 22.000 -23.930 8.520
384.000 22.000 -23.930 8.520
396.000 22.000 -23.930 8.520
408.000 22.000 -23.930 8.520
420.000 22.000 -23.930 8.520
432.000 22.000 -23.930 8.520
444.000 22.000 -23.930 8.520
456.000 22.000 -23.930 8.520
468.000 22.000 -23.930 8.520
240.000 26.000 4.390 8.520
252.000 26.000 3.800 8.710
264.000 26.000 3.220 8.710
276.000 26.000 2.720 8.710
288.000 26.000 2.310 8.520
300.000 26.000 1.810 8.320
312.000 26.000 1.140 8.320
324.000 26.000 0.550 8.320
336.000 26.000 -0.040 8.520
348.000 26.000 -0.630 8.710
360.000 26.000 -1.210 9.090
372.000 26.000 -1.800 9.090
384.000 26.000 -2.300 9.090
396.000 26.000 -2.890 9.090
408.000 26.000 -3.380 9.090
420.000 26.000 -3.880 9.090
432.000 26.000 -4.400 9.090
444.000 26.000 -4.900 9.270
456.000 26.000 -5.400 9.450
468.000 26.000 -5.920 9.630
240.000 61.000 -19.720 7.960
252.000 61.000 -19.720 7.960
264.000 61.000 -19.720 7.960
276.000 61.000 -19.720 7.960
288.000 61.000 -19.720 7.960
300.000 61.000 -19.720 7.960
312.000 61.000 -19.720 7.960
324.000 61.000 -19.720 7.960
336.000 61.000 -19.720 7.960
348.000 61.000 -19.720 7.960
360.000 61.000 -19.720 7.960
372.000 61.000 -19.720 7.960
384.000 61.000 -19.720 7.960
396.000 61.000 -19.720 7.960
408.000 61.000 -19.720 7.960
420.000 61.000 -19.720 7.960
432.000 61.000 -19.720 7.960
444.000 61.000 -19.720 7.960
456.000 61.000 -19.720 7.960
468.000 61.000 -19.720 7.960
240.000 71.000 -25.130 8.410
252.000 71.000 -25.130 8.410
264.000 71.000 -25.130 8.410
276.000 71.000 -25.130 8.410
288.000 71.000 -25.130 8.410
300.000 71.000 -25.130 8.410
312.000 71.000 -25.130 8.410
324.000 71.000 -25.130 8.410
336.000 71.000 -25.130 8.410
348.000 71.000 -25.130 8.410
360.000 71.000 -25.130 8.410
372.000 71.000 -25.130 8.410
384.000 71.000 -25.130 8.410
396.000 71.000 -25.130 8.410
408.000 71.000 -25.130 8.410
420.000 71.000 -25.130 8.410
432.000 71.000 -25.130 8.410
444.000 71.000 -25.130 8.410
456.000 71.000 -25.130 8.410
468.000 71.000 -25.130 8.410
336.000 93.000 -29.800 4.750
348.000 93.000 -29.810 4.730
360.000 93.000 -29.820 4.720
372.000 93.000 -29.830 4.700
384.000 93.000 -29.840 4.690
396.000 93.000 -29.850 4.680
408.000 93.000 -29.860 4.660
420.000 93.000 -29.870 4.650
432.000 93.000 -29.880 4.630
444.000 93.000 -29.890 4.620
456.000 93.000 -29.900 4.600
468.000 93.000 -29.910 4.590
480.000 93.000 -29.920 4.570
492.000 93.000 -29.930 4.560
504.000 93.000 -29.940 4.540
516.000 93.000 -29.950 4.530
528.000 93.000 -29.960 4.510
540.000 93.000 -29.970 4.500
552.000 93.000 -29.980 4.480
564.000 93.000 -30.000 4.470
396.000 91.000 1.180 7.480
408.000 91.000 0.820 7.480
420.000 91.000 0.410 7.690
432.000 91.000 0.010 7.870
444.000 91.000 -0.450 7.960
456.000 91.000 -0.880 8.160
468.000 91.000 -1.400 8.160
480.000 91.000 -1.980 8.160
492.000 91.000 -2.480 7.960
504.000 91.000 -2.980 7.980
516.000 91.000 -3.470 8.250
528.000 91.000 -4.020 8.140
540.000 91.000 -4.600 8.140
552.000 91.000 -5.190 7.960
564.000 91.000 -5.780 7.780
576.000 91.000 -6.370 7.780
588.000 91.000 -6.950 7.600
600.000 91.000 -7.540 7.600
612.000 91.000 -8.130 7.390
624.000 91.000 -8.720 7.210
480.000 27.000 -6.320 9.810
492.000 27.000 -7.070 9.630
504.000 27.000 -7.840 9.630
516.000 27.000 -8.420 9.720
528.000 27.000 -8.990 9.810
540.000 27.000 -9.510 9.900
552.000 27.000 -10.100 10.110
564.000 27.000 -10.680 10.310
576.000 27.000 -11.270 10.400
588.000 27.000 -11.840 10.580
600.000 27.000 -12.420 10.580
612.000 27.000 -12.970 10.760
624.000 27.000 -13.530 10.760
636.000 27.000 -14.070 10.940
648.000 27.000 -14.590 10.940
660.000 27.000 -15.140 10.940
672.000 27.000 -15.720 11.120
684.000 27.000 -16.270 11.120
696.000 27.000 -16.810 11.210
708.000 27.000 -17.330 11.300
480.000 62.000 -19.720 7.960
492.000 62.000 -19.720 7.960
504.000 62.000 -19.810 7.960
516.000 62.000 -19.810 7.960
528.000 62.000 -19.810 7.960
540.000 62.000 -19.860 7.960
552.000 62.000 -19.860 7.960
564.000 62.000 -19.860 7.960
576.000 62.000 -19.880 7.960
588.000 62.000 -19.880 7.960
600.000 62.000 -19.880 7.960
612.000 62.000 -19.930 7.960
624.000 62.000 -19.930 7.960
636.000 62.000 -19.930 7.960
648.000 62.000 -19.970 7.960
660.000 62.000 -19.970 7.960
672.000 62.000 -19.970 7.960
684.000 62.000 -20.020 7.960
696.000 62.000 -20.020 7.960
708.000 62.000 -20.020 7.960
480.000 72.000 -25.130 8.410
492.000 72.000 -25.130 8.410
504.000 72.000 -25.130 8.320
516.000 72.000 -25.130 8.320
528.000 72.000 -25.130 8.320
540.000 72.000 -25.130 8.320
552.000 72.000 -25.130 8.320
564.000 72.000 -25.130 8.320
576.000 72.000 -25.130 8.320
588.000 72.000 -25.130 8.320
600.000 72.000 -25.080 8.320
612.000 72.000 -25.080 8.230
624.000 72.000 -25.080 8.230
636.000 72.000 -25.080 8.230
648.000 72.000 -25.080 8.230
660.000 72.000 -25.080 8.230
672.000 72.000 -25.080 8.230
684.000 72.000 -25.080 8.230
696.000 72.000 -25.080 8.230
708.000 72.000 -25.030 8.140
504.000 95.000 14.650 25.050
516.000 95.000 14.240 25.050
528.000 95.000 13.810 25.050
540.000 95.000 13.480 25.050
552.000 95.000 13.070 25.050
564.000 95.000 12.640 25.050
576.000 95.000 12.230 25.050
588.000 95.000 11.800 25.050
600.000 95.000 11.460 25.050
612.000 95.000 11.060 25.050
624.000 95.000 10.720 25.050
636.000 95.000 10.310 25.050
648.000 95.000 9.880 25.050
660.000 95.000 9.380 25.050
672.000 95.000 8.890 25.050
684.000 95.000 8.460 25.050
696.000 95.000 8.120 25.050
708.000 95.000 7.710 25.050
720.000 95.000 7.280 25.050
732.000 95.000 7.280 25.050
576.000 94.000 -30.010 4.460
588.000 94.000 -30.020 4.440
600.000 94.000 -30.030 4.430
612.000 94.000 -30.040 4.410
624.000 94.000 -30.050 4.400
636.000 94.000 -30.060 4.380
648.000 94.000 -30.070 4.370
660.000 94.000 -30.080 4.350
672.000 94.000 -30.090 4.340
684.000 94.000 -30.100 4.320
696.000 94.000 -30.110 4.310
708.000 94.000 -30.120 4.290
720.000 94.000 -30.130 4.280
732.000 94.000 -30.140 4.260
744.000 94.000 -30.150 4.250
756.000 94.000 -30.160 4.240
768.000 94.000 -30.170 4.220
780.000 94.000 -30.180 4.210
792.000 94.000 -30.190 4.190
804.000 94.000 -30.200 4.180
684.000 30.000 -17.280 23.730
696.000 30.000 -17.460 23.170
708.000 30.000 -17.530 22.420
720.000 30.000 -17.710 21.680
732.000 30.000 -17.870 20.930
744.000 30.000 -17.960 20.390
756.000 30.000 -18.120 19.620
768.000 30.000 -18.210 18.900
780.000 30.000 -18.390 18.130
792.000 30.000 -18.550 17.590
804.000 30.000 -18.640 16.820
816.000 30.000 -18.800 16.280
828.000 30.000 -19.050 15.690
840.000 30.000 -19.230 15.330
852.000 30.000 -19.480 14.780
864.000 30.000 -19.720 14.200
876.000 30.000 -19.880 13.840
888.000 30.000 -20.130 13.290
900.000 30.000 -20.310 12.910
912.000 30.000 -20.560 12.340
720.000 28.000 -17.920 11.300
732.000 28.000 -18.440 11.390
744.000 28.000 -18.980 11.510
756.000 28.000 -19.540 11.510
768.000 28.000 -20.090 11.620
780.000 28.000 -20.610 11.710
792.000 28.000 -21.150 11.800
804.000 28.000 -21.740 11.800
816.000 28.000 -22.260 11.890
828.000 28.000 -22.820 11.980
840.000 28.000 -23.360 11.980
852.000 28.000 -23.930 12.160
864.000 28.000 -24.470 12.160
876.000 28.000 -24.990 12.160
888.000 28.000 -25.550 12.340
900.000 28.000 -26.100 12.340
912.000 28.000 -26.640 12.430
924.000 28.000 -27.230 12.520
936.000 28.000 -27.720 12.520
948.000 28.000 -28.270 12.520
720.000 63.000 -20.060 7.960
732.000 63.000 -20.060 7.960
744.000 63.000 -20.060 7.960
756.000 63.000 -20.110 7.960
768.000 63.000 -20.110 7.960
780.000 63.000 -20.110 7.960
792.000 63.000 -20.130 7.960
804.000 63.000 -20.130 7.960
816.000 63.000 -20.130 7.960
828.000 63.000 -20.180 7.960
840.000 63.000 -20.180 7.960
852.000 63.000 -20.180 7.960
864.000 63.000 -20.220 7.960
876.000 63.000 -20.220 7.960
888.000 63.000 -20.220 7.960
900.000 63.000 -20.270 7.960
912.000 63.000 -20.270 7.960
924.000 63.000 -20.270 7.960
936.000 63.000 -20.310 7.960
948.000 63.000 -20.310 7.960
720.000 73.000 -25.030 8.140
732.000 73.000 -25.030 8.140
744.000 73.000 -25.030 8.140
756.000 73.000 -25.030 8.140
768.000 73.000 -25.030 8.140
780.000 73.000 -25.030 8.140
792.000 73.000 -25.030 8.140
804.000 73.000 -25.010 8.050
816.000 73.000 -25.010 8.050
828.000 73.000 -25.010 8.050
840.000 73.000 -25.010 8.050
852.000 73.000 -25.010 8.050
864.000 73.000 -25.010 8.050
876.000 73.000 -25.010 8.050
888.000 73.000 -25.010 8.050
900.000 73.000 -24.970 8.050
912.000 73.000 -24.970 7.960
924.000 73.000 -24.970 7.960
936.000 73.000 -24.970 7.960
948.000 73.000 -24.970 7.960
744.000 96.000 7.280 25.050
756.000 96.000 7.030 25.050
768.000 96.000 6.540 25.050
780.000 96.000 6.040 25.050
792.000 96.000 5.520 25.050
804.000 96.000 5.020 25.050
816.000 96.000 4.530 25.050
828.000 96.000 4.030 25.050
840.000 96.000 3.510 25.050
852.000 96.000 3.010 25.050
864.000 96.000 2.510 25.050
876.000 96.000 2.020 25.050
888.000 96.000 1.500 25.050
900.000 96.000 1.000 25.050
912.000 96.000 0.500 25.050
924.000 96.000 0.010 25.050
936.000 96.000 -0.490 25.050
948.000 96.000 -1.010 24.860
960.000 96.000 -1.420 24.660
972.000 96.000 -1.920 24.480
792.000 86.000 -25.080 8.230
804.000 86.000 -25.080 8.610
816.000 86.000 -25.080 9.000
828.000 86.000 -25.170 9.360
840.000 86.000 -25.170 9.720
852.000 86.000 -25.080 10.110
864.000 86.000 -24.830 10.850
876.000 86.000 -24.670 11.420
888.000 86.000 -24.400 11.980
900.000 86.000 -24.240 12.520
912.000 86.000 -24.000 13.090
924.000 86.000 -23.810 13.650
936.000 86.000 -23.570 14.400
948.000 86.000 -23.410 14.970
960.000 86.000 -23.160 15.510
972.000 86.000 -22.910 16.100
984.000 86.000 -22.730 16.640
996.000 86.000 -22.480 17.200
1008.000 86.000 -22.230 17.950
1020.000 86.000 -21.850 18.490
960.000 64.000 -20.310 7.960
972.000 64.000 -20.360 7.960
984.000 64.000 -20.360 7.960
996.000 64.000 -20.360 7.960
1008.000 64.000 -20.450 7.960
1020.000 64.000 -20.450 7.960
1032.000 64.000 -20.490 7.960
1044.000 64.000 -20.490 7.960
1056.000 64.000 -20.490 7.960
1068.000 64.000 -20.510 7.960
1080.000 64.000 -20.510 7.960
1092.000 64.000 -20.560 7.960
1104.000 64.000 -20.560 7.960
1116.000 64.000 -20.560 7.960
1128.000 64.000 -20.610 7.870
1140.000 64.000 -20.610 7.870
1152.000 64.000 -20.650 7.870
1164.000 64.000 -20.650 7.870
1176.000 64.000 -20.650 7.870
1188.000 64.000 -20.700 7.870
960.000 74.000 -24.970 7.960
972.000 74.000 -24.970 7.960
984.000 74.000 -24.970 7.960
996.000 74.000 -24.970 7.960
1008.000 74.000 -24.970 7.960
1020.000 74.000 -24.970 7.960
1032.000 74.000 -24.970 7.960
1044.000 74.000 -24.970 7.960
1056.000 74.000 -24.970 7.960
1068.000 74.000 -24.970 7.960
1080.000 74.000 -24.970 7.960
1092.000 74.000 -24.970 7.960
1104.000 74.000 -25.010 7.960
1116.000 74.000 -25.010 7.960
1128.000 74.000 -25.010 7.870
1140.000 74.000 -25.010 7.870
1152.000 74.000 -25.010 7.870
1164.000 74.000 -25.010 7.870
1176.000 74.000 -25.010 7.870
1188.000 74.000 -25.010 7.870
984.000 29.000 -31.090 16.100
996.000 29.000 -30.960 15.150
1008.000 29.000 -30.660 14.510
1020.000 29.000 -30.260 13.750
1032.000 29.000 -29.940 13.090
1044.000 29.000 -29.690 12.340
1056.000 29.000 -29.350 11.420
1068.000 29.000 -29.100 10.670
1080.000 29.000 -28.850 9.930
1092.000 29.000 -28.760 9.720
1104.000 29.000 -28.610 9.360
1116.000 29.000 -28.520 9.180
1128.000 29.000 -28.330 8.610
1140.000 29.000 -28.220 8.050
1152.000 29.000 -28.090 7.510
1164.000 29.000 -27.970 6.920
1176.000 29.000 -27.810 6.380
1188.000 29.000 -27.680 5.810
1200.000 29.000 -27.500 5.430
1212.000 29.000 -27.410 4.890
996.000 23.000 -19.570 7.390
1008.000 23.000 -19.570 7.390
1020.000 23.000 -19.570 7.390
1032.000 23.000 -19.570 7.390
1044.000 23.000 -19.570 7.390
1056.000 23.000 -19.570 7.390
1068.000 23.000 -19.570 7.390
1080.000 23.000 -19.570 7.390
1092.000 23.000 -19.570 7.390
1104.000 23.000 -19.570 7.390
1116.000 23.000 -19.570 7.390
1128.000 23.000 -19.570 7.390
1140.000 23.000 -19.570 7.390
1152.000 23.000 -19.570 7.390
1164.000 23.000 -19.570 7.390
1176.000 23.000 -19.570 7.390
1188.000 23.000 -19.570 7.390
1200.000 23.000 -19.570 7.390
1212.000 23.000 -19.570 7.390
1224.000 23.000 -19.570 7.390
996.000 31.000 -23.860 8.140
1008.000 31.000 -23.860 8.140
1020.000 31.000 -23.860 8.140
1032.000 31.000 -23.860 8.140
1044.000 31.000 -23.860 8.140
1056.000 31.000 -23.860 8.140
1068.000 31.000 -23.860 8.140
1080.000 31.000 -23.860 8.140
1092.000 31.000 -23.860 8.140
1104.000 31.000 -23.860 8.140
1116.000 31.000 -23.860 8.140
1128.000 31.000 -23.860 8.140
1140.000 31.000 -23.860 8.140
1152.000 31.000 -23.860 8.140
1164.000 31.000 -23.860 8.140
1176.000 31.000 -23.860 8.140
1188.000 31.000 -23.860 8.140
1200.000 31.000 -23.860 8.140
1212.000 31.000 -23.860 8.140
1224.000 31.000 -23.860 8.140
996.000 33.000 8.250 12.710
1008.000 33.000 8.570 11.600
1020.000 33.000 9.160 11.420
1032.000 33.000 9.750 11.030
1044.000 33.000 10.270 10.850
1056.000 33.000 10.850 10.490
1068.000 33.000 11.420 10.290
1080.000 33.000 11.940 9.930
1092.000 33.000 12.280 9.930
1104.000 33.000 12.590 9.930
1116.000 33.000 12.930 9.930
1128.000 33.000 13.180 9.720
1140.000 33.000 13.450 9.360
1152.000 33.000 13.610 9.180
1164.000 33.000 13.860 9.000
1176.000 33.000 14.110 8.800
1188.000 33.000 14.270 8.430
1200.000 33.000 14.270 7.870
1212.000 33.000 14.310 7.120
1224.000 33.000 14.400 6.560
996.000 35.000 0.550 23.330
1008.000 35.000 -0.040 22.420
1020.000 35.000 -0.450 22.240
1032.000 35.000 -0.900 22.240
1044.000 35.000 -1.400 22.060
1056.000 35.000 -1.710 22.060
1068.000 35.000 -1.800 22.060
1080.000 35.000 -1.980 22.060
1092.000 35.000 -2.050 22.240
1104.000 35.000 -2.120 22.240
1116.000 35.000 -2.300 22.240
1128.000 35.000 -2.390 22.420
1140.000 35.000 -2.480 22.420
1152.000 35.000 -2.620 22.420
1164.000 35.000 -2.710 22.420
1176.000 35.000 -2.800 22.420
1188.000 35.000 -2.890 22.420
1200.000 35.000 -3.070 22.330
1212.000 35.000 -3.160 22.330
1224.000 35.000 -3.200 22.240
996.000 37.000 0.770 22.130
1008.000 37.000 0.140 21.110
1020.000 37.000 -0.270 21.110
1032.000 37.000 -0.630 21.020
1044.000 37.000 -0.920 21.020
1056.000 37.000 -0.920 21.230
1068.000 37.000 -0.920 21.590
1080.000 37.000 -0.920 21.770
1092.000 37.000 -0.920 22.150
1104.000 37.000 -1.010 22.150
1116.000 37.000 -1.080 22.150
1128.000 37.000 -1.170 22.060
1140.000 37.000 -1.260 21.860
1152.000 37.000 -1.370 21.860
1164.000 37.000 -1.510 21.770
1176.000 37.000 -1.600 21.590
1188.000 37.000 -1.670 21.590
1200.000 37.000 -1.760 21.500
1212.000 37.000 -1.890 21.410
1224.000 37.000 -1.960 21.290
996.000 42.000 -5.980 14.200
1008.000 42.000 -5.690 14.200
1020.000 42.000 -5.190 14.200
1032.000 42.000 -4.690 14.200
1044.000 42.000 -4.270 14.400
1056.000 42.000 -3.770 14.600
1068.000 42.000 -3.340 14.780
1080.000 42.000 -2.840 14.970
1092.000 42.000 -2.340 14.970
1104.000 42.000 -1.760 14.780
1116.000 42.000 -1.260 14.780
1128.000 42.000 -0.760 14.780
1140.000 42.000 -0.330 14.970
1152.000 42.000 0.070 14.970
1164.000 42.000 0.500 15.150
1176.000 42.000 0.930 15.150
1188.000 42.000 1.430 15.330
1200.000 42.000 1.840 15.330
1212.000 42.000 2.270 15.330
1224.000 42.000 2.760 15.330
996.000 55.000 -19.970 9.630
1008.000 55.000 -19.970 9.630
1020.000 55.000 -19.970 9.630
1032.000 55.000 -19.970 9.630
1044.000 55.000 -19.970 9.630
1056.000 55.000 -19.970 9.630
1068.000 55.000 -19.970 9.630
1080.000 55.000 -19.970 9.630
1092.000 55.000 -19.970 9.630
1104.000 55.000 -19.970 9.630
1116.000 55.000 -19.970 9.630
1128.000 55.000 -19.970 9.630
1140.000 55.000 -19.970 9.630
1152.000 55.000 -19.970 9.630
1164.000 55.000 -19.970 9.630
1176.000 55.000 -19.970 9.630
1188.000 55.000 -19.970 9.630
1200.000 55.000 -19.970 9.630
1212.000 55.000 -19.970 9.630
1224.000 55.000 -19.970 9.630
1032.000 87.000 -21.580 19.170
1044.000 87.000 -21.220 19.800
1056.000 87.000 -20.850 20.390
1068.000 87.000 -20.540 21.020
1080.000 87.000 -20.220 21.590
1092.000 87.000 -19.860 22.330
1104.000 87.000 -19.540 22.880
1116.000 87.000 -19.290 23.550
1128.000 87.000 -19.050 24.300
1140.000 87.000 -18.890 25.230
1152.000 87.000 -18.730 25.970
1164.000 87.000 -18.640 26.150
1176.000 87.000 -18.640 26.150
1188.000 87.000 -18.640 26.150
1200.000 87.000 -18.640 26.150
1212.000 87.000 -18.640 26.150
1224.000 87.000 -18.640 26.150
1236.000 87.000 -18.640 26.150
1248.000 87.000 -18.640 26.150
1260.000 87.000 -18.640 26.150
1044.000 82.000 21.110 21.290
1056.000 82.000 21.110 21.290
1068.000 82.000 21.110 21.290
1080.000 82.000 21.110 21.290
1092.000 82.000 21.110 21.290
1104.000 82.000 21.110 21.290
1116.000 82.000 21.110 21.290
1128.000 82.000 21.110 21.290
1140.000 82.000 21.110 21.290
1152.000 82.000 21.110 21.290
1164.000 82.000 21.110 21.290
1176.000 82.000 21.110 21.290
1188.000 82.000 21.110 21.290
1200.000 82.000 21.110 21.290
1212.000 82.000 21.110 21.290
1224.000 82.000 21.110 21.290
1236.000 82.000 21.110 21.290
1248.000 82.000 21.110 21.290
1260.000 82.000 21.110 21.290
1272.000 82.000 21.110 21.290
1056.000 39.000 -3.520 25.410
1068.000 39.000 -3.610 25.230
1080.000 39.000 -3.700 25.230
1092.000 39.000 -3.770 25.230
1104.000 39.000 -3.840 25.230
1116.000 39.000 -3.930 25.230
1128.000 39.000 -4.020 25.230
1140.000 39.000 -4.110 25.230
1152.000 39.000 -4.200 25.230
1164.000 39.000 -4.270 25.230
1176.000 39.000 -4.360 25.230
1188.000 39.000 -4.420 25.230
1200.000 39.000 -4.510 25.230
1212.000 39.000 -4.510 25.230
1224.000 39.000 -4.600 25.230
1236.000 39.000 -4.690 25.230
1248.000 39.000 -4.790 25.230
1260.000 39.000 -5.190 25.410
1272.000 39.000 -5.690 25.410
1284.000 39.000 -6.100 25.230
1164.000 40.000 22.200 8.520
1176.000 40.000 21.770 8.520
1188.000 40.000 21.180 8.520
1200.000 40.000 20.680 8.520
1212.000 40.000 20.100 8.520
1224.000 40.000 19.600 8.520
1236.000 40.000 19.010 8.520
1248.000 40.000 18.420 8.520
1260.000 40.000 17.930 8.340
1272.000 40.000 17.340 8.340
1284.000 40.000 16.750 8.340
1296.000 40.000 16.160 8.140
1308.000 40.000 15.580 8.140
1320.000 40.000 14.940 7.960
1332.000 40.000 14.360 7.960
1344.000 40.000 13.770 7.960
1356.000 40.000 13.180 7.780
1368.000 40.000 12.590 7.780
1380.000 40.000 12.010 7.600
1392.000 40.000 11.420 7.600
1200.000 65.000 -20.700 7.870
1212.000 65.000 -20.740 7.870
1224.000 65.000 -20.740 7.870
1236.000 65.000 -20.790 7.870
1248.000 65.000 -20.790 7.870
1260.000 65.000 -20.790 7.780
1272.000 65.000 -20.810 7.780
1284.000 65.000 -20.810 7.780
1296.000 65.000 -20.850 7.780
1308.000 65.000 -20.850 7.780
1320.000 65.000 -20.850 7.780
1332.000 65.000 -20.900 7.780
1344.000 65.000 -20.900 7.780
1356.000 65.000 -20.940 7.780
1368.000 65.000 -20.940 7.780
1380.000 65.000 -20.940 7.690
1392.000 65.000 -20.990 7.690
1404.000 65.000 -20.990 7.690
1416.000 65.000 -21.030 7.690
1428.000 65.000 -21.030 7.690
1200.000 75.000 -25.010 7.870
1212.000 75.000 -25.030 7.870
1224.000 75.000 -25.030 7.870
1236.000 75.000 -25.030 7.870
1248.000 75.000 -25.030 7.870
1260.000 75.000 -25.030 7.780
1272.000 75.000 -25.030 7.780
1284.000 75.000 -25.030 7.780
1296.000 75.000 -25.030 7.780
1308.000 75.000 -25.080 7.780
1320.000 75.000 -25.080 7.780
1332.000 75.000 -25.080 7.780
1344.000 75.000 -25.080 7.780
1356.000 75.000 -25.080 7.780
1368.000 75.000 -25.080 7.780
1380.000 75.000 -25.080 7.690
1392.000 75.000 -25.080 7.690
1404.000 75.000 -25.130 7.690
1416.000 75.000 -25.130 7.690
1428.000 75.000 -25.130 7.690
1236.000 24.000 -19.570 7.390
1248.000 24.000 -19.570 7.390
1260.000 24.000 -19.570 7.390
1272.000 24.000 -19.570 7.390
1284.000 24.000 -19.570 7.390
1296.000 24.000 -19.570 7.390
1308.000 24.000 -19.570 7.390
1320.000 24.000 -19.570 7.390
1332.000 24.000 -19.570 7.390
1344.000 24.000 -19.570 7.390
1356.000 24.000 -19.570 7.390
1368.000 24.000 -19.570 7.390
1380.000 24.000 -19.570 7.390
1392.000 24.000 -19.570 7.390
1404.000 24.000 -19.570 7.390
1416.000 24.000 -19.570 7.390
1428.000 24.000 -19.570 7.390
1440.000 24.000 -19.570 7.390
1452.000 24.000 -19.570 7.390
1464.000 24.000 -19.570 7.390
1236.000 32.000 -23.860 8.140
1248.000 32.000 -23.860 8.140
1260.000 32.000 -23.860 8.140
1272.000 32.000 -23.860 8.140
1284.000 32.000 -23.860 8.140
1296.000 32.000 -23.860 8.140
1308.000 32.000 -23.860 8.140
1320.000 32.000 -23.860 8.140
1332.000 32.000 -23.860 8.140
1344.000 32.000 -23.860 8.140
1356.000 32.000 -23.860 8.140
1368.000 32.000 -23.860 8.140
1380.000 32.000 -23.860 8.140
1392.000 32.000 -23.860 8.140
1404.000 32.000 -23.860 8.140
1416.000 32.000 -23.860 8.140
1428.000 32.000 -23.860 8.140
1440.000 32.000 -23.860 8.140
1452.000 32.000 -23.860 8.140
1464.000 32.000 -23.860 8.140
1236.000 34.000 14.400 5.630
1248.000 34.000 14.490 5.070
1260.000 34.000 14.490 5.070
1272.000 34.000 14.490 5.070
1284.000 34.000 14.490 5.070
1296.000 34.000 14.490 5.070
1308.000 34.000 14.490 5.070
1320.000 34.000 14.490 5.070
1332.000 34.000 14.490 5.070
1344.000 34.000 14.490 5.070
1356.000 34.000 14.490 5.070
1368.000 34.000 14.490 5.070
1380.000 34.000 14.490 5.070
1392.000 34.000 14.490 5.070
1404.000 34.000 14.490 5.070
1416.000 34.000 14.490 5.070
1428.000 34.000 14.490 5.070
1440.000 34.000 14.490 5.070
1452.000 34.000 14.490 5.070
1464.000 34.000 14.490 5.070
1236.000 36.000 -3.290 22.150
1248.000 36.000 -3.380 22.150
1260.000 36.000 -3.560 22.150
1272.000 36.000 -3.660 21.970
1284.000 36.000 -3.790 21.590
1296.000 36.000 -3.970 21.290
1308.000 36.000 -4.150 20.930
1320.000 36.000 -4.310 20.660
1332.000 36.000 -4.900 20.570
1344.000 36.000 -5.420 20.570
1356.000 36.000 -5.920 20.660
1368.000 36.000 -6.500 20.660
1380.000 36.000 -7.230 20.750
1392.000 36.000 -8.310 20.750
1404.000 36.000 -9.440 20.930
1416.000 36.000 -10.440 20.930
1428.000 36.000 -11.430 20.570
1440.000 36.000 -12.330 20.190
1452.000 36.000 -13.370 19.800
1464.000 36.000 -14.590 19.800
1236.000 38.000 -2.050 21.200
1248.000 38.000 -2.140 21.110
1260.000 38.000 -2.250 21.020
1272.000 38.000 -2.390 20.840
1284.000 38.000 -2.800 20.070
1296.000 38.000 -3.230 19.530
1308.000 38.000 -3.660 18.810
1320.000 38.000 -3.970 18.220
1332.000 38.000 -4.650 18.220
1344.000 38.000 -5.240 18.400
1356.000 38.000 -5.920 18.400
1368.000 38.000 -6.730 18.400
1380.000 38.000 -7.590 18.400
1392.000 38.000 -8.400 18.400
1404.000 38.000 -9.260 18.400
1416.000 38.000 -10.250 18.400
1428.000 38.000 -11.180 17.860
1440.000 38.000 -12.200 18.040
1452.000 38.000 -13.280 18.220
1464.000 38.000 -14.530 18.040
1236.000 43.000 3.260 15.330
1248.000 43.000 3.690 15.150
1260.000 43.000 4.190 14.970
1272.000 43.000 4.620 14.780
1284.000 43.000 5.020 14.780
1296.000 43.000 5.520 14.600
1308.000 43.000 5.950 14.400
1320.000 43.000 6.360 14.200
1332.000 43.000 6.880 14.020
1344.000 43.000 7.190 13.840
1356.000 43.000 7.530 13.470
1368.000 43.000 7.870 13.090
1380.000 43.000 8.210 12.910
1392.000 43.000 8.460 12.520
1404.000 43.000 8.800 12.160
1416.000 43.000 9.200 11.980
1428.000 43.000 9.630 11.980
1440.000 43.000 10.040 11.800
1452.000 43.000 10.470 11.800
1464.000 43.000 10.900 11.600
1236.000 56.000 -19.970 9.630
1248.000 56.000 -19.970 9.630
1260.000 56.000 -19.970 9.630
1272.000 56.000 -19.970 9.630
1284.000 56.000 -19.970 9.630
1296.000 56.000 -19.970 9.630
1308.000 56.000 -19.970 9.630
1320.000 56.000 -19.970 9.630
1332.000 56.000 -19.970 9.630
1344.000 56.000 -19.970 9.630
1356.000 56.000 -19.970 9.630
1368.000 56.000 -19.970 9.630
1380.000 56.000 -19.970 9.630
1392.000 56.000 -19.970 9.630
1404.000 56.000 -19.970 9.630
1416.000 56.000 -19.970 9.630
1428.000 56.000 -19.970 9.630
1440.000 56.000 -19.970 9.630
1452.000 56.000 -19.970 9.630
1464.000 56.000 -19.970 9.630
1272.000 88.000 -18.980 25.820
1284.000 88.000 -19.010 25.810
1296.000 88.000 -19.030 25.790
1308.000 88.000 -19.060 25.780
1320.000 88.000 -19.080 25.760
1332.000 88.000 -19.110 25.750
1344.000 88.000 -19.130 25.730
1356.000 88.000 -19.160 25.720
1368.000 88.000 -19.190 25.700
1380.000 88.000 -19.210 25.680
1392.000 88.000 -19.240 25.670
1404.000 88.000 -19.260 25.650
1416.000 88.000 -19.290 25.640
1428.000 88.000 -19.310 25.620
1440.000 88.000 -19.340 25.610
1452.000 88.000 -19.360 25.590
1464.000 88.000 -19.390 25.580
1476.000 88.000 -19.420 25.560
1488.000 88.000 -19.440 25.550
1500.000 88.000 -19.470 25.530
1284.000 83.000 21.110 21.290
1296.000 83.000 21.110 21.290
1308.000 83.000 21.110 21.290
1320.000 83.000 21.110 21.290
1332.000 83.000 21.110 21.290
1344.000 83.000 21.110 21.290
1356.000 83.000 21.110 21.290
1368.000 83.000 21.110 21.290
1380.000 83.000 21.110 21.290
1392.000 83.000 21.110 21.290
1404.000 83.000 21.110 21.290
1416.000 83.000 21.110 21.290
1428.000 83.000 21.110 21.290
1440.000 83.000 21.110 21.290
1452.000 83.000 21.110 21.290
1464.000 83.000 21.110 21.290
1476.000 83.000 21.110 21.290
1488.000 83.000 21.110 21.290
1500.000 83.000 21.110 21.290
1512.000 83.000 21.110 21.290
1308.000 50.000 -9.710 26.360
1320.000 50.000 -9.210 26.360
1332.000 50.000 -8.720 26.360
1344.000 50.000 -8.220 26.360
1356.000 50.000 -7.680 26.150
1368.000 50.000 -7.000 26.150
1380.000 50.000 -6.410 26.150
1392.000 50.000 -5.730 25.970
1404.000 50.000 -5.240 25.970
1416.000 50.000 -4.650 25.970
1428.000 50.000 -4.150 25.970
1440.000 50.000 -3.660 25.970
1452.000 50.000 -3.290 25.970
1464.000 50.000 -2.890 26.150
1476.000 50.000 -2.390 26.150
1488.000 50.000 -1.710 26.150
1500.000 50.000 -0.940 26.150
1512.000 50.000 -0.540 25.970
1524.000 50.000 -0.130 25.970
1536.000 50.000 0.340 25.970
1392.000 79.000 -31.660 19.620
1404.000 79.000 -31.140 19.620
1416.000 79.000 -30.680 19.710
1428.000 79.000 -30.190 19.710
1440.000 79.000 -29.600 19.890
1452.000 79.000 -29.100 20.280
1464.000 79.000 -28.520 20.480
1476.000 79.000 -27.930 20.660
1488.000 79.000 -27.430 20.840
1500.000 79.000 -26.930 21.020
1512.000 79.000 -26.410 20.840
1524.000 79.000 -25.920 20.750
1536.000 79.000 -25.370 20.750
1548.000 79.000 -24.830 20.660
1560.000 79.000 -24.290 20.660
1572.000 79.000 -23.790 20.570
1584.000 79.000 -23.250 20.570
1596.000 79.000 -22.680 20.480
1608.000 79.000 -22.190 20.480
1620.000 79.000 -21.640 20.370
1404.000 41.000 10.850 7.600
1416.000 41.000 10.090 7.600
1428.000 41.000 9.430 7.600
1440.000 41.000 8.660 7.600
1452.000 41.000 8.010 7.600
1464.000 41.000 7.240 7.600
1476.000 41.000 6.580 7.600
1488.000 41.000 5.810 7.600
1500.000 41.000 5.160 7.600
1512.000 41.000 4.570 7.690
1524.000 41.000 4.030 7.960
1536.000 41.000 3.510 8.070
1548.000 41.000 2.920 8.250
1560.000 41.000 2.360 8.250
1572.000 41.000 1.720 8.250
1584.000 41.000 1.140 8.250
1596.000 41.000 0.460 8.250
1608.000 41.000 -0.130 8.250
1620.000 41.000 -0.790 8.070
1632.000 41.000 -1.460 8.070
1440.000 66.000 -21.030 7.690
1452.000 66.000 -21.080 7.690
1464.000 66.000 -21.080 7.690
1476.000 66.000 -21.100 7.690
1488.000 66.000 -21.100 7.690
1500.000 66.000 -21.100 7.690
1512.000 66.000 -21.170 7.690
1524.000 66.000 -21.170 7.690
1536.000 66.000 -21.170 7.690
1548.000 66.000 -21.170 7.780
1560.000 66.000 -21.170 7.780
1572.000 66.000 -21.170 7.780
1584.000 66.000 -21.220 7.870
1596.000 66.000 -21.220 7.870
1608.000 66.000 -21.260 7.870
1620.000 66.000 -21.260 7.960
1632.000 66.000 -21.260 7.960
1644.000 66.000 -21.260 7.960
1656.000 66.000 -21.260 8.050
1668.000 66.000 -21.310 8.050
1440.000 76.000 -25.130 7.690
1452.000 76.000 -25.130 7.690
1464.000 76.000 -25.130 7.690
1476.000 76.000 -25.130 7.690
1488.000 76.000 -25.130 7.690
1500.000 76.000 -25.130 7.690
1512.000 76.000 -25.130 7.690
1524.000 76.000 -25.080 7.690
1536.000 76.000 -24.990 7.690
1548.000 76.000 -24.940 7.870
1560.000 76.000 -24.940 7.870
1572.000 76.000 -24.850 7.870
1584.000 76.000 -24.810 8.050
1596.000 76.000 -24.790 8.050
1608.000 76.000 -24.720 8.050
1620.000 76.000 -24.720 8.230
1632.000 76.000 -24.670 8.230
1644.000 76.000 -24.580 8.230
1656.000 76.000 -24.540 8.230
1668.000 76.000 -24.490 8.430
1476.000 44.000 11.310 11.600
1488.000 44.000 11.740 11.420
1500.000 44.000 12.140 11.420
1512.000 44.000 12.530 11.120
1524.000 44.000 12.910 10.940
1536.000 44.000 13.320 10.760
1548.000 44.000 13.680 10.580
1560.000 44.000 14.110 10.490
1572.000 44.000 14.540 10.110
1584.000 44.000 15.030 9.720
1596.000 44.000 15.440 9.540
1608.000 44.000 15.870 9.360
1620.000 44.000 16.280 9.180
1632.000 44.000 16.620 8.800
1644.000 44.000 17.050 8.430
1656.000 44.000 17.540 8.430
1668.000 44.000 18.130 8.610
1680.000 44.000 18.720 9.000
1692.000 44.000 19.060 8.610
1704.000 44.000 19.460 8.430
1476.000 57.000 -19.970 9.630
1488.000 57.000 -19.970 9.630
1500.000 57.000 -19.970 9.630
1512.000 57.000 -19.970 9.540
1524.000 57.000 -19.970 9.540
1536.000 57.000 -19.970 9.540
1548.000 57.000 -19.970 9.450
1560.000 57.000 -19.970 9.450
1572.000 57.000 -19.970 9.450
1584.000 57.000 -19.970 9.450
1596.000 57.000 -19.970 9.360
1608.000 57.000 -19.970 9.360
1620.000 57.000 -19.970 9.360
1632.000 57.000 -19.970 9.450
1644.000 57.000 -19.970 9.360
1656.000 57.000 -19.970 9.360
1668.000 57.000 -19.970 9.360
1680.000 57.000 -19.970 9.360
1692.000 57.000 -19.970 9.270
1704.000 57.000 -19.970 9.270
1500.000 46.000 11.550 25.880
1512.000 46.000 11.100 25.700
1524.000 46.000 10.670 25.520
1536.000 46.000 10.220 25.430
1548.000 46.000 9.790 25.430
1560.000 46.000 9.380 25.430
1572.000 46.000 8.930 25.430
1584.000 46.000 8.460 25.430
1596.000 46.000 8.010 25.430
1608.000 46.000 7.670 25.430
1620.000 46.000 7.330 25.430
1632.000 46.000 6.900 25.430
1644.000 46.000 6.240 25.430
1656.000 46.000 5.500 25.610
1668.000 46.000 4.820 25.790
1680.000 46.000 4.140 25.880
1692.000 46.000 3.460 25.970
1704.000 46.000 2.810 26.150
1716.000 46.000 2.130 26.330
1728.000 46.000 1.380 26.420
1500.000 48.000 9.270 25.340
1512.000 48.000 8.910 25.110
1524.000 48.000 8.680 25.110
1536.000 48.000 8.410 25.110
1548.000 48.000 8.010 24.930
1560.000 48.000 7.580 24.930
1572.000 48.000 7.150 24.750
1584.000 48.000 6.740 24.750
1596.000 48.000 6.330 24.570
1608.000 48.000 5.900 24.570
1620.000 48.000 4.890 24.390
1632.000 48.000 3.800 24.390
1644.000 48.000 2.630 24.390
1656.000 48.000 1.970 24.210
1668.000 48.000 1.810 24.210
1680.000 48.000 1.630 24.210
1692.000 48.000 1.450 24.210
1704.000 48.000 1.320 24.210
1716.000 48.000 1.050 24.210
1728.000 48.000 0.860 24.210
1500.000 51.000 -0.290 24.300
1512.000 51.000 -0.630 24.300
1524.000 51.000 -0.970 24.480
1536.000 51.000 -1.210 24.480
1548.000 51.000 -1.550 24.660
1560.000 51.000 -1.800 24.660
1572.000 51.000 -2.140 24.860
1584.000 51.000 -2.480 24.860
1596.000 51.000 -2.730 25.050
1608.000 51.000 -3.050 25.050
1620.000 51.000 -3.560 25.050
1632.000 51.000 -4.150 25.050
1644.000 51.000 -4.650 25.050
1656.000 51.000 -5.240 25.050
1668.000 51.000 -5.820 25.050
1680.000 51.000 -6.320 24.860
1692.000 51.000 -6.910 24.860
1704.000 51.000 -7.500 24.860
1716.000 51.000 -7.990 24.860
1728.000 51.000 -8.580 24.860
1500.000 53.000 -30.640 23.530
1512.000 53.000 -30.640 23.530
1524.000 53.000 -30.640 23.530
1536.000 53.000 -30.620 23.530
1548.000 53.000 -30.620 23.530
1560.000 53.000 -30.620 23.530
1572.000 53.000 -30.530 23.350
1584.000 53.000 -30.530 23.170
1596.000 53.000 -30.620 22.990
1608.000 53.000 -30.620 22.990
1620.000 53.000 -30.620 22.990
1632.000 53.000 -30.620 22.990
1644.000 53.000 -30.620 22.990
1656.000 53.000 -30.620 22.990
1668.000 53.000 -30.620 22.990
1680.000 53.000 -30.620 22.990
1692.000 53.000 -30.620 22.990
1704.000 53.000 -30.620 22.990
1716.000 53.000 -30.620 22.990
1728.000 53.000 -30.680 22.810
1512.000 89.000 -18.800 25.970
1524.000 89.000 -18.910 25.880
1536.000 89.000 -19.050 25.790
1548.000 89.000 -19.180 25.700
1560.000 89.000 -19.270 25.700
1572.000 89.000 -19.410 25.500
1584.000 89.000 -19.540 25.410
1596.000 89.000 -19.680 25.410
1608.000 89.000 -19.930 25.410
1620.000 89.000 -20.360 25.520
1632.000 89.000 -20.670 25.700
1644.000 89.000 -21.010 25.790
1656.000 89.000 -21.440 25.790
1668.000 89.000 -21.940 25.610
1680.000 89.000 -22.350 25.610
1692.000 89.000 -22.870 25.610
1704.000 89.000 -23.270 25.610
1716.000 89.000 -23.700 25.610
1728.000 89.000 -24.150 25.610
1740.000 89.000 -24.580 25.610
1524.000 84.000 21.110 21.290
1536.000 84.000 21.110 21.290
1548.000 84.000 21.110 21.290
1560.000 84.000 21.110 21.290
1572.000 84.000 21.160 21.290
1584.000 84.000 21.160 21.380
1596.000 84.000 21.160 21.380
1608.000 84.000 21.160 21.380
1620.000 84.000 21.160 21.380
1632.000 84.000 21.160 21.380
1644.000 84.000 21.180 21.380
1656.000 84.000 21.180 21.380
1668.000 84.000 21.180 21.500
1680.000 84.000 21.180 21.500
1692.000 84.000 21.180 21.500
1704.000 84.000 21.180 21.500
1716.000 84.000 21.230 21.500
1728.000 84.000 21.230 21.500
1740.000 84.000 21.230 21.500
1752.000 84.000 21.230 21.590
1632.000 80.000 -21.150 20.370
1644.000 80.000 -20.720 20.570
1656.000 80.000 -20.470 21.110
1668.000 80.000 -20.220 21.680
1680.000 80.000 -19.970 22.240
1692.000 80.000 -19.480 22.720
1704.000 80.000 -18.890 23.260
1716.000 80.000 -18.210 23.440
1728.000 80.000 -17.620 23.440
1740.000 80.000 -17.120 23.440
1752.000 80.000 -16.630 23.440
1764.000 80.000 -16.110 23.440
1776.000 80.000 -15.610 23.440
1788.000 80.000 -15.020 23.260
1800.000 80.000 -14.440 23.260
1812.000 80.000 -13.850 23.080
1824.000 80.000 -13.260 23.080
1836.000 80.000 -12.760 22.900
1848.000 80.000 -12.270 22.900
1860.000 80.000 -11.770 22.720
1680.000 67.000 -21.310 8.050
1692.000 67.000 -21.310 8.050
1704.000 67.000 -21.350 8.140
1716.000 67.000 -21.350 8.140
1728.000 67.000 -21.350 8.140
1740.000 67.000 -21.350 8.230
1752.000 67.000 -21.400 8.230
1764.000 67.000 -21.400 8.230
1776.000 67.000 -21.400 8.340
1788.000 67.000 -21.400 8.340
1800.000 67.000 -21.400 8.340
1812.000 67.000 -21.440 8.430
1824.000 67.000 -21.440 8.430
1836.000 67.000 -21.490 8.430
1848.000 67.000 -21.490 8.520
1860.000 67.000 -21.490 8.520
1872.000 67.000 -21.490 8.520
1884.000 67.000 -21.490 8.520
1896.000 67.000 -21.490 8.610
1908.000 67.000 -21.530 8.610
1680.000 77.000 -24.450 8.430
1692.000 77.000 -24.400 8.430
1704.000 77.000 -24.330 8.610
1716.000 77.000 -24.330 8.610
1728.000 77.000 -24.330 8.610
1740.000 77.000 -24.330 8.610
1752.000 77.000 -24.330 8.610
1764.000 77.000 -24.330 8.610
1776.000 77.000 -24.330 8.610
1788.000 77.000 -24.330 8.610
1800.000 77.000 -24.330 8.610
1812.000 77.000 -24.330 8.610
1824.000 77.000 -24.330 8.610
1836.000 77.000 -24.330 8.610
1848.000 77.000 -24.330 8.610
1860.000 77.000 -24.330 8.610
1872.000 77.000 -24.330 8.610
1884.000 77.000 -24.330 8.610
1896.000 77.000 -24.330 8.610
1908.000 77.000 -24.330 8.610
1716.000 45.000 19.980 8.430
1728.000 45.000 20.480 8.430
1740.000 45.000 20.980 8.610
1752.000 45.000 21.480 8.800
1764.000 45.000 22.240 8.800
1776.000 45.000 22.740 8.800
1788.000 45.000 22.990 8.800
1800.000 45.000 23.710 8.800
1812.000 45.000 24.530 9.180
1824.000 45.000 24.410 9.180
1836.000 45.000 24.660 9.180
1848.000 45.000 25.250 9.270
1860.000 45.000 25.160 9.180
1872.000 45.000 25.160 9.180
1884.000 45.000 25.160 9.180
1896.000 45.000 25.160 9.180
1908.000 45.000 25.160 9.180
1920.000 45.000 25.160 9.180
1932.000 45.000 25.160 9.180
1944.000 45.000 25.160 9.180
1716.000 58.000 -19.970 9.270
1728.000 58.000 -19.970 9.180
1740.000 58.000 -19.970 9.180
1752.000 58.000 -19.970 9.270
1764.000 58.000 -19.970 9.270
1776.000 58.000 -19.970 9.180
1788.000 58.000 -19.970 9.180
1800.000 58.000 -19.970 9.180
1812.000 58.000 -19.970 9.180
1824.000 58.000 -19.970 9.070
1836.000 58.000 -19.970 9.070
1848.000 58.000 -19.970 9.070
1860.000 58.000 -19.970 9.070
1872.000 58.000 -19.970 8.980
1884.000 58.000 -19.970 9.070
1896.000 58.000 -19.970 9.070
1908.000 58.000 -19.970 9.070
1920.000 58.000 -19.970 8.980
1932.000 58.000 -19.970 8.980
1944.000 58.000 -19.970 8.980
1740.000 47.000 0.710 26.630
1752.000 47.000 0.030 26.720
1764.000 47.000 -0.630 26.810
1776.000 47.000 -1.280 27.010
1788.000 47.000 -2.050 27.190
1800.000 47.000 -2.730 27.190
1812.000 47.000 -3.140 27.190
1824.000 47.000 -3.560 27.010
1836.000 47.000 -3.970 26.810
1848.000 47.000 -4.400 26.810
1860.000 47.000 -4.900 26.630
1872.000 47.000 -5.310 26.420
1884.000 47.000 -5.730 26.240
1896.000 47.000 -6.160 26.240
1908.000 47.000 -6.660 26.240
1920.000 47.000 -7.160 26.240
1932.000 47.000 -7.750 26.060
1944.000 47.000 -8.240 26.060
1956.000 47.000 -8.740 26.060
1968.000 47.000 -9.420 25.700
1740.000 49.000 0.730 24.210
1752.000 49.000 0.550 24.210
1764.000 49.000 0.280 24.210
1776.000 49.000 0.140 24.210
1788.000 49.000 -0.380 24.030
1800.000 49.000 -1.030 24.030
1812.000 49.000 -1.800 23.850
1824.000 49.000 -2.390 23.850
1836.000 49.000 -2.640 23.850
1848.000 49.000 -2.980 23.850
1860.000 49.000 -3.230 23.850
1872.000 49.000 -3.560 23.850
1884.000 49.000 -3.930 23.730
1896.000 49.000 -4.400 23.730
1908.000 49.000 -4.900 23.730
1920.000 49.000 -5.310 23.820
1932.000 49.000 -5.980 23.820
1944.000 49.000 -6.480 23.820
1956.000 49.000 -6.910 24.030
1968.000 49.000 -7.340 24.030
1740.000 52.000 -9.080 24.860
1752.000 52.000 -9.760 24.860
1764.000 52.000 -10.440 24.860
1776.000 52.000 -11.090 25.050
1788.000 52.000 -11.770 25.050
1800.000 52.000 -12.360 25.050
1812.000 52.000 -12.510 24.860
1824.000 52.000 -12.600 24.860
1836.000 52.000 -12.700 24.860
1848.000 52.000 -12.760 24.860
1860.000 52.000 -12.850 24.860
1872.000 52.000 -12.940 24.860
1884.000 52.000 -13.010 24.860
1896.000 52.000 -13.100 24.860
1908.000 52.000 -13.870 24.660
1920.000 52.000 -14.860 24.660
1932.000 52.000 -15.860 24.480
1944.000 52.000 -16.880 24.480
1956.000 52.000 -17.870 24.480
1968.000 52.000 -18.890 24.300
1740.000 54.000 -30.680 22.810
1752.000 54.000 -30.680 22.810
1764.000 54.000 -30.680 22.810
1776.000 54.000 -30.680 22.810
1788.000 54.000 -30.680 22.810
1800.000 54.000 -30.680 22.810
1812.000 54.000 -30.680 22.810
1824.000 54.000 -30.680 22.810
1836.000 54.000 -30.680 22.810
1848.000 54.000 -30.680 22.810
1860.000 54.000 -30.680 22.810
1872.000 54.000 -30.780 22.630
1884.000 54.000 -30.780 22.630
1896.000 54.000 -30.780 22.630
1908.000 54.000 -30.780 22.630
1920.000 54.000 -30.780 22.630
1932.000 54.000 -30.780 22.630
1944.000 54.000 -30.780 22.630
1956.000 54.000 -30.780 22.630
1968.000 54.000 -30.780 22.630
1752.000 90.000 -25.010 25.610
1764.000 90.000 -25.460 25.610
1776.000 90.000 -25.920 25.610
1788.000 90.000 -26.260 25.610
1800.000 90.000 -26.410 25.610
1812.000 90.000 -26.680 25.610
1824.000 90.000 -26.840 25.610
1836.000 90.000 -27.090 25.610
1848.000 90.000 -27.090 25.610
1860.000 90.000 -26.910 25.610
1872.000 90.000 -26.910 25.610
1884.000 90.000 -26.910 25.610
1896.000 90.000 -26.910 25.610
1908.000 90.000 -26.910 25.610
1920.000 90.000 -26.910 25.610
1932.000 90.000 -26.910 25.610
1944.000 90.000 -26.910 25.610
1956.000 90.000 -26.910 25.610
1968.000 90.000 -26.910 25.610
1980.000 90.000 -26.910 25.610
1764.000 85.000 21.230 21.590
1776.000 85.000 21.230 21.590
1788.000 85.000 21.270 21.590
1800.000 85.000 21.270 21.590
1812.000 85.000 21.270 21.590
1824.000 85.000 21.270 21.590
1836.000 85.000 21.270 21.680
1848.000 85.000 21.270 21.680
1860.000 85.000 21.320 21.680
1872.000 85.000 21.320 21.680
1884.000 85.000 21.320 21.680
1896.000 85.000 21.320 21.680
1908.000 85.000 21.320 21.680
1920.000 85.000 21.320 21.770
1932.000 85.000 21.360 21.770
1944.000 85.000 21.360 21.770
1956.000 85.000 21.360 21.770
1968.000 85.000 21.360 21.770
1980.000 85.000 21.360 21.770
1992.000 85.000 21.360 21.770
1872.000 81.000 -11.270 22.720
1884.000 81.000 -10.770 22.540
1896.000 81.000 -10.250 22.540
1908.000 81.000 -9.760 22.330
1920.000 81.000 -9.260 22.330
1932.000 81.000 -8.740 22.330
1944.000 81.000 -8.150 22.330
1956.000 81.000 -7.570 22.330
1968.000 81.000 -6.980 22.540
1980.000 81.000 -6.480 22.540
1992.000 81.000 -5.890 22.540
2004.000 81.000 -5.400 22.900
2016.000 81.000 -5.030 23.730
2028.000 81.000 -4.510 24.480
2040.000 81.000 -4.180 24.660
2052.000 81.000 -3.860 25.230
2064.000 81.000 -3.610 25.230
2076.000 81.000 -3.180 25.230
2088.000 81.000 -3.020 25.230
2100.000 81.000 -3.020 25.230
1920.000 68.000 -21.580 8.610
1932.000 68.000 -21.580 8.710
1944.000 68.000 -21.580 8.710
1956.000 68.000 -21.580 8.710
1968.000 68.000 -21.580 8.800
1980.000 68.000 -21.580 8.800
1992.000 68.000 -21.580 8.800
2004.000 68.000 -21.580 8.800
2016.000 68.000 -21.580 8.800
2028.000 68.000 -21.530 8.800
2040.000 68.000 -21.530 8.890
2052.000 68.000 -21.490 8.800
2064.000 68.000 -21.490 8.800
2076.000 68.000 -21.400 8.890
2088.000 68.000 -21.400 8.800
2100.000 68.000 -21.350 8.800
2112.000 68.000 -21.310 8.890
2124.000 68.000 -21.310 8.800
2136.000 68.000 -21.240 8.910
2148.000 68.000 -21.240 8.910
1920.000 78.000 -24.330 8.610
1932.000 78.000 -24.330 8.610
1944.000 78.000 -24.330 8.610
1956.000 78.000 -24.330 8.610
1968.000 78.000 -24.330 8.610
1980.000 78.000 -24.330 8.610
1992.000 78.000 -24.330 8.610
2004.000 78.000 -24.360 8.610
2016.000 78.000 -24.360 8.610
2028.000 78.000 -24.360 8.610
2040.000 78.000 -24.360 8.610
2052.000 78.000 -24.310 8.710
2064.000 78.000 -24.310 8.710
2076.000 78.000 -24.310 8.710
2088.000 78.000 -24.310 8.820
2100.000 78.000 -24.310 8.820
2112.000 78.000 -24.270 8.820
2124.000 78.000 -24.270 8.910
2136.000 78.000 -24.270 8.910
2148.000 78.000 -24.270 8.910
1944.000 69.000 14.790 7.030
1956.000 69.000 15.030 7.030
1968.000 69.000 15.350 7.030
1980.000 69.000 15.710 7.030
1992.000 69.000 15.940 7.030
2004.000 69.000 16.300 7.030
2016.000 69.000 16.710 7.300
2028.000 69.000 17.050 7.480
2040.000 69.000 17.480 7.480
2052.000 69.000 17.970 7.480
2064.000 69.000 18.470 7.690
2076.000 69.000 19.060 7.690
2088.000 69.000 19.550 7.690
2100.000 69.000 19.960 7.690
2112.000 69.000 20.390 7.690
2124.000 69.000 20.730 8.050
2136.000 69.000 21.410 8.250
2148.000 69.000 21.910 8.250
2160.000 69.000 22.490 8.250
2172.000 69.000 23.080 8.250
1956.000 59.000 -19.970 8.890
1968.000 59.000 -19.970 8.890
1980.000 59.000 -19.970 8.890
1992.000 59.000 -19.970 8.890
2004.000 59.000 -19.970 8.890
2016.000 59.000 -19.970 8.890
2028.000 59.000 -19.970 8.980
2040.000 59.000 -19.970 8.890
2052.000 59.000 -19.970 8.980
2064.000 59.000 -19.970 8.890
2076.000 59.000 -19.970 8.980
2088.000 59.000 -19.970 8.890
2100.000 59.000 -19.970 8.890
2112.000 59.000 -20.020 9.000
2124.000 59.000 -20.020 8.910
2136.000 59.000 -20.020 9.000
2148.000 59.000 -20.020 8.910
2160.000 59.000 -20.020 9.000
2172.000 59.000 -20.020 9.000
2184.000 59.000 -20.020 9.000
