0.000 47.000 10.020 44.180
12.000 47.000 9.950 44.710
24.000 47.000 9.950 45.450
36.000 47.000 9.950 46.160
48.000 47.000 9.950 46.910
60.000 47.000 9.950 47.440
72.000 47.000 9.950 48.190
84.000 47.000 9.950 48.540
96.000 47.000 10.020 48.890
108.000 47.000 10.020 49.270
120.000 47.000 10.100 50.000
132.000 47.000 10.190 50.530
144.000 47.000 10.280 51.280
156.000 47.000 10.280 52.000
168.000 47.000 10.280 52.910
180.000 47.000 10.190 53.640
192.000 47.000 10.190 54.360
204.000 47.000 10.190 55.110
216.000 47.000 10.100 55.820
228.000 47.000 10.100 56.370
0.000 49.000 11.030 46.070
12.000 49.000 11.030 45.540
24.000 49.000 11.030 45.170
36.000 49.000 11.030 44.790
48.000 49.000 11.030 44.440
60.000 49.000 11.030 43.910
72.000 49.000 11.030 43.540
84.000 49.000 11.030 42.810
96.000 49.000 10.940 42.260
108.000 49.000 10.940 41.530
120.000 49.000 10.940 40.980
132.000 49.000 11.030 40.430
144.000 49.000 11.030 40.430
156.000 49.000 11.030 40.430
168.000 49.000 11.030 40.430
180.000 49.000 11.030 40.430
192.000 49.000 11.030 40.430
204.000 49.000 11.030 40.430
216.000 49.000 11.030 40.430
228.000 49.000 11.030 40.430
0.000 52.000 18.370 7.110
12.000 52.000 18.900 6.730
24.000 52.000 19.520 6.560
36.000 52.000 20.140 6.380
48.000 52.000 20.730 6.210
60.000 52.000 21.350 6.030
72.000 52.000 21.970 5.650
84.000 52.000 22.560 5.480
96.000 52.000 23.090 5.280
108.000 52.000 23.710 4.930
120.000 52.000 24.240 4.380
132.000 52.000 24.590 4.380
144.000 52.000 25.030 4.380
156.000 52.000 25.390 4.380
168.000 52.000 26.180 4.200
180.000 52.000 26.090 4.020
192.000 52.000 26.090 4.020
204.000 52.000 26.090 4.020
216.000 52.000 26.090 3.820
228.000 52.000 26.090 3.820
0.000 54.000 -2.840 3.120
12.000 54.000 -3.020 3.560
24.000 54.000 -3.190 4.000
36.000 54.000 -3.370 4.570
48.000 54.000 -3.540 5.020
60.000 54.000 -3.680 5.570
72.000 54.000 -3.850 6.030
84.000 54.000 -4.030 6.560
96.000 54.000 -4.290 7.110
108.000 54.000 -4.470 7.840
120.000 54.000 -4.650 8.570
132.000 54.000 -4.910 9.120
144.000 54.000 -5.090 9.840
156.000 54.000 -5.350 10.400
168.000 54.000 -5.620 10.920
180.000 54.000 -5.880 11.300
192.000 54.000 -6.150 11.850
204.000 54.000 -6.410 12.380
216.000 54.000 -6.680 12.950
228.000 54.000 -6.850 13.480
0.000 56.000 -8.130 10.750
12.000 56.000 -8.220 11.300
24.000 56.000 -8.220 11.850
36.000 56.000 -8.220 12.380
48.000 56.000 -8.220 12.950
60.000 56.000 -8.310 13.480
72.000 56.000 -8.310 14.030
84.000 56.000 -8.310 14.580
96.000 56.000 -8.310 15.110
108.000 56.000 -8.310 15.670
120.000 56.000 -8.480 16.220
132.000 56.000 -8.660 16.570
144.000 56.000 -8.840 17.140
156.000 56.000 -9.100 17.670
168.000 56.000 -9.280 18.220
180.000 56.000 -9.430 18.600
192.000 56.000 -9.520 19.300
204.000 56.000 -9.520 20.580
216.000 56.000 -9.520 21.130
228.000 56.000 -9.520 21.680
0.000 58.000 10.680 -14.920
12.000 58.000 11.030 -15.120
24.000 58.000 11.380 -15.120
36.000 58.000 11.740 -15.120
48.000 58.000 12.070 -15.120
60.000 58.000 12.600 -15.120
72.000 58.000 13.130 -15.120
84.000 58.000 13.740 -14.920
96.000 58.000 14.270 -14.920
108.000 58.000 14.890 -14.720
120.000 58.000 15.460 -14.720
132.000 58.000 15.990 -14.720
144.000 58.000 16.610 -14.720
156.000 58.000 17.230 -14.720
168.000 58.000 17.840 -14.720
180.000 58.000 18.460 -14.720
192.000 58.000 18.990 -14.920
204.000 58.000 19.520 -15.120
216.000 58.000 19.870 -15.120
228.000 58.000 20.230 -15.120
0.000 91.000 5.540 6.930
12.000 91.000 6.160 6.930
24.000 91.000 6.780 6.930
36.000 91.000 7.390 6.930
48.000 91.000 8.100 6.930
60.000 91.000 8.800 6.930
72.000 91.000 9.420 7.110
84.000 91.000 9.950 7.110
96.000 91.000 10.460 7.110
108.000 91.000 10.990 7.110
120.000 91.000 11.490 7.310
132.000 91.000 11.850 7.480
144.000 91.000 12.240 7.750
156.000 91.000 12.600 8.010
168.000 91.000 13.040 8.210
180.000 91.000 13.480 8.390
192.000 91.000 13.920 8.570
204.000 91.000 14.450 8.740
216.000 91.000 14.890 8.940
228.000 91.000 15.420 8.940
96.000 51.000 11.120 61.020
108.000 51.000 11.030 60.470
120.000 51.000 11.030 59.740
132.000 51.000 10.940 59.190
144.000 51.000 10.850 58.460
156.000 51.000 10.850 57.740
168.000 51.000 10.850 57.190
180.000 51.000 11.030 56.660
192.000 51.000 11.120 56.080
204.000 51.000 11.210 55.730
216.000 51.000 11.380 55.200
228.000 51.000 11.470 54.630
240.000 51.000 11.470 53.720
252.000 51.000 11.470 52.640
264.000 51.000 11.470 51.540
276.000 51.000 11.380 50.640
288.000 51.000 11.300 49.910
300.000 51.000 11.210 49.180
312.000 51.000 11.210 48.630
324.000 51.000 11.210 48.080
240.000 48.000 10.100 57.100
252.000 48.000 10.020 57.650
264.000 48.000 10.020 58.200
276.000 48.000 10.020 58.730
288.000 48.000 10.100 59.280
300.000 48.000 10.280 60.010
312.000 48.000 10.190 60.360
324.000 48.000 10.100 60.760
336.000 48.000 10.100 61.020
348.000 48.000 10.100 61.290
360.000 48.000 10.100 61.640
372.000 48.000 10.020 60.560
384.000 48.000 10.020 59.650
396.000 48.000 10.020 58.730
408.000 48.000 10.020 57.740
420.000 48.000 10.020 56.830
432.000 48.000 10.020 55.910
444.000 48.000 10.020 55.020
456.000 48.000 9.950 54.010
468.000 48.000 9.950 53.000
240.000 50.000 11.030 40.430
252.000 50.000 11.030 40.430
264.000 50.000 11.030 40.430
276.000 50.000 11.030 40.430
288.000 50.000 11.030 40.430
300.000 50.000 11.030 40.430
312.000 50.000 11.030 40.430
324.000 50.000 11.030 40.430
336.000 50.000 11.030 40.430
348.000 50.000 11.030 40.430
360.000 50.000 11.030 40.430
372.000 50.000 11.030 40.250
384.000 50.000 11.030 40.070
396.000 50.000 11.030 40.070
408.000 50.000 11.030 39.900
420.000 50.000 11.030 39.900
432.000 50.000 11.070 39.720
444.000 50.000 11.070 39.520
456.000 50.000 11.070 39.520
468.000 50.000 11.070 39.350
240.000 53.000 26.090 3.820
252.000 53.000 26.090 3.820
264.000 53.000 26.090 3.820
276.000 53.000 26.090 3.820
288.000 53.000 26.090 3.820
300.000 53.000 26.000 3.820
312.000 53.000 25.910 3.820
324.000 53.000 25.830 3.650
336.000 53.000 25.740 3.560
348.000 53.000 25.740 3.470
360.000 53.000 25.740 3.470
372.000 53.000 25.830 3.470
384.000 53.000 25.830 3.470
396.000 53.000 25.650 3.650
408.000 53.000 25.470 4.020
420.000 53.000 25.740 4.200
432.000 53.000 26.000 4.380
444.000 53.000 26.000 4.200
456.000 53.000 26.000 4.200
468.000 53.000 26.180 4.570
240.000 55.000 -7.120 14.210
252.000 55.000 -7.380 14.940
264.000 55.000 -7.650 15.490
276.000 55.000 -7.910 16.220
288.000 55.000 -8.170 16.940
300.000 55.000 -8.170 17.500
312.000 55.000 -8.170 18.050
324.000 55.000 -8.170 18.770
336.000 55.000 -8.170 19.300
348.000 55.000 -8.170 19.850
360.000 55.000 -8.090 20.410
372.000 55.000 -8.000 21.130
384.000 55.000 -8.000 21.680
396.000 55.000 -7.910 22.210
408.000 55.000 -7.820 22.960
420.000 55.000 -7.820 23.690
432.000 55.000 -7.730 24.240
444.000 55.000 -7.650 25.150
456.000 55.000 -7.650 25.870
468.000 55.000 -7.650 26.230
240.000 57.000 -9.520 22.210
252.000 57.000 -9.430 22.790
264.000 57.000 -9.430 23.320
276.000 57.000 -9.430 23.870
288.000 57.000 -9.430 24.420
300.000 57.000 -9.340 25.150
312.000 57.000 -9.190 25.700
324.000 57.000 -9.010 26.400
336.000 57.000 -8.840 26.980
348.000 57.000 -8.660 27.680
360.000 57.000 -8.400 28.430
372.000 57.000 -8.310 28.960
384.000 57.000 -8.310 29.690
396.000 57.000 -8.310 30.240
408.000 57.000 -8.310 30.970
420.000 57.000 -8.310 31.520
432.000 57.000 -8.220 31.870
444.000 57.000 -8.130 32.420
456.000 57.000 -8.040 32.800
468.000 57.000 -7.950 33.330
240.000 59.000 21.260 -15.120
252.000 59.000 21.350 -14.720
264.000 59.000 21.350 -14.720
276.000 59.000 21.440 -14.720
288.000 59.000 21.530 -14.720
300.000 59.000 21.610 -14.720
312.000 59.000 21.610 -14.720
324.000 59.000 21.700 -14.720
336.000 59.000 21.790 -14.720
348.000 59.000 21.880 -14.720
360.000 59.000 21.880 -14.720
372.000 59.000 21.970 -14.720
384.000 59.000 22.060 -14.920
396.000 59.000 22.230 -14.920
408.000 59.000 21.570 -15.120
420.000 59.000 20.640 -15.120
432.000 59.000 19.740 -15.120
444.000 59.000 18.810 -15.120
456.000 59.000 17.890 -15.120
468.000 59.000 16.960 -15.120
240.000 92.000 15.950 9.120
252.000 92.000 16.390 9.120
264.000 92.000 16.920 9.120
276.000 92.000 17.450 9.290
288.000 92.000 17.980 9.290
300.000 92.000 18.510 9.290
312.000 92.000 19.040 9.290
324.000 92.000 19.560 9.490
336.000 92.000 20.090 9.670
348.000 92.000 20.530 9.840
360.000 92.000 21.040 10.020
372.000 92.000 21.480 10.200
384.000 92.000 21.990 10.400
396.000 92.000 22.430 10.570
408.000 92.000 22.960 10.750
420.000 92.000 23.400 10.950
432.000 92.000 23.930 11.120
444.000 92.000 24.460 11.120
456.000 92.000 24.990 11.300
468.000 92.000 25.610 11.480
264.000 27.000 8.670 -22.750
276.000 27.000 8.670 -22.370
288.000 27.000 8.670 -21.930
300.000 27.000 8.760 -21.580
312.000 27.000 8.760 -21.110
324.000 27.000 8.850 -20.740
336.000 27.000 8.850 -20.300
348.000 27.000 8.850 -19.950
360.000 27.000 8.940 -19.550
372.000 27.000 8.940 -19.200
384.000 27.000 8.940 -18.840
396.000 27.000 8.940 -18.490
408.000 27.000 8.940 -18.090
420.000 27.000 8.940 -17.740
432.000 27.000 8.940 -17.560
444.000 27.000 8.940 -17.560
456.000 27.000 8.940 -17.560
468.000 27.000 8.940 -17.560
480.000 27.000 8.940 -15.930
492.000 27.000 9.020 -13.900
504.000 10.000 0.710 33.530
516.000 10.000 0.890 33.530
528.000 10.000 0.980 33.530
540.000 10.000 1.150 33.530
552.000 10.000 1.240 33.530
564.000 10.000 1.420 33.530
576.000 10.000 1.480 33.530
588.000 10.000 1.660 33.530
600.000 10.000 1.750 33.530
612.000 10.000 1.920 33.530
624.000 10.000 2.010 33.530
636.000 10.000 2.190 33.530
648.000 10.000 2.280 33.530
660.000 10.000 2.450 33.530
672.000 10.000 2.540 33.530
684.000 10.000 2.720 33.530
696.000 10.000 2.720 33.530
708.000 10.000 2.630 33.700
720.000 10.000 2.540 33.880
732.000 10.000 2.450 34.050
504.000 28.000 9.020 -13.460
516.000 28.000 9.020 -12.930
528.000 28.000 9.020 -12.270
540.000 28.000 9.070 -11.830
552.000 28.000 9.110 -11.280
564.000 28.000 9.110 -10.640
576.000 28.000 9.160 -10.180
588.000 28.000 9.160 -9.560
600.000 28.000 9.200 -8.990
612.000 28.000 9.240 -8.460
624.000 28.000 9.240 -7.930
636.000 28.000 9.240 -7.360
648.000 28.000 9.330 -6.910
660.000 28.000 9.330 -6.360
672.000 28.000 9.330 -5.990
684.000 28.000 9.330 -5.550
696.000 28.000 9.330 -5.110
708.000 28.000 9.330 -4.620
720.000 28.000 9.330 -4.180
732.000 28.000 9.330 -3.720
504.000 37.000 30.550 8.100
516.000 37.000 30.550 8.100
528.000 37.000 30.550 8.100
540.000 37.000 30.550 8.100
552.000 37.000 30.550 8.100
564.000 37.000 30.550 8.100
576.000 37.000 30.550 8.100
588.000 37.000 30.550 8.100
600.000 37.000 30.550 8.100
612.000 37.000 30.550 8.100
624.000 37.000 30.550 8.100
636.000 37.000 30.550 8.100
648.000 37.000 30.550 8.100
660.000 37.000 30.550 8.100
672.000 37.000 30.550 8.100
684.000 37.000 30.550 8.100
696.000 37.000 30.550 8.100
708.000 37.000 30.550 8.100
720.000 37.000 30.550 8.100
732.000 37.000 30.550 8.100
504.000 95.000 1.020 40.540
516.000 95.000 1.020 40.540
528.000 95.000 1.020 40.710
540.000 95.000 1.020 40.890
552.000 95.000 1.020 40.890
564.000 95.000 1.020 41.070
576.000 95.000 1.020 41.240
588.000 95.000 1.020 41.240
600.000 95.000 0.980 41.240
612.000 95.000 0.890 41.150
624.000 95.000 0.980 41.530
636.000 95.000 1.150 41.900
648.000 95.000 1.310 42.260
660.000 95.000 1.390 42.810
672.000 95.000 1.570 43.160
684.000 95.000 1.840 43.710
696.000 95.000 2.100 44.150
708.000 95.000 2.370 44.730
720.000 95.000 2.670 45.340
732.000 95.000 2.760 46.090
504.000 97.000 29.840 8.740
516.000 97.000 29.840 8.740
528.000 97.000 29.840 8.740
540.000 97.000 29.840 8.740
552.000 97.000 29.840 8.850
564.000 97.000 29.840 8.940
576.000 97.000 29.840 8.940
588.000 97.000 29.840 8.940
600.000 97.000 29.840 8.940
612.000 97.000 29.840 9.030
624.000 97.000 29.840 9.120
636.000 97.000 29.840 9.120
648.000 97.000 29.840 9.120
660.000 97.000 29.840 9.200
672.000 97.000 29.840 9.200
684.000 97.000 29.840 9.200
696.000 97.000 29.840 9.290
708.000 97.000 29.840 9.380
720.000 97.000 29.840 9.380
732.000 97.000 29.840 9.380
504.000 99.000 31.030 8.100
516.000 99.000 31.030 8.100
528.000 99.000 31.030 8.100
540.000 99.000 31.030 8.100
552.000 99.000 31.030 8.100
564.000 99.000 31.030 8.100
576.000 99.000 31.030 8.100
588.000 99.000 31.030 8.100
600.000 99.000 31.030 8.100
612.000 99.000 31.030 8.100
624.000 99.000 31.030 8.100
636.000 99.000 31.030 8.100
648.000 99.000 31.030 8.100
660.000 99.000 31.030 8.100
672.000 99.000 31.030 8.100
684.000 99.000 31.030 8.100
696.000 99.000 31.030 8.100
708.000 99.000 31.030 8.100
720.000 99.000 31.030 8.100
732.000 99.000 31.030 8.100
564.000 89.000 -4.030 36.610
576.000 89.000 -3.850 37.600
588.000 89.000 -3.760 38.710
600.000 89.000 -3.410 39.080
612.000 89.000 -3.060 39.440
624.000 89.000 -2.790 39.990
636.000 89.000 -2.530 40.540
648.000 89.000 -2.270 41.070
660.000 89.000 -2.180 41.440
672.000 89.000 -2.180 41.790
684.000 89.000 -2.180 42.170
696.000 89.000 -2.180 42.900
708.000 89.000 -2.180 44.350
720.000 89.000 -2.180 44.900
732.000 89.000 -2.180 45.260
744.000 89.000 -2.180 45.630
756.000 89.000 -2.270 46.180
768.000 89.000 -2.270 46.540
780.000 89.000 -2.270 46.910
792.000 89.000 -2.270 47.260
636.000 90.000 -3.900 36.170
648.000 90.000 -3.810 36.520
660.000 90.000 -3.630 37.140
672.000 90.000 -3.540 38.160
684.000 90.000 -3.460 39.080
696.000 90.000 -3.020 39.440
708.000 90.000 -2.400 39.440
720.000 90.000 -2.220 40.160
732.000 90.000 -2.220 41.440
744.000 90.000 -2.090 42.350
756.000 90.000 -1.820 43.070
768.000 90.000 -1.650 43.450
780.000 90.000 -1.650 43.450
792.000 90.000 -1.650 43.450
804.000 90.000 -1.470 43.710
816.000 90.000 -1.470 43.710
828.000 90.000 -1.470 43.710
840.000 90.000 -1.470 43.710
852.000 90.000 -1.470 43.710
864.000 90.000 -1.250 44.440
648.000 96.000 19.830 23.050
660.000 96.000 20.010 22.500
672.000 96.000 20.270 21.770
684.000 96.000 20.510 21.130
696.000 96.000 20.780 20.490
708.000 96.000 21.040 19.850
720.000 96.000 21.220 19.220
732.000 96.000 21.480 18.580
744.000 96.000 21.750 17.870
756.000 96.000 22.010 17.320
768.000 96.000 22.280 16.590
780.000 96.000 22.560 15.930
792.000 96.000 22.870 15.310
804.000 96.000 23.180 14.580
816.000 96.000 23.490 13.950
828.000 96.000 23.800 13.220
840.000 96.000 24.240 12.310
852.000 96.000 24.590 11.390
864.000 96.000 25.030 10.480
876.000 96.000 25.470 9.580
744.000 11.000 2.370 34.230
756.000 11.000 2.280 34.430
768.000 11.000 2.190 34.630
780.000 11.000 2.100 34.800
792.000 11.000 2.010 34.980
804.000 11.000 1.920 35.160
816.000 11.000 1.840 35.330
828.000 11.000 1.750 35.510
840.000 11.000 1.660 35.880
852.000 11.000 1.240 36.260
864.000 11.000 0.890 36.610
876.000 11.000 0.540 37.050
888.000 11.000 0.090 37.430
900.000 11.000 0.010 37.980
912.000 11.000 -0.170 38.530
924.000 11.000 -0.260 39.260
936.000 11.000 -0.350 39.790
948.000 11.000 -0.440 40.360
960.000 11.000 -0.520 41.070
972.000 11.000 -0.520 41.620
744.000 29.000 9.330 -3.170
756.000 29.000 9.420 -2.810
768.000 29.000 9.510 -2.260
780.000 29.000 9.600 -1.710
792.000 29.000 9.690 -1.180
804.000 29.000 9.750 -0.630
816.000 29.000 9.840 -0.250
828.000 29.000 9.840 0.270
840.000 29.000 10.020 0.850
852.000 29.000 10.100 1.200
864.000 29.000 10.190 1.730
876.000 29.000 10.280 2.300
888.000 29.000 10.460 2.660
900.000 29.000 10.550 3.180
912.000 29.000 10.630 3.760
924.000 29.000 10.810 4.110
936.000 29.000 10.900 4.640
948.000 29.000 10.990 5.210
960.000 29.000 11.160 5.740
972.000 29.000 11.250 6.100
744.000 38.000 30.550 8.100
756.000 38.000 30.550 8.100
768.000 38.000 30.550 8.100
780.000 38.000 30.550 8.100
792.000 38.000 30.550 8.100
804.000 38.000 30.550 8.100
816.000 38.000 30.550 8.100
828.000 38.000 30.550 8.100
840.000 38.000 30.550 8.100
852.000 38.000 30.550 8.100
864.000 38.000 30.550 8.100
876.000 38.000 30.550 8.100
888.000 38.000 30.550 8.100
900.000 38.000 30.550 8.100
912.000 38.000 30.550 8.100
924.000 38.000 30.550 8.100
936.000 38.000 30.550 8.100
948.000 38.000 30.550 8.100
960.000 38.000 30.550 8.100
972.000 38.000 30.550 8.100
744.000 98.000 29.840 9.380
756.000 98.000 29.840 9.490
768.000 98.000 29.840 9.580
780.000 98.000 29.840 9.580
792.000 98.000 29.840 9.580
804.000 98.000 29.840 9.580
816.000 98.000 29.840 9.760
828.000 98.000 29.930 10.110
840.000 98.000 29.930 10.480
852.000 98.000 30.020 10.840
864.000 98.000 30.100 11.210
876.000 98.000 30.190 11.590
888.000 98.000 30.190 11.940
900.000 98.000 30.410 12.840
912.000 98.000 30.590 13.390
924.000 98.000 30.770 13.770
936.000 98.000 30.850 14.300
948.000 98.000 31.070 14.850
960.000 98.000 31.120 15.220
972.000 98.000 31.120 15.580
744.000 100.000 31.030 8.100
756.000 100.000 31.030 8.100
768.000 100.000 31.030 8.100
780.000 100.000 31.030 8.100
792.000 100.000 31.030 8.100
804.000 100.000 31.030 8.100
816.000 100.000 31.030 8.100
828.000 100.000 31.030 8.100
840.000 100.000 31.030 8.100
852.000 100.000 31.030 8.100
864.000 100.000 31.030 8.100
876.000 100.000 31.030 8.100
888.000 100.000 31.030 8.100
900.000 100.000 31.030 8.100
912.000 100.000 31.030 8.100
924.000 100.000 31.030 8.100
936.000 100.000 31.030 8.100
948.000 100.000 31.030 8.100
960.000 100.000 31.030 8.100
972.000 100.000 31.030 8.100
828.000 5.000 20.120 22.590
840.000 5.000 20.290 22.240
852.000 5.000 20.510 21.770
864.000 5.000 20.780 21.310
876.000 5.000 21.040 20.960
888.000 5.000 21.310 20.490
900.000 5.000 21.570 20.050
912.000 5.000 21.790 19.590
924.000 5.000 22.060 19.220
936.000 5.000 22.410 18.490
948.000 5.000 22.740 17.760
960.000 5.000 23.090 17.230
972.000 5.000 23.440 16.480
984.000 5.000 23.710 15.950
996.000 5.000 23.970 15.400
1008.000 5.000 24.240 14.670
1020.000 5.000 24.550 14.030
1032.000 5.000 24.860 13.390
1044.000 5.000 25.160 12.780
1056.000 5.000 25.560 12.200
852.000 21.000 30.720 13.390
864.000 21.000 30.460 13.220
876.000 21.000 29.930 13.390
888.000 21.000 29.400 13.570
900.000 21.000 28.870 13.570
912.000 21.000 28.470 13.220
924.000 21.000 28.120 12.860
936.000 21.000 27.460 12.860
948.000 21.000 26.970 13.220
960.000 21.000 26.360 12.470
972.000 21.000 25.740 12.470
984.000 21.000 25.120 12.290
996.000 21.000 24.590 12.670
1008.000 21.000 24.020 12.560
1020.000 21.000 23.490 12.470
1032.000 21.000 22.960 12.200
1044.000 21.000 22.430 12.030
1056.000 21.000 21.990 11.940
1068.000 21.000 21.310 11.940
1080.000 21.000 20.710 12.120
900.000 19.000 9.930 60.740
912.000 19.000 9.930 60.740
924.000 19.000 10.020 60.560
936.000 19.000 10.100 60.380
948.000 19.000 10.190 60.210
960.000 19.000 10.280 59.630
972.000 19.000 10.370 59.100
984.000 19.000 10.460 58.550
996.000 19.000 10.460 58.000
1008.000 19.000 10.500 57.010
1020.000 19.000 10.590 55.930
1032.000 19.000 10.630 54.830
1044.000 19.000 10.680 53.720
1056.000 19.000 10.770 52.730
1068.000 19.000 10.770 52.360
1080.000 19.000 10.770 52.000
1092.000 19.000 10.770 51.630
1104.000 19.000 10.770 51.280
1116.000 19.000 10.770 50.720
1128.000 19.000 10.770 50.170
936.000 43.000 24.460 4.930
948.000 43.000 24.020 5.390
960.000 43.000 23.580 5.740
972.000 43.000 23.050 6.100
984.000 43.000 22.700 6.490
996.000 43.000 22.540 6.490
1008.000 43.000 22.410 6.380
1020.000 43.000 22.280 6.470
1032.000 43.000 22.140 6.560
1044.000 43.000 22.010 6.560
1056.000 43.000 21.920 6.730
1068.000 43.000 21.750 7.110
1080.000 43.000 21.570 7.480
1092.000 43.000 20.870 7.660
1104.000 43.000 20.180 8.010
1116.000 43.000 19.560 8.390
1128.000 43.000 18.860 8.590
1140.000 43.000 18.150 8.940
1152.000 43.000 17.540 9.290
1164.000 43.000 16.830 9.470
960.000 17.000 -0.700 -22.110
972.000 17.000 -1.210 -22.110
984.000 17.000 -1.650 -22.110
996.000 17.000 -2.000 -22.110
1008.000 17.000 -2.130 -21.840
1020.000 17.000 -2.180 -21.470
1032.000 17.000 -2.310 -21.200
1044.000 17.000 -2.400 -20.920
1056.000 17.000 -2.440 -20.470
1068.000 17.000 -2.880 -20.470
1080.000 17.000 -3.320 -20.470
1092.000 17.000 -3.680 -20.470
1104.000 17.000 -4.120 -20.300
1116.000 17.000 -4.470 -20.300
1128.000 17.000 -4.820 -20.300
1140.000 17.000 -5.180 -20.300
1152.000 17.000 -5.710 -20.470
1164.000 17.000 -6.410 -20.470
1176.000 17.000 -7.120 -20.650
1188.000 17.000 -7.730 -20.650
984.000 12.000 -0.520 42.170
996.000 12.000 -0.520 42.700
1008.000 12.000 -0.440 43.360
1020.000 12.000 -0.350 43.710
1032.000 12.000 -0.260 44.180
1044.000 12.000 -0.170 44.620
1056.000 12.000 -0.080 45.080
1068.000 12.000 0.010 45.810
1080.000 12.000 0.090 46.730
1092.000 12.000 0.090 48.010
1104.000 12.000 0.090 49.070
1116.000 12.000 0.090 50.000
1128.000 12.000 0.090 50.920
1140.000 12.000 0.090 51.810
1152.000 12.000 0.090 52.380
1164.000 12.000 0.090 52.550
1176.000 12.000 0.090 52.910
1188.000 12.000 0.090 53.260
1200.000 12.000 0.090 53.660
1212.000 12.000 0.090 54.010
984.000 30.000 11.430 6.490
996.000 30.000 11.600 7.020
1008.000 30.000 11.980 7.840
1020.000 30.000 12.330 8.390
1032.000 30.000 12.680 8.850
1044.000 30.000 13.040 9.290
1056.000 30.000 13.430 9.840
1068.000 30.000 13.700 10.220
1080.000 30.000 14.050 10.570
1092.000 30.000 14.320 10.920
1104.000 30.000 14.670 11.320
1116.000 30.000 15.020 11.670
1128.000 30.000 15.290 12.030
1140.000 30.000 15.640 12.380
1152.000 30.000 15.990 12.780
1164.000 30.000 16.260 13.130
1176.000 30.000 16.610 13.480
1188.000 30.000 16.870 13.840
1200.000 30.000 17.230 14.230
1212.000 30.000 17.580 14.410
984.000 39.000 30.550 8.100
996.000 39.000 30.550 8.100
1008.000 39.000 30.500 8.100
1020.000 39.000 30.500 8.100
1032.000 39.000 30.500 8.100
1044.000 39.000 30.500 8.100
1056.000 39.000 30.500 8.100
1068.000 39.000 30.500 8.100
1080.000 39.000 30.500 8.100
1092.000 39.000 30.500 8.100
1104.000 39.000 30.500 8.100
1116.000 39.000 30.500 8.100
1128.000 39.000 30.500 8.100
1140.000 39.000 30.500 8.100
1152.000 39.000 30.500 8.100
1164.000 39.000 30.500 8.100
1176.000 39.000 30.500 8.100
1188.000 39.000 30.460 8.190
1200.000 39.000 30.460 8.190
1212.000 39.000 30.460 8.190
996.000 8.000 18.150 5.740
1008.000 8.000 18.150 5.740
1020.000 8.000 18.150 5.740
1032.000 8.000 18.150 5.740
1044.000 8.000 18.150 5.740
1056.000 8.000 18.150 5.740
1068.000 8.000 18.150 5.740
1080.000 8.000 18.150 5.740
1092.000 8.000 18.150 5.740
1104.000 8.000 18.150 5.740
1116.000 8.000 18.150 5.740
1128.000 8.000 18.150 5.740
1140.000 8.000 18.150 5.740
1152.000 8.000 18.150 5.740
1164.000 8.000 18.150 5.740
1176.000 8.000 18.150 5.740
1188.000 8.000 18.150 5.740
1200.000 8.000 18.150 5.740
1212.000 8.000 18.150 5.740
1224.000 8.000 18.150 5.740
996.000 13.000 28.600 19.770
1008.000 13.000 26.930 19.770
1020.000 13.000 25.520 19.770
1032.000 13.000 24.190 19.960
1044.000 13.000 22.780 19.960
1056.000 13.000 21.480 20.140
1068.000 13.000 20.270 20.490
1080.000 13.000 19.040 20.870
1092.000 13.000 17.800 21.220
1104.000 13.000 16.570 21.600
1116.000 13.000 15.420 21.950
1128.000 13.000 14.360 22.320
1140.000 13.000 13.300 22.880
1152.000 13.000 12.240 23.780
1164.000 13.000 11.210 24.150
1176.000 13.000 10.330 24.330
1188.000 13.000 9.470 24.680
1200.000 13.000 8.670 25.610
1212.000 13.000 7.880 26.320
1224.000 13.000 7.080 27.240
996.000 15.000 29.180 25.650
1008.000 15.000 28.300 24.770
1020.000 15.000 27.590 24.770
1032.000 15.000 26.880 24.770
1044.000 15.000 26.180 24.770
1056.000 15.000 25.560 24.770
1068.000 15.000 24.150 24.770
1080.000 15.000 22.830 24.770
1092.000 15.000 21.440 24.770
1104.000 15.000 20.140 24.770
1116.000 15.000 18.810 24.770
1128.000 15.000 17.400 24.770
1140.000 15.000 16.080 24.770
1152.000 15.000 15.290 25.120
1164.000 15.000 14.230 25.320
1176.000 15.000 12.910 25.520
1188.000 15.000 11.760 25.870
1200.000 15.000 10.900 26.600
1212.000 15.000 10.020 27.330
1224.000 15.000 9.160 28.230
1068.000 6.000 25.740 11.300
1080.000 6.000 26.000 10.400
1092.000 6.000 26.180 9.840
1104.000 6.000 26.360 9.290
1116.000 6.000 26.620 8.940
1128.000 6.000 26.800 8.390
1140.000 6.000 27.060 8.010
1152.000 6.000 27.240 7.480
1164.000 6.000 27.190 7.290
1176.000 6.000 27.460 6.380
1188.000 6.000 27.550 5.920
1200.000 6.000 27.550 5.650
1212.000 6.000 27.550 5.390
1224.000 6.000 27.550 5.100
1236.000 6.000 27.500 4.930
1248.000 6.000 27.500 4.750
1260.000 6.000 27.500 4.750
1272.000 6.000 27.500 4.570
1284.000 6.000 27.500 4.570
1296.000 6.000 27.500 4.380
1092.000 22.000 20.450 11.940
1104.000 22.000 20.180 11.760
1116.000 22.000 19.920 11.560
1128.000 22.000 19.650 11.560
1140.000 22.000 19.390 11.390
1152.000 22.000 19.120 11.210
1164.000 22.000 18.860 11.210
1176.000 22.000 18.240 10.860
1188.000 22.000 17.620 10.660
1200.000 22.000 17.090 10.480
1212.000 22.000 16.480 10.480
1224.000 22.000 15.950 10.310
1236.000 22.000 15.330 10.110
1248.000 22.000 14.800 9.930
1260.000 22.000 14.270 9.760
1272.000 22.000 13.740 9.760
1284.000 22.000 13.210 9.580
1296.000 22.000 12.680 9.380
1308.000 22.000 12.160 9.200
1320.000 22.000 11.630 9.200
1140.000 20.000 10.770 49.640
1152.000 20.000 10.770 49.090
1164.000 20.000 10.770 48.540
1176.000 20.000 10.770 47.990
1188.000 20.000 10.770 47.640
1200.000 20.000 10.770 47.090
1212.000 20.000 10.770 46.710
1224.000 20.000 10.770 46.180
1236.000 20.000 10.770 45.810
1248.000 20.000 10.850 45.080
1260.000 20.000 10.850 44.180
1272.000 20.000 10.850 43.250
1284.000 20.000 10.850 42.350
1296.000 20.000 10.680 42.170
1308.000 20.000 10.500 41.990
1320.000 20.000 10.410 41.790
1332.000 20.000 10.240 41.620
1344.000 20.000 10.060 41.440
1356.000 20.000 9.990 41.270
1368.000 20.000 9.820 41.070
1176.000 44.000 16.480 9.120
1188.000 44.000 16.040 8.760
1200.000 44.000 15.680 8.390
1212.000 44.000 15.330 8.010
1224.000 44.000 14.980 7.660
1236.000 44.000 14.540 7.110
1248.000 44.000 14.100 6.730
1260.000 44.000 13.650 6.560
1272.000 44.000 13.130 6.210
1284.000 44.000 12.680 5.850
1296.000 44.000 12.240 5.480
1308.000 44.000 11.710 5.100
1320.000 44.000 11.300 4.750
1332.000 44.000 10.770 4.570
1344.000 44.000 10.330 4.200
1356.000 44.000 9.820 3.820
1368.000 44.000 9.380 3.470
1380.000 44.000 8.850 3.120
1392.000 44.000 8.410 2.940
1404.000 44.000 7.880 2.940
1200.000 18.000 -8.260 -20.650
1212.000 18.000 -8.790 -20.650
1224.000 18.000 -9.320 -20.650
1236.000 18.000 -9.740 -20.650
1248.000 18.000 -10.270 -20.650
1260.000 18.000 -10.800 -20.650
1272.000 18.000 -11.310 -20.650
1284.000 18.000 -11.750 -20.650
1296.000 18.000 -12.360 -20.650
1308.000 18.000 -12.980 -20.470
1320.000 18.000 -13.510 -20.300
1332.000 18.000 -14.130 -20.120
1344.000 18.000 -14.660 -19.920
1356.000 18.000 -15.270 -19.750
1368.000 18.000 -15.890 -19.750
1380.000 18.000 -16.420 -19.550
1392.000 18.000 -16.820 -19.460
1404.000 18.000 -17.080 -19.460
1416.000 18.000 -17.350 -19.460
1428.000 18.000 -18.010 -19.020
1224.000 31.000 17.840 14.760
1236.000 31.000 18.200 15.110
1248.000 31.000 18.460 15.490
1260.000 31.000 18.730 15.860
1272.000 31.000 18.990 16.220
1284.000 31.000 19.260 16.570
1296.000 31.000 19.700 16.750
1308.000 31.000 20.230 16.970
1320.000 31.000 20.640 17.140
1332.000 31.000 21.170 17.320
1344.000 31.000 21.700 17.500
1356.000 31.000 22.140 17.670
1368.000 31.000 22.650 17.850
1380.000 31.000 23.180 18.020
1392.000 31.000 23.710 18.420
1404.000 31.000 24.330 18.950
1416.000 31.000 24.940 19.480
1428.000 31.000 25.470 19.880
1440.000 31.000 26.000 20.050
1452.000 31.000 26.530 20.410
1224.000 40.000 30.460 8.190
1236.000 40.000 30.460 8.190
1248.000 40.000 30.460 8.190
1260.000 40.000 30.460 8.190
1272.000 40.000 30.460 8.190
1284.000 40.000 30.460 8.190
1296.000 40.000 30.460 8.190
1308.000 40.000 30.460 8.190
1320.000 40.000 30.460 8.190
1332.000 40.000 30.460 8.190
1344.000 40.000 30.410 8.190
1356.000 40.000 30.410 8.190
1368.000 40.000 30.410 8.190
1380.000 40.000 30.410 8.190
1392.000 40.000 30.410 8.190
1404.000 40.000 30.410 8.190
1416.000 40.000 30.410 8.190
1428.000 40.000 30.410 8.190
1440.000 40.000 30.410 8.190
1452.000 40.000 30.410 8.190
1236.000 9.000 18.150 5.740
1248.000 9.000 18.150 5.740
1260.000 9.000 18.150 5.740
1272.000 9.000 18.150 5.740
1284.000 9.000 18.150 5.740
1296.000 9.000 18.150 5.740
1308.000 9.000 18.150 5.740
1320.000 9.000 18.150 5.740
1332.000 9.000 18.150 5.740
1344.000 9.000 18.150 5.740
1356.000 9.000 18.150 5.740
1368.000 9.000 18.150 5.740
1380.000 9.000 18.150 5.740
1392.000 9.000 18.150 5.740
1404.000 9.000 18.150 5.740
1416.000 9.000 18.150 5.740
1428.000 9.000 18.150 5.740
1440.000 9.000 18.150 5.740
1452.000 9.000 18.150 5.740
1464.000 9.000 18.150 5.740
1236.000 14.000 6.290 28.150
1248.000 14.000 5.670 29.420
1260.000 14.000 5.140 30.880
1272.000 14.000 4.610 32.510
1284.000 14.000 4.090 34.170
1296.000 14.000 3.780 34.520
1308.000 14.000 3.510 35.250
1320.000 14.000 3.340 36.700
1332.000 14.000 3.160 37.980
1344.000 14.000 2.940 39.440
1356.000 14.000 2.760 40.890
1368.000 14.000 2.540 42.170
1380.000 14.000 2.320 43.620
1392.000 14.000 2.140 44.900
1404.000 14.000 2.140 46.160
1416.000 14.000 2.230 47.260
1428.000 14.000 2.230 48.370
1440.000 14.000 2.320 49.640
1452.000 14.000 2.320 51.450
1464.000 14.000 2.320 53.260
1236.000 16.000 8.270 28.960
1248.000 16.000 7.660 29.710
1260.000 16.000 7.220 30.590
1272.000 16.000 6.780 31.520
1284.000 16.000 6.690 34.250
1296.000 16.000 6.110 34.430
1308.000 16.000 5.670 35.250
1320.000 16.000 5.500 36.520
1332.000 16.000 5.320 37.890
1344.000 16.000 5.100 39.060
1356.000 16.000 4.880 40.430
1368.000 16.000 4.660 41.710
1380.000 16.000 4.480 42.900
1392.000 16.000 4.390 45.720
1404.000 16.000 4.310 47.350
1416.000 16.000 4.220 48.810
1428.000 16.000 4.130 50.090
1440.000 16.000 4.040 51.540
1452.000 16.000 4.040 52.820
1464.000 16.000 4.040 54.100
1308.000 7.000 27.460 4.380
1320.000 7.000 27.460 4.200
1332.000 7.000 27.460 4.200
1344.000 7.000 27.460 4.020
1356.000 7.000 27.460 4.020
1368.000 7.000 27.460 3.820
1380.000 7.000 27.370 3.650
1392.000 7.000 27.370 3.650
1404.000 7.000 27.370 3.470
1416.000 7.000 27.370 3.470
1428.000 7.000 27.370 3.300
1440.000 7.000 27.370 3.300
1452.000 7.000 27.370 3.120
1464.000 7.000 27.330 3.120
1476.000 7.000 27.330 2.920
1488.000 7.000 27.330 2.740
1500.000 7.000 27.330 2.740
1512.000 7.000 27.330 2.570
1524.000 7.000 27.330 2.570
1536.000 7.000 27.330 2.570
1332.000 23.000 11.120 9.030
1344.000 23.000 10.590 8.850
1356.000 23.000 10.080 8.650
1368.000 23.000 9.550 8.650
1380.000 23.000 9.020 8.480
1392.000 23.000 8.230 8.120
1404.000 23.000 7.350 7.930
1416.000 23.000 6.470 7.570
1428.000 23.000 5.670 7.570
1440.000 23.000 4.970 7.570
1452.000 23.000 4.260 7.570
1464.000 23.000 3.640 7.750
1476.000 23.000 2.940 7.750
1488.000 23.000 2.230 7.750
1500.000 23.000 1.620 7.930
1512.000 23.000 1.130 7.930
1524.000 23.000 0.670 7.930
1536.000 23.000 0.180 8.040
1548.000 23.000 -0.350 8.040
1560.000 23.000 -0.850 8.040
1416.000 45.000 7.350 2.940
1428.000 45.000 6.910 2.550
1440.000 45.000 6.470 2.190
1452.000 45.000 5.940 1.660
1464.000 45.000 5.500 1.090
1476.000 45.000 5.060 0.740
1488.000 45.000 4.610 0.210
1500.000 45.000 4.170 -0.170
1512.000 45.000 3.560 -0.450
1524.000 45.000 3.030 -0.630
1536.000 45.000 2.450 -0.720
1548.000 45.000 2.060 -1.070
1560.000 45.000 1.790 -1.450
1572.000 45.000 1.440 -2.000
1584.000 45.000 1.090 -2.530
1596.000 45.000 0.580 -3.080
1608.000 45.000 0.140 -3.800
1620.000 45.000 -0.300 -4.360
1632.000 45.000 -0.550 -4.910
1644.000 45.000 -0.810 -5.460
1464.000 41.000 30.410 8.190
1476.000 41.000 30.410 8.190
1488.000 41.000 30.410 8.190
1500.000 41.000 30.410 8.190
1512.000 41.000 30.410 8.010
1524.000 41.000 30.410 8.010
1536.000 41.000 30.410 8.010
1548.000 41.000 30.410 8.010
1560.000 41.000 30.410 8.010
1572.000 41.000 30.410 8.010
1584.000 41.000 30.410 8.010
1596.000 41.000 30.460 8.010
1608.000 41.000 30.460 7.930
1620.000 41.000 30.460 7.930
1632.000 41.000 30.460 7.930
1644.000 41.000 30.460 7.930
1656.000 41.000 30.460 7.930
1668.000 41.000 30.460 7.930
1680.000 41.000 30.500 7.840
1692.000 41.000 30.500 7.840
1500.000 25.000 4.660 -1.090
1512.000 25.000 4.220 -1.530
1524.000 25.000 3.780 -2.000
1536.000 25.000 3.340 -2.350
1548.000 25.000 2.890 -2.810
1560.000 25.000 2.540 -3.170
1572.000 25.000 2.190 -3.540
1584.000 25.000 1.840 -3.920
1596.000 25.000 1.390 -4.270
1608.000 25.000 1.040 -4.620
1620.000 25.000 0.710 -5.000
1632.000 25.000 0.360 -5.370
1644.000 25.000 0.010 -5.720
1656.000 25.000 -0.260 -6.270
1668.000 25.000 -0.410 -6.830
1680.000 25.000 -0.500 -7.360
1692.000 25.000 -0.590 -7.910
1704.000 25.000 -0.770 -8.460
1716.000 25.000 -0.850 -9.010
1728.000 25.000 -1.030 -9.560
1500.000 33.000 30.900 9.030
1512.000 33.000 30.900 9.030
1524.000 33.000 30.900 9.030
1536.000 33.000 30.900 9.030
1548.000 33.000 30.900 9.030
1560.000 33.000 30.900 9.030
1572.000 33.000 30.900 9.030
1584.000 33.000 30.900 9.030
1596.000 33.000 30.900 9.030
1608.000 33.000 30.900 9.030
1620.000 33.000 30.900 9.030
1632.000 33.000 30.900 9.030
1644.000 33.000 30.900 9.030
1656.000 33.000 30.900 9.030
1668.000 33.000 30.900 9.030
1680.000 33.000 30.900 9.030
1692.000 33.000 30.900 9.030
1704.000 33.000 30.900 9.030
1716.000 33.000 30.900 9.030
1728.000 33.000 30.900 9.030
1500.000 35.000 29.710 7.840
1512.000 35.000 29.710 7.840
1524.000 35.000 29.710 7.840
1536.000 35.000 29.710 7.840
1548.000 35.000 29.710 7.840
1560.000 35.000 29.710 7.840
1572.000 35.000 29.710 7.840
1584.000 35.000 29.710 7.840
1596.000 35.000 29.710 7.840
1608.000 35.000 29.710 7.840
1620.000 35.000 29.710 7.840
1632.000 35.000 29.710 7.840
1644.000 35.000 29.710 7.840
1656.000 35.000 29.710 7.840
1668.000 35.000 29.710 7.840
1680.000 35.000 29.710 7.840
1692.000 35.000 29.710 7.840
1704.000 35.000 29.710 7.840
1716.000 35.000 29.710 7.840
1728.000 35.000 29.710 7.840
1500.000 77.000 24.810 22.700
1512.000 77.000 24.810 22.700
1524.000 77.000 24.810 22.700
1536.000 77.000 24.810 22.700
1548.000 77.000 24.810 22.700
1560.000 77.000 24.810 22.700
1572.000 77.000 24.810 22.700
1584.000 77.000 24.810 22.700
1596.000 77.000 24.810 22.700
1608.000 77.000 24.810 22.700
1620.000 77.000 24.810 22.700
1632.000 77.000 24.810 22.700
1644.000 77.000 24.810 22.700
1656.000 77.000 24.810 22.700
1668.000 77.000 24.810 22.700
1680.000 77.000 24.810 22.700
1692.000 77.000 24.810 22.700
1704.000 77.000 24.810 22.700
1716.000 77.000 24.810 22.700
1728.000 77.000 24.810 22.700
1560.000 69.000 15.240 -20.300
1572.000 69.000 15.240 -19.920
1584.000 69.000 15.240 -19.550
1596.000 69.000 15.240 -19.200
1608.000 69.000 15.240 -18.840
1620.000 69.000 15.240 -18.290
1632.000 69.000 15.240 -17.920
1644.000 69.000 15.150 -17.560
1656.000 69.000 14.980 -17.010
1668.000 69.000 14.850 -16.460
1680.000 69.000 14.710 -16.110
1692.000 69.000 14.580 -15.560
1704.000 69.000 14.400 -15.180
1716.000 69.000 14.230 -14.650
1728.000 69.000 13.880 -14.280
1740.000 69.000 13.520 -13.900
1752.000 69.000 13.170 -13.550
1764.000 69.000 12.990 -13.020
1776.000 69.000 12.820 -12.450
1788.000 69.000 12.640 -11.920
1572.000 24.000 -1.560 8.210
1584.000 24.000 -2.270 8.390
1596.000 24.000 -2.880 8.740
1608.000 24.000 -3.410 9.120
1620.000 24.000 -3.850 9.490
1632.000 24.000 -4.380 9.670
1644.000 24.000 -4.910 10.020
1656.000 24.000 -5.440 10.370
1668.000 24.000 -6.060 10.950
1680.000 24.000 -6.680 11.480
1692.000 24.000 -7.380 12.030
1704.000 24.000 -8.000 12.580
1716.000 24.000 -8.530 13.110
1728.000 24.000 -9.140 13.680
1740.000 24.000 -9.650 14.030
1752.000 24.000 -10.180 14.390
1764.000 24.000 -10.710 14.760
1776.000 24.000 -11.220 14.760
1788.000 24.000 -11.920 14.960
1800.000 24.000 -12.630 15.140
1584.000 32.000 9.730 -22.660
1596.000 32.000 9.730 -22.110
1608.000 32.000 9.640 -21.580
1620.000 32.000 9.600 -21.090
1632.000 32.000 9.600 -20.740
1644.000 32.000 9.730 -20.740
1656.000 32.000 9.860 -20.390
1668.000 32.000 10.020 -19.640
1680.000 32.000 10.190 -18.930
1692.000 32.000 10.460 -18.010
1704.000 32.000 10.900 -17.300
1716.000 32.000 11.580 -17.120
1728.000 32.000 12.110 -16.900
1740.000 32.000 12.460 -16.900
1752.000 32.000 12.730 -16.200
1764.000 32.000 13.080 -15.450
1776.000 32.000 13.790 -15.450
1788.000 32.000 14.320 -15.090
1800.000 32.000 14.760 -14.740
1812.000 32.000 15.370 -14.570
1656.000 46.000 -1.070 -5.990
1668.000 46.000 -1.340 -6.540
1680.000 46.000 -1.600 -7.090
1692.000 46.000 -1.870 -7.820
1704.000 46.000 -2.130 -8.370
1716.000 46.000 -2.130 -8.920
1728.000 46.000 -2.220 -9.270
1740.000 46.000 -2.270 -9.650
1752.000 46.000 -2.350 -10.180
1764.000 46.000 -2.440 -10.730
1776.000 46.000 -2.530 -11.280
1788.000 46.000 -2.620 -11.830
1800.000 46.000 -2.710 -12.180
1812.000 46.000 -2.710 -12.910
1824.000 46.000 -2.620 -13.640
1836.000 46.000 -2.530 -14.190
1848.000 46.000 -2.530 -14.570
1860.000 46.000 -2.620 -14.920
1872.000 46.000 -2.710 -15.090
1884.000 46.000 -2.790 -15.470
1656.000 72.000 10.080 61.460
1668.000 72.000 10.170 61.460
1680.000 72.000 10.170 60.850
1692.000 72.000 10.170 60.100
1704.000 72.000 10.240 59.920
1716.000 72.000 10.280 59.020
1728.000 72.000 10.240 58.380
1740.000 72.000 10.240 57.270
1752.000 72.000 10.190 56.280
1764.000 72.000 10.190 55.380
1776.000 72.000 10.410 54.910
1788.000 72.000 10.500 54.720
1800.000 72.000 10.460 54.270
1812.000 72.000 10.370 53.550
1824.000 72.000 10.370 52.910
1836.000 72.000 10.330 52.180
1848.000 72.000 10.330 51.450
1860.000 72.000 10.240 51.190
1872.000 72.000 10.130 50.920
1884.000 72.000 10.040 50.640
1704.000 42.000 30.500 7.840
1716.000 42.000 30.500 7.750
1728.000 42.000 30.500 7.750
1740.000 42.000 30.500 7.750
1752.000 42.000 30.500 7.750
1764.000 42.000 30.500 7.750
1776.000 42.000 30.590 7.750
1788.000 42.000 30.590 7.750
1800.000 42.000 30.590 7.750
1812.000 42.000 30.590 7.750
1824.000 42.000 30.590 7.660
1836.000 42.000 30.590 7.660
1848.000 42.000 30.590 7.660
1860.000 42.000 30.630 7.570
1872.000 42.000 30.630 7.570
1884.000 42.000 30.630 7.570
1896.000 42.000 30.630 7.570
1908.000 42.000 30.630 7.570
1920.000 42.000 30.630 7.570
1932.000 42.000 30.630 7.480
1740.000 26.000 -1.120 -10.090
1752.000 26.000 -1.300 -10.640
1764.000 26.000 -1.380 -11.370
1776.000 26.000 -1.380 -11.920
1788.000 26.000 -1.380 -12.470
1800.000 26.000 -1.380 -13.090
1812.000 26.000 -1.380 -13.640
1824.000 26.000 -1.380 -14.010
1836.000 26.000 -1.380 -14.540
1848.000 26.000 -1.470 -15.120
1860.000 26.000 -1.470 -15.470
1872.000 26.000 -1.650 -16.000
1884.000 26.000 -1.740 -16.570
1896.000 26.000 -1.820 -17.100
1908.000 26.000 -2.270 -17.450
1920.000 26.000 -2.710 -17.830
1932.000 26.000 -3.150 -18.200
1944.000 26.000 -3.590 -18.200
1956.000 26.000 -4.120 -18.200
1968.000 26.000 -4.730 -18.200
1740.000 34.000 30.900 9.030
1752.000 34.000 30.900 9.030
1764.000 34.000 30.900 9.030
1776.000 34.000 30.900 9.030
1788.000 34.000 30.900 9.030
1800.000 34.000 30.900 9.030
1812.000 34.000 30.900 9.030
1824.000 34.000 30.900 9.030
1836.000 34.000 30.900 9.030
1848.000 34.000 30.900 9.030
1860.000 34.000 30.900 9.030
1872.000 34.000 30.900 9.030
1884.000 34.000 30.900 9.030
1896.000 34.000 30.900 9.030
1908.000 34.000 30.900 9.030
1920.000 34.000 30.900 9.030
1932.000 34.000 30.900 9.030
1944.000 34.000 30.900 9.030
1956.000 34.000 30.900 9.030
1968.000 34.000 30.900 9.030
1740.000 36.000 29.710 7.840
1752.000 36.000 29.710 7.840
1764.000 36.000 29.710 7.840
1776.000 36.000 29.710 7.840
1788.000 36.000 29.710 7.840
1800.000 36.000 29.710 7.840
1812.000 36.000 29.710 7.840
1824.000 36.000 29.710 7.840
1836.000 36.000 29.710 7.840
1848.000 36.000 29.710 7.840
1860.000 36.000 29.710 7.840
1872.000 36.000 29.710 7.840
1884.000 36.000 29.710 7.840
1896.000 36.000 29.710 7.840
1908.000 36.000 29.710 7.840
1920.000 36.000 29.710 7.840
1932.000 36.000 29.710 7.840
1944.000 36.000 29.710 7.840
1956.000 36.000 29.710 7.840
1968.000 36.000 29.710 7.840
1740.000 74.000 10.330 61.290
1752.000 74.000 10.330 60.760
1764.000 74.000 10.330 60.180
1776.000 74.000 10.330 59.570
1788.000 74.000 10.330 58.910
1800.000 74.000 10.330 58.290
1812.000 74.000 10.330 57.630
1824.000 74.000 10.330 57.010
1836.000 74.000 10.330 56.370
1848.000 74.000 10.240 55.730
1860.000 74.000 10.240 55.200
1872.000 74.000 10.240 54.540
1884.000 74.000 10.240 53.920
1896.000 74.000 10.240 53.260
1908.000 74.000 10.240 52.640
1920.000 74.000 10.240 51.980
1932.000 74.000 10.240 51.360
1944.000 74.000 10.240 50.830
1956.000 74.000 10.240 50.170
1968.000 74.000 10.240 49.640
1740.000 78.000 24.810 22.700
1752.000 78.000 24.810 22.700
1764.000 78.000 24.810 22.700
1776.000 78.000 24.810 22.700
1788.000 78.000 24.810 22.700
1800.000 78.000 24.810 22.700
1812.000 78.000 24.810 22.700
1824.000 78.000 24.810 22.700
1836.000 78.000 24.810 22.700
1848.000 78.000 24.810 22.700
1860.000 78.000 24.810 22.700
1872.000 78.000 24.810 22.700
1884.000 78.000 24.810 22.700
1896.000 78.000 24.810 22.700
1908.000 78.000 24.810 22.700
1920.000 78.000 24.810 22.700
1932.000 78.000 24.810 22.700
1944.000 78.000 24.810 22.700
1956.000 78.000 24.810 22.700
1968.000 78.000 24.810 22.700
1788.000 75.000 11.800 54.650
1800.000 75.000 11.710 54.080
1812.000 75.000 11.580 53.550
1824.000 75.000 11.490 53.020
1836.000 75.000 11.380 52.270
1848.000 75.000 11.300 51.740
1860.000 75.000 11.210 51.170
1872.000 75.000 11.300 50.460
1884.000 75.000 11.380 49.820
1896.000 75.000 11.410 49.090
1908.000 75.000 11.380 48.630
1920.000 75.000 11.300 47.990
1932.000 75.000 10.990 47.550
1944.000 75.000 11.120 47.370
1956.000 75.000 10.940 46.800
1968.000 75.000 11.120 45.340
1980.000 75.000 10.900 45.170
1992.000 75.000 10.900 44.440
2004.000 75.000 10.900 43.710
2016.000 75.000 10.940 42.990
1800.000 70.000 12.380 -11.460
1812.000 70.000 12.020 -11.080
1824.000 70.000 11.670 -10.730
1836.000 70.000 11.410 -10.380
1848.000 70.000 11.160 -10.200
1860.000 70.000 10.900 -9.820
1872.000 70.000 10.630 -9.450
1884.000 70.000 10.460 -9.010
1896.000 70.000 10.330 -8.460
1908.000 70.000 10.170 -7.990
1920.000 70.000 10.170 -7.820
1932.000 70.000 10.170 -7.820
1944.000 70.000 10.170 -7.820
1956.000 70.000 10.170 -7.820
1968.000 70.000 10.170 -6.720
1980.000 70.000 10.170 -4.730
1992.000 70.000 9.990 -4.160
2004.000 70.000 9.990 -3.630
2016.000 70.000 10.040 -3.360
2028.000 70.000 10.130 -3.190
1896.000 73.000 10.080 49.560
1908.000 73.000 10.080 48.450
1920.000 73.000 10.040 48.630
1932.000 73.000 10.040 48.630
1944.000 73.000 10.040 47.170
1956.000 73.000 9.860 47.170
1968.000 73.000 9.860 46.070
1980.000 73.000 9.950 45.170
1992.000 73.000 9.950 44.620
2004.000 73.000 9.950 44.000
2016.000 73.000 9.950 43.430
2028.000 73.000 9.950 42.900
2040.000 73.000 9.950 42.350
2052.000 73.000 9.950 41.790
2064.000 73.000 9.950 41.270
2076.000 73.000 9.950 40.710
2088.000 73.000 9.950 40.160
2100.000 73.000 9.950 39.630
2112.000 73.000 9.950 39.060
2124.000 73.000 10.130 38.350
