0.000000000000000000e+00 4.500000000000000000e+01 -3.500000000000000000e+00 4.117000000000000171e+01
1.200000000000000000e+01 4.500000000000000000e+01 -3.770000000000000018e+00 4.075999999999999801e+01
2.400000000000000000e+01 4.500000000000000000e+01 -4.049999999999999822e+00 4.045000000000000284e+01
3.600000000000000000e+01 4.500000000000000000e+01 -4.230000000000000426e+00 4.003999999999999915e+01
4.800000000000000000e+01 4.500000000000000000e+01 -4.440000000000000391e+00 3.960000000000000142e+01
6.000000000000000000e+01 4.500000000000000000e+01 -4.639999999999999680e+00 3.917000000000000171e+01
7.200000000000000000e+01 4.500000000000000000e+01 -4.849999999999999645e+00 3.874000000000000199e+01
8.400000000000000000e+01 4.500000000000000000e+01 -5.059999999999999609e+00 3.829999999999999716e+01
9.600000000000000000e+01 4.500000000000000000e+01 -5.190000000000000391e+00 3.789000000000000057e+01
1.080000000000000000e+02 4.500000000000000000e+01 -5.259999999999999787e+00 3.757999999999999829e+01
1.200000000000000000e+02 4.500000000000000000e+01 -5.259999999999999787e+00 3.717000000000000171e+01
1.320000000000000000e+02 4.500000000000000000e+01 -5.330000000000000071e+00 3.672999999999999687e+01
1.440000000000000000e+02 4.500000000000000000e+01 -5.400000000000000355e+00 3.645000000000000284e+01
1.560000000000000000e+02 4.500000000000000000e+01 -5.530000000000000249e+00 3.600999999999999801e+01
1.680000000000000000e+02 4.500000000000000000e+01 -5.740000000000000213e+00 3.574000000000000199e+01
1.800000000000000000e+02 4.500000000000000000e+01 -6.009999999999999787e+00 3.528999999999999915e+01
1.920000000000000000e+02 4.500000000000000000e+01 -6.219999999999999751e+00 3.502000000000000313e+01
2.040000000000000000e+02 4.500000000000000000e+01 -6.410000000000000142e+00 3.459000000000000341e+01
2.160000000000000000e+02 4.500000000000000000e+01 -6.610000000000000320e+00 3.415999999999999659e+01
2.280000000000000000e+02 4.500000000000000000e+01 -6.820000000000000284e+00 3.386999999999999744e+01
0.000000000000000000e+00 1.800000000000000000e+01 1.569999999999999929e+01 3.085999999999999943e+01
1.200000000000000000e+01 1.800000000000000000e+01 1.516000000000000014e+01 3.085999999999999943e+01
2.400000000000000000e+01 1.800000000000000000e+01 1.460999999999999943e+01 3.085999999999999943e+01
3.600000000000000000e+01 1.800000000000000000e+01 1.408000000000000007e+01 3.085999999999999943e+01
4.800000000000000000e+01 1.800000000000000000e+01 1.352999999999999936e+01 3.114999999999999858e+01
6.000000000000000000e+01 1.800000000000000000e+01 1.300000000000000000e+01 3.142999999999999972e+01
7.200000000000000000e+01 1.800000000000000000e+01 1.251999999999999957e+01 3.157999999999999829e+01
8.400000000000000000e+01 1.800000000000000000e+01 1.198000000000000043e+01 3.187000000000000099e+01
9.600000000000000000e+01 1.800000000000000000e+01 1.142999999999999972e+01 3.214000000000000057e+01
1.080000000000000000e+02 1.800000000000000000e+01 1.088000000000000078e+01 3.229999999999999716e+01
1.200000000000000000e+02 1.800000000000000000e+01 1.034999999999999964e+01 3.259000000000000341e+01
1.320000000000000000e+02 1.800000000000000000e+01 9.820000000000000284e+00 3.285999999999999943e+01
1.440000000000000000e+02 1.800000000000000000e+01 9.269999999999999574e+00 3.314999999999999858e+01
1.560000000000000000e+02 1.800000000000000000e+01 8.800000000000000711e+00 3.331000000000000227e+01
1.680000000000000000e+02 1.800000000000000000e+01 8.250000000000000000e+00 3.357999999999999829e+01
1.800000000000000000e+02 1.800000000000000000e+01 7.700000000000000178e+00 3.386999999999999744e+01
1.920000000000000000e+02 1.800000000000000000e+01 7.169999999999999929e+00 3.415999999999999659e+01
2.040000000000000000e+02 1.800000000000000000e+01 6.690000000000000391e+00 3.429999999999999716e+01
2.160000000000000000e+02 1.800000000000000000e+01 6.160000000000000142e+00 3.459000000000000341e+01
2.280000000000000000e+02 1.800000000000000000e+01 5.620000000000000107e+00 3.488000000000000256e+01
0.000000000000000000e+00 2.100000000000000000e+01 -1.742000000000000171e+01 3.207999999999999829e+01
1.200000000000000000e+01 2.100000000000000000e+01 -1.755999999999999872e+01 3.167000000000000171e+01
2.400000000000000000e+01 2.100000000000000000e+01 -1.762000000000000099e+01 3.121999999999999886e+01
3.600000000000000000e+01 2.100000000000000000e+01 -1.776000000000000156e+01 3.078000000000000114e+01
4.800000000000000000e+01 2.100000000000000000e+01 -1.782999999999999829e+01 3.037000000000000099e+01
6.000000000000000000e+01 2.100000000000000000e+01 -1.794999999999999929e+01 2.992000000000000171e+01
7.200000000000000000e+01 2.100000000000000000e+01 -1.801999999999999957e+01 2.951000000000000156e+01
8.400000000000000000e+01 2.100000000000000000e+01 -1.814999999999999858e+01 2.907000000000000028e+01
9.600000000000000000e+01 2.100000000000000000e+01 -1.821999999999999886e+01 2.866000000000000014e+01
1.080000000000000000e+02 2.100000000000000000e+01 -1.821999999999999886e+01 2.807000000000000028e+01
1.200000000000000000e+02 2.100000000000000000e+01 -1.814999999999999858e+01 2.735999999999999943e+01
1.320000000000000000e+02 2.100000000000000000e+01 -1.814999999999999858e+01 2.664000000000000057e+01
1.440000000000000000e+02 2.100000000000000000e+01 -1.808999999999999986e+01 2.592000000000000171e+01
1.560000000000000000e+02 2.100000000000000000e+01 -1.801999999999999957e+01 2.533999999999999986e+01
1.680000000000000000e+02 2.100000000000000000e+01 -1.801999999999999957e+01 2.476000000000000156e+01
1.800000000000000000e+02 2.100000000000000000e+01 -1.801999999999999957e+01 2.421000000000000085e+01
1.920000000000000000e+02 2.100000000000000000e+01 -1.794999999999999929e+01 2.362999999999999901e+01
2.040000000000000000e+02 2.100000000000000000e+01 -1.794999999999999929e+01 2.305000000000000071e+01
2.160000000000000000e+02 2.100000000000000000e+01 -1.787999999999999901e+01 2.264000000000000057e+01
2.280000000000000000e+02 2.100000000000000000e+01 -1.782999999999999829e+01 2.219000000000000128e+01
1.440000000000000000e+02 7.000000000000000000e+00 2.346999999999999886e+01 3.137000000000000099e+01
1.560000000000000000e+02 7.000000000000000000e+00 2.298999999999999844e+01 3.137000000000000099e+01
1.680000000000000000e+02 7.000000000000000000e+00 2.251000000000000156e+01 3.137000000000000099e+01
1.800000000000000000e+02 7.000000000000000000e+00 2.203000000000000114e+01 3.137000000000000099e+01
1.920000000000000000e+02 7.000000000000000000e+00 2.155000000000000071e+01 3.137000000000000099e+01
2.040000000000000000e+02 7.000000000000000000e+00 2.101999999999999957e+01 3.137000000000000099e+01
2.160000000000000000e+02 7.000000000000000000e+00 2.053999999999999915e+01 3.151000000000000156e+01
2.280000000000000000e+02 7.000000000000000000e+00 2.001000000000000156e+01 3.151000000000000156e+01
2.400000000000000000e+02 7.000000000000000000e+00 1.994000000000000128e+01 3.164999999999999858e+01
2.520000000000000000e+02 7.000000000000000000e+00 1.994000000000000128e+01 3.164999999999999858e+01
2.640000000000000000e+02 7.000000000000000000e+00 1.926000000000000156e+01 3.164999999999999858e+01
2.760000000000000000e+02 7.000000000000000000e+00 1.791000000000000014e+01 3.178000000000000114e+01
2.880000000000000000e+02 7.000000000000000000e+00 1.723000000000000043e+01 3.164999999999999858e+01
3.000000000000000000e+02 7.000000000000000000e+00 1.655999999999999872e+01 3.164999999999999858e+01
3.120000000000000000e+02 7.000000000000000000e+00 1.601000000000000156e+01 3.164999999999999858e+01
3.240000000000000000e+02 7.000000000000000000e+00 1.552999999999999936e+01 3.164999999999999858e+01
3.360000000000000000e+02 7.000000000000000000e+00 1.511999999999999922e+01 3.178000000000000114e+01
3.480000000000000000e+02 7.000000000000000000e+00 1.464000000000000057e+01 3.178000000000000114e+01
3.600000000000000000e+02 7.000000000000000000e+00 1.417999999999999972e+01 3.194000000000000128e+01
3.720000000000000000e+02 7.000000000000000000e+00 1.369999999999999929e+01 3.209000000000000341e+01
1.920000000000000000e+02 2.700000000000000000e+01 2.248000000000000043e+01 2.182999999999999829e+01
2.040000000000000000e+02 2.700000000000000000e+01 2.071000000000000085e+01 2.182999999999999829e+01
2.160000000000000000e+02 2.700000000000000000e+01 1.901999999999999957e+01 2.182999999999999829e+01
2.280000000000000000e+02 2.700000000000000000e+01 1.726000000000000156e+01 2.169999999999999929e+01
2.400000000000000000e+02 2.700000000000000000e+01 1.550000000000000000e+01 2.169999999999999929e+01
2.520000000000000000e+02 2.700000000000000000e+01 1.386999999999999922e+01 2.141000000000000014e+01
2.640000000000000000e+02 2.700000000000000000e+01 1.225000000000000000e+01 2.098000000000000043e+01
2.760000000000000000e+02 2.700000000000000000e+01 1.068999999999999950e+01 2.069000000000000128e+01
2.880000000000000000e+02 2.700000000000000000e+01 9.070000000000000284e+00 2.026000000000000156e+01
3.000000000000000000e+02 2.700000000000000000e+01 7.440000000000000391e+00 1.982999999999999829e+01
3.120000000000000000e+02 2.700000000000000000e+01 6.160000000000000142e+00 1.910999999999999943e+01
3.240000000000000000e+02 2.700000000000000000e+01 5.070000000000000284e+00 1.810000000000000142e+01
3.360000000000000000e+02 2.700000000000000000e+01 4.059999999999999609e+00 1.725000000000000000e+01
3.480000000000000000e+02 2.700000000000000000e+01 2.959999999999999964e+00 1.623999999999999844e+01
3.600000000000000000e+02 2.700000000000000000e+01 1.889999999999999902e+00 1.525000000000000000e+01
3.720000000000000000e+02 2.700000000000000000e+01 8.299999999999999600e-01 1.374000000000000021e+01
3.840000000000000000e+02 2.700000000000000000e+01 -2.500000000000000000e-01 1.158999999999999986e+01
3.960000000000000000e+02 2.700000000000000000e+01 -9.899999999999999911e-01 9.660000000000000142e+00
4.080000000000000000e+02 2.700000000000000000e+01 -1.260000000000000009e+00 8.140000000000000568e+00
4.200000000000000000e+02 2.700000000000000000e+01 -1.870000000000000107e+00 6.019999999999999574e+00
2.400000000000000000e+02 4.600000000000000000e+01 -7.019999999999999574e+00 3.343999999999999773e+01
2.520000000000000000e+02 4.600000000000000000e+01 -7.160000000000000142e+00 3.314999999999999858e+01
2.640000000000000000e+02 4.600000000000000000e+01 -7.360000000000000320e+00 3.272999999999999687e+01
2.760000000000000000e+02 4.600000000000000000e+01 -7.500000000000000000e+00 3.245000000000000284e+01
2.880000000000000000e+02 4.600000000000000000e+01 -7.690000000000000391e+00 3.200999999999999801e+01
3.000000000000000000e+02 4.600000000000000000e+01 -7.830000000000000071e+00 3.157999999999999829e+01
3.120000000000000000e+02 4.600000000000000000e+01 -7.889999999999999680e+00 3.114999999999999858e+01
3.240000000000000000e+02 4.600000000000000000e+01 -8.029999999999999361e+00 3.085999999999999943e+01
3.360000000000000000e+02 4.600000000000000000e+01 -8.169999999999999929e+00 3.042999999999999972e+01
3.480000000000000000e+02 4.600000000000000000e+01 -8.240000000000000213e+00 2.998999999999999844e+01
3.600000000000000000e+02 4.600000000000000000e+01 -8.439999999999999503e+00 2.971999999999999886e+01
3.720000000000000000e+02 4.600000000000000000e+01 -8.650000000000000355e+00 2.926999999999999957e+01
3.840000000000000000e+02 4.600000000000000000e+01 -8.919999999999999929e+00 2.900000000000000000e+01
3.960000000000000000e+02 4.600000000000000000e+01 -9.119999999999999218e+00 2.857000000000000028e+01
4.080000000000000000e+02 4.600000000000000000e+01 -9.330000000000000071e+00 2.828000000000000114e+01
4.200000000000000000e+02 4.600000000000000000e+01 -9.470000000000000639e+00 2.785000000000000142e+01
4.320000000000000000e+02 4.600000000000000000e+01 -9.669999999999999929e+00 2.755999999999999872e+01
4.440000000000000000e+02 4.600000000000000000e+01 -9.789999999999999147e+00 2.712999999999999901e+01
4.560000000000000000e+02 4.600000000000000000e+01 -9.929999999999999716e+00 2.671000000000000085e+01
4.680000000000000000e+02 4.600000000000000000e+01 -1.007000000000000028e+01 2.628000000000000114e+01
2.400000000000000000e+02 1.900000000000000000e+01 5.139999999999999680e+00 3.514999999999999858e+01
2.520000000000000000e+02 1.900000000000000000e+01 4.589999999999999858e+00 3.528999999999999915e+01
2.640000000000000000e+02 1.900000000000000000e+01 4.110000000000000320e+00 3.560000000000000142e+01
2.760000000000000000e+02 1.900000000000000000e+01 3.580000000000000071e+00 3.586999999999999744e+01
2.880000000000000000e+02 1.900000000000000000e+01 3.049999999999999822e+00 3.600999999999999801e+01
3.000000000000000000e+02 1.900000000000000000e+01 2.569999999999999840e+00 3.632000000000000028e+01
3.120000000000000000e+02 1.900000000000000000e+01 2.020000000000000018e+00 3.659000000000000341e+01
3.240000000000000000e+02 1.900000000000000000e+01 1.479999999999999982e+00 3.672999999999999687e+01
3.360000000000000000e+02 1.900000000000000000e+01 9.300000000000000488e-01 3.688000000000000256e+01
3.480000000000000000e+02 1.900000000000000000e+01 3.300000000000000155e-01 3.703000000000000114e+01
3.600000000000000000e+02 1.900000000000000000e+01 -2.200000000000000011e-01 3.731000000000000227e+01
3.720000000000000000e+02 1.900000000000000000e+01 -7.500000000000000000e-01 3.743999999999999773e+01
3.840000000000000000e+02 1.900000000000000000e+01 -1.290000000000000036e+00 3.760000000000000142e+01
3.960000000000000000e+02 1.900000000000000000e+01 -1.909999999999999920e+00 3.774000000000000199e+01
4.080000000000000000e+02 1.900000000000000000e+01 -2.459999999999999964e+00 3.774000000000000199e+01
4.200000000000000000e+02 1.900000000000000000e+01 -3.000000000000000000e+00 3.774000000000000199e+01
4.320000000000000000e+02 1.900000000000000000e+01 -3.529999999999999805e+00 3.760000000000000142e+01
4.440000000000000000e+02 1.900000000000000000e+01 -4.059999999999999609e+00 3.760000000000000142e+01
4.560000000000000000e+02 1.900000000000000000e+01 -4.610000000000000320e+00 3.743999999999999773e+01
4.680000000000000000e+02 1.900000000000000000e+01 -5.160000000000000142e+00 3.743999999999999773e+01
2.400000000000000000e+02 2.200000000000000000e+01 -1.776000000000000156e+01 2.160999999999999943e+01
2.520000000000000000e+02 2.200000000000000000e+01 -1.776000000000000156e+01 2.119999999999999929e+01
2.640000000000000000e+02 2.200000000000000000e+01 -1.769000000000000128e+01 2.062000000000000099e+01
2.760000000000000000e+02 2.200000000000000000e+01 -1.762000000000000099e+01 2.017000000000000171e+01
2.880000000000000000e+02 2.200000000000000000e+01 -1.755999999999999872e+01 1.976000000000000156e+01
3.000000000000000000e+02 2.200000000000000000e+01 -1.748999999999999844e+01 1.932000000000000028e+01
3.120000000000000000e+02 2.200000000000000000e+01 -1.728000000000000114e+01 1.873999999999999844e+01
3.240000000000000000e+02 2.200000000000000000e+01 -1.707999999999999829e+01 1.832999999999999829e+01
3.360000000000000000e+02 2.200000000000000000e+01 -1.689000000000000057e+01 1.787999999999999901e+01
3.480000000000000000e+02 2.200000000000000000e+01 -1.667999999999999972e+01 1.733999999999999986e+01
3.600000000000000000e+02 2.200000000000000000e+01 -1.648000000000000043e+01 1.689000000000000057e+01
3.720000000000000000e+02 2.200000000000000000e+01 -1.626999999999999957e+01 1.644999999999999929e+01
3.840000000000000000e+02 2.200000000000000000e+01 -1.607000000000000028e+01 1.590000000000000036e+01
3.960000000000000000e+02 2.200000000000000000e+01 -1.585999999999999943e+01 1.544999999999999929e+01
4.080000000000000000e+02 2.200000000000000000e+01 -1.573000000000000043e+01 1.503999999999999915e+01
4.200000000000000000e+02 2.200000000000000000e+01 -1.558999999999999986e+01 1.459999999999999964e+01
4.320000000000000000e+02 2.200000000000000000e+01 -1.544999999999999929e+01 1.401999999999999957e+01
4.440000000000000000e+02 2.200000000000000000e+01 -1.525000000000000000e+01 1.360999999999999943e+01
4.560000000000000000e+02 2.200000000000000000e+01 -1.510999999999999943e+01 1.316000000000000014e+01
4.680000000000000000e+02 2.200000000000000000e+01 -1.510999999999999943e+01 1.258000000000000007e+01
3.360000000000000000e+02 3.500000000000000000e+01 -5.879999999999999893e+00 4.067999999999999972e+01
3.480000000000000000e+02 3.500000000000000000e+01 -5.879999999999999893e+00 4.025000000000000000e+01
3.600000000000000000e+02 3.500000000000000000e+01 -5.879999999999999893e+00 3.967000000000000171e+01
3.720000000000000000e+02 3.500000000000000000e+01 -5.879999999999999893e+00 3.924000000000000199e+01
3.840000000000000000e+02 3.500000000000000000e+01 -5.879999999999999893e+00 3.881000000000000227e+01
3.960000000000000000e+02 3.500000000000000000e+01 -5.879999999999999893e+00 3.822999999999999687e+01
4.080000000000000000e+02 3.500000000000000000e+01 -5.940000000000000391e+00 3.767000000000000171e+01
4.200000000000000000e+02 3.500000000000000000e+01 -5.940000000000000391e+00 3.710000000000000142e+01
4.320000000000000000e+02 3.500000000000000000e+01 -6.009999999999999787e+00 3.622999999999999687e+01
4.440000000000000000e+02 3.500000000000000000e+01 -6.009999999999999787e+00 3.550999999999999801e+01
4.560000000000000000e+02 3.500000000000000000e+01 -6.150000000000000355e+00 3.481000000000000227e+01
4.680000000000000000e+02 3.500000000000000000e+01 -6.339999999999999858e+00 3.422999999999999687e+01
4.800000000000000000e+02 3.500000000000000000e+01 -6.540000000000000036e+00 3.350999999999999801e+01
4.920000000000000000e+02 3.500000000000000000e+01 -6.750000000000000000e+00 3.292999999999999972e+01
5.040000000000000000e+02 3.500000000000000000e+01 -6.950000000000000178e+00 3.236999999999999744e+01
5.160000000000000000e+02 3.500000000000000000e+01 -7.190000000000000391e+00 3.194000000000000128e+01
5.280000000000000000e+02 3.500000000000000000e+01 -7.469999999999999751e+00 3.144000000000000128e+01
5.400000000000000000e+02 3.500000000000000000e+01 -7.669999999999999929e+00 3.100000000000000000e+01
5.520000000000000000e+02 3.500000000000000000e+01 -7.929999999999999716e+00 3.050000000000000000e+01
5.640000000000000000e+02 3.500000000000000000e+01 -8.199999999999999289e+00 3.001000000000000156e+01
3.840000000000000000e+02 8.000000000000000000e+00 1.324000000000000021e+01 3.222999999999999687e+01
3.960000000000000000e+02 8.000000000000000000e+00 1.268999999999999950e+01 3.250000000000000000e+01
4.080000000000000000e+02 8.000000000000000000e+00 1.215000000000000036e+01 3.278999999999999915e+01
4.200000000000000000e+02 8.000000000000000000e+00 1.146000000000000085e+01 3.295000000000000284e+01
4.320000000000000000e+02 8.000000000000000000e+00 1.080000000000000071e+01 3.307999999999999829e+01
4.440000000000000000e+02 8.000000000000000000e+00 1.025000000000000000e+01 3.321999999999999886e+01
4.560000000000000000e+02 8.000000000000000000e+00 9.789999999999999147e+00 3.335999999999999943e+01
4.680000000000000000e+02 8.000000000000000000e+00 9.240000000000000213e+00 3.350999999999999801e+01
4.800000000000000000e+02 8.000000000000000000e+00 8.689999999999999503e+00 3.367000000000000171e+01
4.920000000000000000e+02 8.000000000000000000e+00 8.210000000000000853e+00 3.393999999999999773e+01
5.040000000000000000e+02 8.000000000000000000e+00 7.599999999999999645e+00 3.393999999999999773e+01
5.160000000000000000e+02 8.000000000000000000e+00 7.099999999999999645e+00 3.415999999999999659e+01
5.280000000000000000e+02 8.000000000000000000e+00 6.589999999999999858e+00 3.443999999999999773e+01
5.400000000000000000e+02 8.000000000000000000e+00 6.110000000000000320e+00 3.474000000000000199e+01
5.520000000000000000e+02 8.000000000000000000e+00 5.650000000000000355e+00 3.474000000000000199e+01
5.640000000000000000e+02 8.000000000000000000e+00 5.240000000000000213e+00 3.474000000000000199e+01
5.760000000000000000e+02 8.000000000000000000e+00 4.759999999999999787e+00 3.481000000000000227e+01
5.880000000000000000e+02 8.000000000000000000e+00 4.349999999999999645e+00 3.481000000000000227e+01
6.000000000000000000e+02 8.000000000000000000e+00 3.890000000000000124e+00 3.524000000000000199e+01
6.120000000000000000e+02 8.000000000000000000e+00 3.410000000000000142e+00 3.574000000000000199e+01
4.200000000000000000e+02 3.900000000000000000e+01 4.299999999999999933e-01 4.382000000000000028e+01
4.320000000000000000e+02 3.900000000000000000e+01 5.699999999999999512e-01 4.325999999999999801e+01
4.440000000000000000e+02 3.900000000000000000e+01 7.099999999999999645e-01 4.253999999999999915e+01
4.560000000000000000e+02 3.900000000000000000e+01 9.100000000000000311e-01 4.197999999999999687e+01
4.680000000000000000e+02 3.900000000000000000e+01 1.030000000000000027e+00 4.139999999999999858e+01
4.800000000000000000e+02 3.900000000000000000e+01 1.169999999999999929e+00 4.081000000000000227e+01
4.920000000000000000e+02 3.900000000000000000e+01 1.510000000000000009e+00 4.039999999999999858e+01
5.040000000000000000e+02 3.900000000000000000e+01 1.850000000000000089e+00 4.015999999999999659e+01
5.160000000000000000e+02 3.900000000000000000e+01 2.229999999999999982e+00 3.996000000000000085e+01
5.280000000000000000e+02 3.900000000000000000e+01 2.569999999999999840e+00 3.974000000000000199e+01
5.400000000000000000e+02 3.900000000000000000e+01 2.930000000000000160e+00 3.953000000000000114e+01
5.520000000000000000e+02 3.900000000000000000e+01 3.310000000000000053e+00 3.924000000000000199e+01
5.640000000000000000e+02 3.900000000000000000e+01 3.790000000000000036e+00 3.881000000000000227e+01
5.760000000000000000e+02 3.900000000000000000e+01 4.250000000000000000e+00 3.852000000000000313e+01
5.880000000000000000e+02 3.900000000000000000e+01 4.660000000000000142e+00 3.803000000000000114e+01
6.000000000000000000e+02 3.900000000000000000e+01 5.099999999999999645e+00 3.760000000000000142e+01
6.120000000000000000e+02 3.900000000000000000e+01 5.549999999999999822e+00 3.709000000000000341e+01
6.240000000000000000e+02 3.900000000000000000e+01 5.959999999999999964e+00 3.665999999999999659e+01
6.360000000000000000e+02 3.900000000000000000e+01 6.419999999999999929e+00 3.609000000000000341e+01
6.480000000000000000e+02 3.900000000000000000e+01 6.830000000000000071e+00 3.567000000000000171e+01
4.800000000000000000e+02 4.700000000000000000e+01 -1.026999999999999957e+01 2.598999999999999844e+01
4.920000000000000000e+02 4.700000000000000000e+01 -1.041000000000000014e+01 2.555999999999999872e+01
5.040000000000000000e+02 4.700000000000000000e+01 -1.048000000000000043e+01 2.512999999999999901e+01
5.160000000000000000e+02 4.700000000000000000e+01 -1.043999999999999950e+01 2.483999999999999986e+01
5.280000000000000000e+02 4.700000000000000000e+01 -1.036999999999999922e+01 2.455000000000000071e+01
5.400000000000000000e+02 4.700000000000000000e+01 -1.026999999999999957e+01 2.426000000000000156e+01
5.520000000000000000e+02 4.700000000000000000e+01 -1.024000000000000021e+01 2.398999999999999844e+01
5.640000000000000000e+02 4.700000000000000000e+01 -1.016999999999999993e+01 2.369999999999999929e+01
5.760000000000000000e+02 4.700000000000000000e+01 -1.016999999999999993e+01 2.333999999999999986e+01
5.880000000000000000e+02 4.700000000000000000e+01 -1.030000000000000071e+01 2.276999999999999957e+01
6.000000000000000000e+02 4.700000000000000000e+01 -1.043999999999999950e+01 2.232999999999999829e+01
6.120000000000000000e+02 4.700000000000000000e+01 -1.058000000000000007e+01 2.176000000000000156e+01
6.240000000000000000e+02 4.700000000000000000e+01 -1.072000000000000064e+01 2.117999999999999972e+01
6.360000000000000000e+02 4.700000000000000000e+01 -1.084999999999999964e+01 2.076000000000000156e+01
6.480000000000000000e+02 4.700000000000000000e+01 -1.099000000000000021e+01 2.019000000000000128e+01
6.600000000000000000e+02 4.700000000000000000e+01 -1.113000000000000078e+01 1.976000000000000156e+01
6.720000000000000000e+02 4.700000000000000000e+01 -1.125999999999999979e+01 1.917999999999999972e+01
6.840000000000000000e+02 4.700000000000000000e+01 -1.131000000000000050e+01 1.889000000000000057e+01
6.960000000000000000e+02 4.700000000000000000e+01 -1.144999999999999929e+01 1.846000000000000085e+01
7.080000000000000000e+02 4.700000000000000000e+01 -1.158999999999999986e+01 1.817000000000000171e+01
4.800000000000000000e+02 2.000000000000000000e+01 -5.700000000000000178e+00 3.743999999999999773e+01
4.920000000000000000e+02 2.000000000000000000e+01 -6.320000000000000284e+00 3.743999999999999773e+01
5.040000000000000000e+02 2.000000000000000000e+01 -6.849999999999999645e+00 3.731000000000000227e+01
5.160000000000000000e+02 2.000000000000000000e+01 -7.360000000000000320e+00 3.717000000000000171e+01
5.280000000000000000e+02 2.000000000000000000e+01 -7.860000000000000320e+00 3.703000000000000114e+01
5.400000000000000000e+02 2.000000000000000000e+01 -8.410000000000000142e+00 3.688000000000000256e+01
5.520000000000000000e+02 2.000000000000000000e+01 -8.919999999999999929e+00 3.659000000000000341e+01
5.640000000000000000e+02 2.000000000000000000e+01 -9.470000000000000639e+00 3.645000000000000284e+01
5.760000000000000000e+02 2.000000000000000000e+01 -1.000000000000000000e+01 3.625000000000000000e+01
5.880000000000000000e+02 2.000000000000000000e+01 -1.060999999999999943e+01 3.593999999999999773e+01
6.000000000000000000e+02 2.000000000000000000e+01 -1.116000000000000014e+01 3.579999999999999716e+01
6.120000000000000000e+02 2.000000000000000000e+01 -1.168999999999999950e+01 3.553000000000000114e+01
6.240000000000000000e+02 2.000000000000000000e+01 -1.224000000000000021e+01 3.528999999999999915e+01
6.360000000000000000e+02 2.000000000000000000e+01 -1.265000000000000036e+01 3.488000000000000256e+01
6.480000000000000000e+02 2.000000000000000000e+01 -1.308000000000000007e+01 3.443999999999999773e+01
6.600000000000000000e+02 2.000000000000000000e+01 -1.351999999999999957e+01 3.415999999999999659e+01
6.720000000000000000e+02 2.000000000000000000e+01 -1.400000000000000000e+01 3.371999999999999886e+01
6.840000000000000000e+02 2.000000000000000000e+01 -1.448000000000000043e+01 3.357999999999999829e+01
6.960000000000000000e+02 2.000000000000000000e+01 -1.500999999999999979e+01 3.343999999999999773e+01
7.080000000000000000e+02 2.000000000000000000e+01 -1.555000000000000071e+01 3.331000000000000227e+01
4.800000000000000000e+02 2.300000000000000000e+01 -1.510999999999999943e+01 1.185999999999999943e+01
4.920000000000000000e+02 2.300000000000000000e+01 -1.510999999999999943e+01 1.132000000000000028e+01
5.040000000000000000e+02 2.300000000000000000e+01 -1.517999999999999972e+01 1.066999999999999993e+01
5.160000000000000000e+02 2.300000000000000000e+01 -1.532000000000000028e+01 1.022000000000000064e+01
5.280000000000000000e+02 2.300000000000000000e+01 -1.544999999999999929e+01 9.730000000000000426e+00
5.400000000000000000e+02 2.300000000000000000e+01 -1.558999999999999986e+01 9.369999999999999218e+00
5.520000000000000000e+02 2.300000000000000000e+01 -1.573000000000000043e+01 8.869999999999999218e+00
5.640000000000000000e+02 2.300000000000000000e+01 -1.585999999999999943e+01 8.429999999999999716e+00
5.760000000000000000e+02 2.300000000000000000e+01 -1.600000000000000000e+01 8.019999999999999574e+00
5.880000000000000000e+02 2.300000000000000000e+01 -1.614000000000000057e+01 7.570000000000000284e+00
6.000000000000000000e+02 2.300000000000000000e+01 -1.623999999999999844e+01 7.230000000000000426e+00
6.120000000000000000e+02 2.300000000000000000e+01 -1.637999999999999901e+01 6.780000000000000249e+00
6.240000000000000000e+02 2.300000000000000000e+01 -1.651000000000000156e+01 6.509999999999999787e+00
6.360000000000000000e+02 2.300000000000000000e+01 -1.662999999999999901e+01 6.070000000000000284e+00
6.480000000000000000e+02 2.300000000000000000e+01 -1.676999999999999957e+01 5.790000000000000036e+00
6.600000000000000000e+02 2.300000000000000000e+01 -1.691000000000000014e+01 5.500000000000000000e+00
6.720000000000000000e+02 2.300000000000000000e+01 -1.703999999999999915e+01 5.070000000000000284e+00
6.840000000000000000e+02 2.300000000000000000e+01 -1.717999999999999972e+01 4.940000000000000391e+00
6.960000000000000000e+02 2.300000000000000000e+01 -1.732000000000000028e+01 4.629999999999999893e+00
7.080000000000000000e+02 2.300000000000000000e+01 -1.744999999999999929e+01 4.360000000000000320e+00
5.760000000000000000e+02 3.600000000000000000e+01 -8.439999999999999503e+00 2.955999999999999872e+01
5.880000000000000000e+02 3.600000000000000000e+01 -8.710000000000000853e+00 2.900000000000000000e+01
6.000000000000000000e+02 3.600000000000000000e+01 -8.919999999999999929e+00 2.857000000000000028e+01
6.120000000000000000e+02 3.600000000000000000e+01 -9.189999999999999503e+00 2.814000000000000057e+01
6.240000000000000000e+02 3.600000000000000000e+01 -9.400000000000000355e+00 2.755999999999999872e+01
6.360000000000000000e+02 3.600000000000000000e+01 -9.660000000000000142e+00 2.712999999999999901e+01
6.480000000000000000e+02 3.600000000000000000e+01 -9.859999999999999432e+00 2.671000000000000085e+01
6.600000000000000000e+02 3.600000000000000000e+01 -1.013000000000000078e+01 2.614000000000000057e+01
6.720000000000000000e+02 3.600000000000000000e+01 -1.033999999999999986e+01 2.569999999999999929e+01
6.840000000000000000e+02 3.600000000000000000e+01 -1.041000000000000014e+01 2.512999999999999901e+01
6.960000000000000000e+02 3.600000000000000000e+01 -1.048000000000000043e+01 2.455000000000000071e+01
7.080000000000000000e+02 3.600000000000000000e+01 -1.060999999999999943e+01 2.398999999999999844e+01
7.200000000000000000e+02 3.600000000000000000e+01 -1.067999999999999972e+01 2.341000000000000014e+01
7.320000000000000000e+02 3.600000000000000000e+01 -1.082000000000000028e+01 2.283999999999999986e+01
7.440000000000000000e+02 3.600000000000000000e+01 -1.089000000000000057e+01 2.226000000000000156e+01
7.560000000000000000e+02 3.600000000000000000e+01 -1.101999999999999957e+01 2.153999999999999915e+01
7.680000000000000000e+02 3.600000000000000000e+01 -1.108999999999999986e+01 2.098000000000000043e+01
7.800000000000000000e+02 3.600000000000000000e+01 -1.123000000000000043e+01 2.026000000000000156e+01
7.920000000000000000e+02 3.600000000000000000e+01 -1.134999999999999964e+01 1.967999999999999972e+01
8.040000000000000000e+02 3.600000000000000000e+01 -1.155000000000000071e+01 1.939999999999999858e+01
6.240000000000000000e+02 9.000000000000000000e+00 2.930000000000000160e+00 3.622999999999999687e+01
6.360000000000000000e+02 9.000000000000000000e+00 2.399999999999999911e+00 3.665999999999999659e+01
6.480000000000000000e+02 9.000000000000000000e+00 1.850000000000000089e+00 3.695000000000000284e+01
6.600000000000000000e+02 9.000000000000000000e+00 1.310000000000000053e+00 3.738000000000000256e+01
6.720000000000000000e+02 9.000000000000000000e+00 6.400000000000000133e-01 3.738000000000000256e+01
6.840000000000000000e+02 9.000000000000000000e+00 2.000000000000000042e-02 3.738000000000000256e+01
6.960000000000000000e+02 9.000000000000000000e+00 -5.899999999999999689e-01 3.738000000000000256e+01
7.080000000000000000e+02 9.000000000000000000e+00 -1.189999999999999947e+00 3.738000000000000256e+01
7.200000000000000000e+02 9.000000000000000000e+00 -1.739999999999999991e+00 3.724000000000000199e+01
7.320000000000000000e+02 9.000000000000000000e+00 -2.279999999999999805e+00 3.724000000000000199e+01
7.440000000000000000e+02 9.000000000000000000e+00 -2.819999999999999840e+00 3.710000000000000142e+01
7.560000000000000000e+02 9.000000000000000000e+00 -3.359999999999999876e+00 3.695000000000000284e+01
7.680000000000000000e+02 9.000000000000000000e+00 -3.770000000000000018e+00 3.681000000000000227e+01
7.800000000000000000e+02 9.000000000000000000e+00 -4.250000000000000000e+00 3.665999999999999659e+01
7.920000000000000000e+02 9.000000000000000000e+00 -4.709999999999999964e+00 3.652000000000000313e+01
8.040000000000000000e+02 9.000000000000000000e+00 -5.330000000000000071e+00 3.665999999999999659e+01
8.160000000000000000e+02 9.000000000000000000e+00 -5.940000000000000391e+00 3.681000000000000227e+01
8.280000000000000000e+02 9.000000000000000000e+00 -6.540000000000000036e+00 3.695000000000000284e+01
8.400000000000000000e+02 9.000000000000000000e+00 -7.089999999999999858e+00 3.710000000000000142e+01
8.520000000000000000e+02 9.000000000000000000e+00 -7.639999999999999680e+00 3.695000000000000284e+01
6.600000000000000000e+02 4.000000000000000000e+01 7.240000000000000213e+00 3.524000000000000199e+01
6.720000000000000000e+02 4.000000000000000000e+01 7.650000000000000355e+00 3.478999999999999915e+01
6.840000000000000000e+02 4.000000000000000000e+01 8.039999999999999147e+00 3.436999999999999744e+01
6.960000000000000000e+02 4.000000000000000000e+01 8.449999999999999289e+00 3.393999999999999773e+01
7.080000000000000000e+02 4.000000000000000000e+01 8.800000000000000711e+00 3.350999999999999801e+01
7.200000000000000000e+02 4.000000000000000000e+01 9.210000000000000853e+00 3.321999999999999886e+01
7.320000000000000000e+02 4.000000000000000000e+01 9.550000000000000711e+00 3.278999999999999915e+01
7.440000000000000000e+02 4.000000000000000000e+01 9.869999999999999218e+00 3.236999999999999744e+01
7.560000000000000000e+02 4.000000000000000000e+01 1.022000000000000064e+01 3.194000000000000128e+01
7.680000000000000000e+02 4.000000000000000000e+01 1.056000000000000050e+01 3.151000000000000156e+01
7.800000000000000000e+02 4.000000000000000000e+01 1.083000000000000007e+01 3.092999999999999972e+01
7.920000000000000000e+02 4.000000000000000000e+01 1.109999999999999964e+01 3.037000000000000099e+01
8.040000000000000000e+02 4.000000000000000000e+01 1.142999999999999972e+01 2.994000000000000128e+01
8.160000000000000000e+02 4.000000000000000000e+01 1.169999999999999929e+01 2.935999999999999943e+01
8.280000000000000000e+02 4.000000000000000000e+01 1.198000000000000043e+01 2.878000000000000114e+01
8.400000000000000000e+02 4.000000000000000000e+01 1.239000000000000057e+01 2.835000000000000142e+01
8.520000000000000000e+02 4.000000000000000000e+01 1.286999999999999922e+01 2.807000000000000028e+01
8.640000000000000000e+02 4.000000000000000000e+01 1.333000000000000007e+01 2.778000000000000114e+01
8.760000000000000000e+02 4.000000000000000000e+01 1.381000000000000050e+01 2.748999999999999844e+01
8.880000000000000000e+02 4.000000000000000000e+01 1.432000000000000028e+01 2.735999999999999943e+01
7.200000000000000000e+02 4.800000000000000000e+01 -1.166000000000000014e+01 1.775000000000000000e+01
7.320000000000000000e+02 4.800000000000000000e+01 -1.178999999999999915e+01 1.746999999999999886e+01
7.440000000000000000e+02 4.800000000000000000e+01 -1.185999999999999943e+01 1.703000000000000114e+01
7.560000000000000000e+02 4.800000000000000000e+01 -1.200000000000000000e+01 1.675000000000000000e+01
7.680000000000000000e+02 4.800000000000000000e+01 -1.213000000000000078e+01 1.630999999999999872e+01
7.800000000000000000e+02 4.800000000000000000e+01 -1.219999999999999929e+01 1.603999999999999915e+01
7.920000000000000000e+02 4.800000000000000000e+01 -1.226999999999999957e+01 1.560999999999999943e+01
8.040000000000000000e+02 4.800000000000000000e+01 -1.226999999999999957e+01 1.517999999999999972e+01
8.160000000000000000e+02 4.800000000000000000e+01 -1.226999999999999957e+01 1.489000000000000057e+01
8.280000000000000000e+02 4.800000000000000000e+01 -1.224000000000000021e+01 1.446000000000000085e+01
8.400000000000000000e+02 4.800000000000000000e+01 -1.219999999999999929e+01 1.401999999999999957e+01
8.520000000000000000e+02 4.800000000000000000e+01 -1.219999999999999929e+01 1.358999999999999986e+01
8.640000000000000000e+02 4.800000000000000000e+01 -1.216999999999999993e+01 1.316000000000000014e+01
8.760000000000000000e+02 4.800000000000000000e+01 -1.216999999999999993e+01 1.286999999999999922e+01
8.880000000000000000e+02 4.800000000000000000e+01 -1.216999999999999993e+01 1.243999999999999950e+01
9.000000000000000000e+02 4.800000000000000000e+01 -1.209999999999999964e+01 1.216999999999999993e+01
9.120000000000000000e+02 4.800000000000000000e+01 -1.202999999999999936e+01 1.173000000000000043e+01
9.240000000000000000e+02 4.800000000000000000e+01 -1.190000000000000036e+01 1.144999999999999929e+01
9.360000000000000000e+02 4.800000000000000000e+01 -1.183000000000000007e+01 1.100999999999999979e+01
9.480000000000000000e+02 4.800000000000000000e+01 -1.175999999999999979e+01 1.073000000000000043e+01
7.920000000000000000e+02 3.400000000000000000e+01 -1.189999999999999947e+00 8.509999999999999787e+00
8.040000000000000000e+02 3.400000000000000000e+01 -1.639999999999999902e+00 8.650000000000000355e+00
8.160000000000000000e+02 3.400000000000000000e+01 -2.180000000000000160e+00 8.800000000000000711e+00
8.280000000000000000e+02 3.400000000000000000e+01 -2.709999999999999964e+00 8.800000000000000711e+00
8.400000000000000000e+02 3.400000000000000000e+01 -3.259999999999999787e+00 8.939999999999999503e+00
8.520000000000000000e+02 3.400000000000000000e+01 -3.810000000000000053e+00 8.939999999999999503e+00
8.640000000000000000e+02 3.400000000000000000e+01 -4.610000000000000320e+00 8.939999999999999503e+00
8.760000000000000000e+02 3.400000000000000000e+01 -5.570000000000000284e+00 8.800000000000000711e+00
8.880000000000000000e+02 3.400000000000000000e+01 -6.440000000000000391e+00 8.720000000000000639e+00
9.000000000000000000e+02 3.400000000000000000e+01 -7.190000000000000391e+00 8.580000000000000071e+00
9.120000000000000000e+02 3.400000000000000000e+01 -7.839999999999999858e+00 8.289999999999999147e+00
9.240000000000000000e+02 3.400000000000000000e+01 -8.439999999999999503e+00 8.150000000000000355e+00
9.360000000000000000e+02 3.400000000000000000e+01 -9.019999999999999574e+00 7.860000000000000320e+00
9.480000000000000000e+02 3.400000000000000000e+01 -9.830000000000000071e+00 7.429999999999999716e+00
9.600000000000000000e+02 3.400000000000000000e+01 -1.058000000000000007e+01 6.870000000000000107e+00
9.720000000000000000e+02 3.400000000000000000e+01 -1.140000000000000036e+01 6.429999999999999716e+00
9.840000000000000000e+02 3.400000000000000000e+01 -1.231000000000000050e+01 6.150000000000000355e+00
9.960000000000000000e+02 3.400000000000000000e+01 -1.317999999999999972e+01 5.709999999999999964e+00
1.008000000000000000e+03 3.400000000000000000e+01 -1.383000000000000007e+01 5.280000000000000249e+00
1.020000000000000000e+03 3.400000000000000000e+01 -1.455000000000000071e+01 4.849999999999999645e+00
8.160000000000000000e+02 3.700000000000000000e+01 -1.183000000000000007e+01 1.896000000000000085e+01
8.280000000000000000e+02 3.700000000000000000e+01 -1.202999999999999936e+01 1.869000000000000128e+01
8.400000000000000000e+02 3.700000000000000000e+01 -1.231000000000000050e+01 1.839999999999999858e+01
8.520000000000000000e+02 3.700000000000000000e+01 -1.250999999999999979e+01 1.796999999999999886e+01
8.640000000000000000e+02 3.700000000000000000e+01 -1.258000000000000007e+01 1.739000000000000057e+01
8.760000000000000000e+02 3.700000000000000000e+01 -1.265000000000000036e+01 1.682000000000000028e+01
8.880000000000000000e+02 3.700000000000000000e+01 -1.277999999999999936e+01 1.639000000000000057e+01
9.000000000000000000e+02 3.700000000000000000e+01 -1.284999999999999964e+01 1.581000000000000050e+01
9.120000000000000000e+02 3.700000000000000000e+01 -1.299000000000000021e+01 1.525000000000000000e+01
9.240000000000000000e+02 3.700000000000000000e+01 -1.306000000000000050e+01 1.466999999999999993e+01
9.360000000000000000e+02 3.700000000000000000e+01 -1.325000000000000000e+01 1.409999999999999964e+01
9.480000000000000000e+02 3.700000000000000000e+01 -1.338000000000000078e+01 1.351999999999999957e+01
9.600000000000000000e+02 3.700000000000000000e+01 -1.358999999999999986e+01 1.296000000000000085e+01
9.720000000000000000e+02 3.700000000000000000e+01 -1.378999999999999915e+01 1.238000000000000078e+01
9.840000000000000000e+02 3.700000000000000000e+01 -1.392999999999999972e+01 1.181000000000000050e+01
9.960000000000000000e+02 3.700000000000000000e+01 -1.414000000000000057e+01 1.123000000000000043e+01
1.008000000000000000e+03 3.700000000000000000e+01 -1.431000000000000050e+01 1.072000000000000064e+01
1.020000000000000000e+03 3.700000000000000000e+01 -1.448000000000000043e+01 1.038000000000000078e+01
1.032000000000000000e+03 3.700000000000000000e+01 -1.467999999999999972e+01 9.929999999999999716e+00
1.044000000000000000e+03 3.700000000000000000e+01 -1.489000000000000057e+01 9.589999999999999858e+00
8.640000000000000000e+02 1.000000000000000000e+01 -8.099999999999999645e+00 3.681000000000000227e+01
8.760000000000000000e+02 1.000000000000000000e+01 -8.580000000000000071e+00 3.665999999999999659e+01
8.880000000000000000e+02 1.000000000000000000e+01 -9.060000000000000497e+00 3.665999999999999659e+01
9.000000000000000000e+02 1.000000000000000000e+01 -9.599999999999999645e+00 3.652000000000000313e+01
9.120000000000000000e+02 1.000000000000000000e+01 -1.019999999999999929e+01 3.622999999999999687e+01
9.240000000000000000e+02 1.000000000000000000e+01 -1.075000000000000000e+01 3.609000000000000341e+01
9.360000000000000000e+02 1.000000000000000000e+01 -1.130000000000000071e+01 3.593999999999999773e+01
9.480000000000000000e+02 1.000000000000000000e+01 -1.183000000000000007e+01 3.579999999999999716e+01
9.600000000000000000e+02 1.000000000000000000e+01 -1.236999999999999922e+01 3.567000000000000171e+01
9.720000000000000000e+02 1.000000000000000000e+01 -1.291999999999999993e+01 3.550999999999999801e+01
9.840000000000000000e+02 1.000000000000000000e+01 -1.338000000000000078e+01 3.550999999999999801e+01
9.960000000000000000e+02 1.000000000000000000e+01 -1.392999999999999972e+01 3.538000000000000256e+01
1.008000000000000000e+03 1.000000000000000000e+01 -1.448000000000000043e+01 3.524000000000000199e+01
1.020000000000000000e+03 1.000000000000000000e+01 -1.500999999999999979e+01 3.502000000000000313e+01
1.032000000000000000e+03 1.000000000000000000e+01 -1.555000000000000071e+01 3.488000000000000256e+01
1.044000000000000000e+03 1.000000000000000000e+01 -1.610000000000000142e+01 3.465999999999999659e+01
1.056000000000000000e+03 1.000000000000000000e+01 -1.662999999999999901e+01 3.450000000000000000e+01
1.068000000000000000e+03 1.000000000000000000e+01 -1.717999999999999972e+01 3.422999999999999687e+01
1.080000000000000000e+03 1.000000000000000000e+01 -1.773000000000000043e+01 3.409000000000000341e+01
1.092000000000000000e+03 1.000000000000000000e+01 -1.821000000000000085e+01 3.386999999999999744e+01
9.000000000000000000e+02 4.100000000000000000e+01 1.473000000000000043e+01 2.707000000000000028e+01
9.120000000000000000e+02 4.100000000000000000e+01 1.511999999999999922e+01 2.676999999999999957e+01
9.240000000000000000e+02 4.100000000000000000e+01 1.557000000000000028e+01 2.664000000000000057e+01
9.360000000000000000e+02 4.100000000000000000e+01 1.601000000000000156e+01 2.635000000000000142e+01
9.480000000000000000e+02 4.100000000000000000e+01 1.646000000000000085e+01 2.621000000000000085e+01
9.600000000000000000e+02 4.100000000000000000e+01 1.685000000000000142e+01 2.585000000000000142e+01
9.720000000000000000e+02 4.100000000000000000e+01 1.726000000000000156e+01 2.533999999999999986e+01
9.840000000000000000e+02 4.100000000000000000e+01 1.767000000000000171e+01 2.491000000000000014e+01
9.960000000000000000e+02 4.100000000000000000e+01 1.807999999999999829e+01 2.448000000000000043e+01
1.008000000000000000e+03 4.100000000000000000e+01 1.841000000000000014e+01 2.398999999999999844e+01
1.020000000000000000e+03 4.100000000000000000e+01 1.871000000000000085e+01 2.355999999999999872e+01
1.032000000000000000e+03 4.100000000000000000e+01 1.908999999999999986e+01 2.317999999999999972e+01
1.044000000000000000e+03 4.100000000000000000e+01 1.939999999999999858e+01 2.276999999999999957e+01
1.056000000000000000e+03 4.100000000000000000e+01 1.973999999999999844e+01 2.239999999999999858e+01
1.068000000000000000e+03 4.100000000000000000e+01 2.003000000000000114e+01 2.198999999999999844e+01
1.080000000000000000e+03 4.100000000000000000e+01 2.041000000000000014e+01 2.160999999999999943e+01
1.092000000000000000e+03 4.100000000000000000e+01 2.071000000000000085e+01 2.119999999999999929e+01
1.104000000000000000e+03 4.100000000000000000e+01 2.112000000000000099e+01 2.082000000000000028e+01
1.116000000000000000e+03 4.100000000000000000e+01 2.153999999999999915e+01 2.069000000000000128e+01
1.128000000000000000e+03 4.100000000000000000e+01 2.212999999999999901e+01 2.069000000000000128e+01
9.600000000000000000e+02 4.900000000000000000e+01 -1.168999999999999950e+01 1.043999999999999950e+01
9.720000000000000000e+02 4.900000000000000000e+01 -1.161999999999999922e+01 1.001999999999999957e+01
9.840000000000000000e+02 4.900000000000000000e+01 -1.155000000000000071e+01 9.730000000000000426e+00
9.960000000000000000e+02 4.900000000000000000e+01 -1.148000000000000043e+01 9.300000000000000711e+00
1.008000000000000000e+03 4.900000000000000000e+01 -1.141999999999999993e+01 8.869999999999999218e+00
1.020000000000000000e+03 4.900000000000000000e+01 -1.134999999999999964e+01 8.509999999999999787e+00
1.032000000000000000e+03 4.900000000000000000e+01 -1.130000000000000071e+01 8.150000000000000355e+00
1.044000000000000000e+03 4.900000000000000000e+01 -1.123000000000000043e+01 7.790000000000000036e+00
1.056000000000000000e+03 4.900000000000000000e+01 -1.116000000000000014e+01 7.429999999999999716e+00
1.068000000000000000e+03 4.900000000000000000e+01 -1.108999999999999986e+01 7.139999999999999680e+00
1.080000000000000000e+03 4.900000000000000000e+01 -1.106000000000000050e+01 6.799999999999999822e+00
1.092000000000000000e+03 4.900000000000000000e+01 -1.099000000000000021e+01 6.429999999999999716e+00
1.104000000000000000e+03 4.900000000000000000e+01 -1.091999999999999993e+01 6.080000000000000071e+00
1.116000000000000000e+03 4.900000000000000000e+01 -1.084999999999999964e+01 5.709999999999999964e+00
1.128000000000000000e+03 4.900000000000000000e+01 -1.077999999999999936e+01 5.370000000000000107e+00
1.140000000000000000e+03 4.900000000000000000e+01 -1.072000000000000064e+01 5.070000000000000284e+00
1.152000000000000000e+03 4.900000000000000000e+01 -1.065000000000000036e+01 4.650000000000000355e+00
1.164000000000000000e+03 4.900000000000000000e+01 -1.058000000000000007e+01 4.360000000000000320e+00
1.176000000000000000e+03 4.900000000000000000e+01 -1.053999999999999915e+01 3.930000000000000160e+00
1.188000000000000000e+03 4.900000000000000000e+01 -1.048000000000000043e+01 3.640000000000000124e+00
9.960000000000000000e+02 1.500000000000000000e+01 -1.549000000000000021e+01 1.566000000000000014e+01
1.008000000000000000e+03 1.500000000000000000e+01 -1.590000000000000036e+01 1.566000000000000014e+01
1.020000000000000000e+03 1.500000000000000000e+01 -1.610000000000000142e+01 1.583000000000000007e+01
1.032000000000000000e+03 1.500000000000000000e+01 -1.630999999999999872e+01 1.590000000000000036e+01
1.044000000000000000e+03 1.500000000000000000e+01 -1.650000000000000000e+01 1.597000000000000064e+01
1.056000000000000000e+03 1.500000000000000000e+01 -1.669999999999999929e+01 1.603999999999999915e+01
1.068000000000000000e+03 1.500000000000000000e+01 -1.669999999999999929e+01 1.603999999999999915e+01
1.080000000000000000e+03 1.500000000000000000e+01 -1.669999999999999929e+01 1.603999999999999915e+01
1.092000000000000000e+03 1.500000000000000000e+01 -1.669999999999999929e+01 1.603999999999999915e+01
1.104000000000000000e+03 1.500000000000000000e+01 -1.669999999999999929e+01 1.603999999999999915e+01
1.116000000000000000e+03 1.500000000000000000e+01 -1.669999999999999929e+01 1.603999999999999915e+01
1.128000000000000000e+03 1.500000000000000000e+01 -1.669999999999999929e+01 1.603999999999999915e+01
1.140000000000000000e+03 1.500000000000000000e+01 -1.662999999999999901e+01 1.603999999999999915e+01
1.152000000000000000e+03 1.500000000000000000e+01 -1.662999999999999901e+01 1.603999999999999915e+01
1.164000000000000000e+03 1.500000000000000000e+01 -1.662999999999999901e+01 1.603999999999999915e+01
1.176000000000000000e+03 1.500000000000000000e+01 -1.662999999999999901e+01 1.603999999999999915e+01
1.188000000000000000e+03 1.500000000000000000e+01 -1.662999999999999901e+01 1.590000000000000036e+01
1.200000000000000000e+03 1.500000000000000000e+01 -1.662999999999999901e+01 1.590000000000000036e+01
1.212000000000000000e+03 1.500000000000000000e+01 -1.655999999999999872e+01 1.590000000000000036e+01
1.224000000000000000e+03 1.500000000000000000e+01 -1.655999999999999872e+01 1.590000000000000036e+01
1.044000000000000000e+03 1.300000000000000000e+01 -8.750000000000000000e+00 4.153000000000000114e+01
1.056000000000000000e+03 1.300000000000000000e+01 -8.949999999999999289e+00 4.110000000000000142e+01
1.068000000000000000e+03 1.300000000000000000e+01 -9.089999999999999858e+00 4.067999999999999972e+01
1.080000000000000000e+03 1.300000000000000000e+01 -9.230000000000000426e+00 4.025000000000000000e+01
1.092000000000000000e+03 1.300000000000000000e+01 -9.429999999999999716e+00 3.968999999999999773e+01
1.104000000000000000e+03 1.300000000000000000e+01 -9.570000000000000284e+00 3.924000000000000199e+01
1.116000000000000000e+03 1.300000000000000000e+01 -9.830000000000000071e+00 3.881000000000000227e+01
1.128000000000000000e+03 1.300000000000000000e+01 -1.016999999999999993e+01 3.852000000000000313e+01
1.140000000000000000e+03 1.300000000000000000e+01 -1.058000000000000007e+01 3.825000000000000000e+01
1.152000000000000000e+03 1.300000000000000000e+01 -1.091999999999999993e+01 3.793999999999999773e+01
1.164000000000000000e+03 1.300000000000000000e+01 -1.125000000000000000e+01 3.767000000000000171e+01
1.176000000000000000e+03 1.300000000000000000e+01 -1.166000000000000014e+01 3.739000000000000057e+01
1.188000000000000000e+03 1.300000000000000000e+01 -1.192999999999999972e+01 3.709000000000000341e+01
1.200000000000000000e+03 1.300000000000000000e+01 -1.226999999999999957e+01 3.681000000000000227e+01
1.212000000000000000e+03 1.300000000000000000e+01 -1.253999999999999915e+01 3.652000000000000313e+01
1.224000000000000000e+03 1.300000000000000000e+01 -1.282000000000000028e+01 3.622999999999999687e+01
1.236000000000000000e+03 1.300000000000000000e+01 -1.316000000000000014e+01 3.596000000000000085e+01
1.248000000000000000e+03 1.300000000000000000e+01 -1.341999999999999993e+01 3.564999999999999858e+01
1.260000000000000000e+03 1.300000000000000000e+01 -1.368999999999999950e+01 3.543999999999999773e+01
1.272000000000000000e+03 1.300000000000000000e+01 -1.402999999999999936e+01 3.502000000000000313e+01
1.044000000000000000e+03 4.200000000000000000e+01 -9.740000000000000213e+00 4.217999999999999972e+01
1.056000000000000000e+03 4.200000000000000000e+01 -9.929999999999999716e+00 4.174000000000000199e+01
1.068000000000000000e+03 4.200000000000000000e+01 -1.013000000000000078e+01 4.132999999999999829e+01
1.080000000000000000e+03 4.200000000000000000e+01 -1.033999999999999986e+01 4.088000000000000256e+01
1.092000000000000000e+03 4.200000000000000000e+01 -1.050999999999999979e+01 4.060999999999999943e+01
1.104000000000000000e+03 4.200000000000000000e+01 -1.072000000000000064e+01 4.015999999999999659e+01
1.116000000000000000e+03 4.200000000000000000e+01 -1.099000000000000021e+01 3.989000000000000057e+01
1.128000000000000000e+03 4.200000000000000000e+01 -1.125000000000000000e+01 3.961999999999999744e+01
1.140000000000000000e+03 4.200000000000000000e+01 -1.151999999999999957e+01 3.931000000000000227e+01
1.152000000000000000e+03 4.200000000000000000e+01 -1.178999999999999915e+01 3.917000000000000171e+01
1.164000000000000000e+03 4.200000000000000000e+01 -1.213000000000000078e+01 3.889999999999999858e+01
1.176000000000000000e+03 4.200000000000000000e+01 -1.241000000000000014e+01 3.859000000000000341e+01
1.188000000000000000e+03 4.200000000000000000e+01 -1.275000000000000000e+01 3.845000000000000284e+01
1.200000000000000000e+03 4.200000000000000000e+01 -1.308999999999999986e+01 3.817999999999999972e+01
1.212000000000000000e+03 4.200000000000000000e+01 -1.341999999999999993e+01 3.800999999999999801e+01
1.224000000000000000e+03 4.200000000000000000e+01 -1.375999999999999979e+01 3.786999999999999744e+01
1.236000000000000000e+03 4.200000000000000000e+01 -1.409999999999999964e+01 3.760000000000000142e+01
1.248000000000000000e+03 4.200000000000000000e+01 -1.443999999999999950e+01 3.746000000000000085e+01
1.260000000000000000e+03 4.200000000000000000e+01 -1.469999999999999929e+01 3.732999999999999829e+01
1.272000000000000000e+03 4.200000000000000000e+01 -1.503999999999999915e+01 3.688000000000000256e+01
1.104000000000000000e+03 1.100000000000000000e+01 -1.862000000000000099e+01 3.357999999999999829e+01
1.116000000000000000e+03 1.100000000000000000e+01 -1.901000000000000156e+01 3.331000000000000227e+01
1.128000000000000000e+03 1.100000000000000000e+01 -1.942000000000000171e+01 3.300000000000000000e+01
1.140000000000000000e+03 1.100000000000000000e+01 -1.980999999999999872e+01 3.285999999999999943e+01
1.152000000000000000e+03 1.100000000000000000e+01 -2.028999999999999915e+01 3.259000000000000341e+01
1.164000000000000000e+03 1.100000000000000000e+01 -2.103999999999999915e+01 3.245000000000000284e+01
1.176000000000000000e+03 1.100000000000000000e+01 -2.207000000000000028e+01 3.228000000000000114e+01
1.188000000000000000e+03 1.100000000000000000e+01 -2.239000000000000057e+01 3.200999999999999801e+01
1.200000000000000000e+03 1.100000000000000000e+01 -2.280000000000000071e+01 3.157999999999999829e+01
1.212000000000000000e+03 1.100000000000000000e+01 -2.312999999999999901e+01 3.128999999999999915e+01
1.224000000000000000e+03 1.100000000000000000e+01 -2.312999999999999901e+01 3.128999999999999915e+01
1.236000000000000000e+03 1.100000000000000000e+01 -2.312999999999999901e+01 3.128999999999999915e+01
1.248000000000000000e+03 1.100000000000000000e+01 -2.312999999999999901e+01 3.128999999999999915e+01
1.260000000000000000e+03 1.100000000000000000e+01 -2.312999999999999901e+01 3.128999999999999915e+01
1.272000000000000000e+03 1.100000000000000000e+01 -2.312999999999999901e+01 3.128999999999999915e+01
1.284000000000000000e+03 1.100000000000000000e+01 -2.312999999999999901e+01 3.128999999999999915e+01
1.296000000000000000e+03 1.100000000000000000e+01 -2.312999999999999901e+01 3.128999999999999915e+01
1.308000000000000000e+03 1.100000000000000000e+01 -2.312999999999999901e+01 3.128999999999999915e+01
1.320000000000000000e+03 1.100000000000000000e+01 -2.312999999999999901e+01 3.128999999999999915e+01
1.332000000000000000e+03 1.100000000000000000e+01 -2.312999999999999901e+01 3.128999999999999915e+01
1.200000000000000000e+03 5.000000000000000000e+01 -1.041000000000000014e+01 3.209999999999999964e+00
1.212000000000000000e+03 5.000000000000000000e+01 -1.041000000000000014e+01 2.770000000000000018e+00
1.224000000000000000e+03 5.000000000000000000e+01 -1.033999999999999986e+01 2.359999999999999876e+00
1.236000000000000000e+03 5.000000000000000000e+01 -1.026999999999999957e+01 1.909999999999999920e+00
1.248000000000000000e+03 5.000000000000000000e+01 -1.026999999999999957e+01 1.500000000000000000e+00
1.260000000000000000e+03 5.000000000000000000e+01 -1.019999999999999929e+01 1.060000000000000053e+00
1.272000000000000000e+03 5.000000000000000000e+01 -1.013000000000000078e+01 7.800000000000000266e-01
1.284000000000000000e+03 5.000000000000000000e+01 -1.013000000000000078e+01 3.400000000000000244e-01
1.296000000000000000e+03 5.000000000000000000e+01 -1.007000000000000028e+01 -8.999999999999999667e-02
1.308000000000000000e+03 5.000000000000000000e+01 -1.000000000000000000e+01 -5.200000000000000178e-01
1.320000000000000000e+03 5.000000000000000000e+01 -1.000000000000000000e+01 -9.399999999999999467e-01
1.332000000000000000e+03 5.000000000000000000e+01 -9.929999999999999716e+00 -1.370000000000000107e+00
1.344000000000000000e+03 5.000000000000000000e+01 -9.859999999999999432e+00 -1.820000000000000062e+00
1.356000000000000000e+03 5.000000000000000000e+01 -9.859999999999999432e+00 -2.229999999999999982e+00
1.368000000000000000e+03 5.000000000000000000e+01 -9.789999999999999147e+00 -2.529999999999999805e+00
1.380000000000000000e+03 5.000000000000000000e+01 -9.789999999999999147e+00 -2.950000000000000178e+00
1.392000000000000000e+03 5.000000000000000000e+01 -9.789999999999999147e+00 -3.390000000000000124e+00
1.404000000000000000e+03 5.000000000000000000e+01 -9.720000000000000639e+00 -3.819999999999999840e+00
1.416000000000000000e+03 5.000000000000000000e+01 -9.720000000000000639e+00 -4.110000000000000320e+00
1.428000000000000000e+03 5.000000000000000000e+01 -9.720000000000000639e+00 -4.519999999999999574e+00
1.236000000000000000e+03 1.600000000000000000e+01 -1.655999999999999872e+01 1.590000000000000036e+01
1.248000000000000000e+03 1.600000000000000000e+01 -1.655999999999999872e+01 1.590000000000000036e+01
1.260000000000000000e+03 1.600000000000000000e+01 -1.655999999999999872e+01 1.590000000000000036e+01
1.272000000000000000e+03 1.600000000000000000e+01 -1.655999999999999872e+01 1.590000000000000036e+01
1.284000000000000000e+03 1.600000000000000000e+01 -1.650000000000000000e+01 1.590000000000000036e+01
1.296000000000000000e+03 1.600000000000000000e+01 -1.650000000000000000e+01 1.590000000000000036e+01
1.308000000000000000e+03 1.600000000000000000e+01 -1.650000000000000000e+01 1.575000000000000000e+01
1.320000000000000000e+03 1.600000000000000000e+01 -1.650000000000000000e+01 1.575000000000000000e+01
1.332000000000000000e+03 1.600000000000000000e+01 -1.650000000000000000e+01 1.575000000000000000e+01
1.344000000000000000e+03 1.600000000000000000e+01 -1.650000000000000000e+01 1.575000000000000000e+01
1.356000000000000000e+03 1.600000000000000000e+01 -1.644000000000000128e+01 1.575000000000000000e+01
1.368000000000000000e+03 1.600000000000000000e+01 -1.644000000000000128e+01 1.575000000000000000e+01
1.380000000000000000e+03 1.600000000000000000e+01 -1.644000000000000128e+01 1.575000000000000000e+01
1.392000000000000000e+03 1.600000000000000000e+01 -1.644000000000000128e+01 1.575000000000000000e+01
1.404000000000000000e+03 1.600000000000000000e+01 -1.644000000000000128e+01 1.575000000000000000e+01
1.416000000000000000e+03 1.600000000000000000e+01 -1.644000000000000128e+01 1.575000000000000000e+01
1.428000000000000000e+03 1.600000000000000000e+01 -1.630999999999999872e+01 1.544999999999999929e+01
1.440000000000000000e+03 1.600000000000000000e+01 -1.617000000000000171e+01 1.532000000000000028e+01
1.452000000000000000e+03 1.600000000000000000e+01 -1.607000000000000028e+01 1.503999999999999915e+01
1.464000000000000000e+03 1.600000000000000000e+01 -1.592999999999999972e+01 1.474000000000000021e+01
1.284000000000000000e+03 1.400000000000000000e+01 -1.436999999999999922e+01 3.472999999999999687e+01
1.296000000000000000e+03 1.400000000000000000e+01 -1.465000000000000036e+01 3.445000000000000284e+01
1.308000000000000000e+03 1.400000000000000000e+01 -1.497000000000000064e+01 3.414000000000000057e+01
1.320000000000000000e+03 1.400000000000000000e+01 -1.532000000000000028e+01 3.386999999999999744e+01
1.332000000000000000e+03 1.400000000000000000e+01 -1.558999999999999986e+01 3.360000000000000142e+01
1.344000000000000000e+03 1.400000000000000000e+01 -1.600000000000000000e+01 3.342999999999999972e+01
1.356000000000000000e+03 1.400000000000000000e+01 -1.633999999999999986e+01 3.314999999999999858e+01
1.368000000000000000e+03 1.400000000000000000e+01 -1.673000000000000043e+01 3.288000000000000256e+01
1.380000000000000000e+03 1.400000000000000000e+01 -1.707999999999999829e+01 3.257000000000000028e+01
1.392000000000000000e+03 1.400000000000000000e+01 -1.748999999999999844e+01 3.242999999999999972e+01
1.404000000000000000e+03 1.400000000000000000e+01 -1.782999999999999829e+01 3.215999999999999659e+01
1.416000000000000000e+03 1.400000000000000000e+01 -1.817000000000000171e+01 3.202000000000000313e+01
1.428000000000000000e+03 1.400000000000000000e+01 -1.850000000000000000e+01 3.171999999999999886e+01
1.440000000000000000e+03 1.400000000000000000e+01 -1.883999999999999986e+01 3.157999999999999829e+01
1.452000000000000000e+03 1.400000000000000000e+01 -1.932000000000000028e+01 3.130999999999999872e+01
1.464000000000000000e+03 1.400000000000000000e+01 -1.973000000000000043e+01 3.114000000000000057e+01
1.476000000000000000e+03 1.400000000000000000e+01 -2.014000000000000057e+01 3.085999999999999943e+01
1.488000000000000000e+03 1.400000000000000000e+01 -2.053000000000000114e+01 3.071999999999999886e+01
1.500000000000000000e+03 1.400000000000000000e+01 -2.094000000000000128e+01 3.058999999999999986e+01
1.512000000000000000e+03 1.400000000000000000e+01 -2.135000000000000142e+01 3.107000000000000028e+01
1.284000000000000000e+03 4.300000000000000000e+01 -1.532000000000000028e+01 3.660999999999999943e+01
1.296000000000000000e+03 4.300000000000000000e+01 -1.558999999999999986e+01 3.629999999999999716e+01
1.308000000000000000e+03 4.300000000000000000e+01 -1.585999999999999943e+01 3.603000000000000114e+01
1.320000000000000000e+03 4.300000000000000000e+01 -1.614000000000000057e+01 3.557999999999999829e+01
1.332000000000000000e+03 4.300000000000000000e+01 -1.641000000000000014e+01 3.531000000000000227e+01
1.344000000000000000e+03 4.300000000000000000e+01 -1.680000000000000071e+01 3.517000000000000171e+01
1.356000000000000000e+03 4.300000000000000000e+01 -1.714000000000000057e+01 3.502000000000000313e+01
1.368000000000000000e+03 4.300000000000000000e+01 -1.755999999999999872e+01 3.485999999999999943e+01
1.380000000000000000e+03 4.300000000000000000e+01 -1.789999999999999858e+01 3.472999999999999687e+01
1.392000000000000000e+03 4.300000000000000000e+01 -1.828999999999999915e+01 3.445000000000000284e+01
1.404000000000000000e+03 4.300000000000000000e+01 -1.862999999999999901e+01 3.432000000000000028e+01
1.416000000000000000e+03 4.300000000000000000e+01 -1.903999999999999915e+01 3.386999999999999744e+01
1.428000000000000000e+03 4.300000000000000000e+01 -1.944999999999999929e+01 3.360000000000000142e+01
1.440000000000000000e+03 4.300000000000000000e+01 -1.980000000000000071e+01 3.328999999999999915e+01
1.452000000000000000e+03 4.300000000000000000e+01 -2.019000000000000128e+01 3.302000000000000313e+01
1.464000000000000000e+03 4.300000000000000000e+01 -2.053000000000000114e+01 3.288000000000000256e+01
1.476000000000000000e+03 4.300000000000000000e+01 -2.087000000000000099e+01 3.271000000000000085e+01
1.488000000000000000e+03 4.300000000000000000e+01 -2.128000000000000114e+01 3.257000000000000028e+01
1.500000000000000000e+03 4.300000000000000000e+01 -2.155999999999999872e+01 3.242999999999999972e+01
1.512000000000000000e+03 4.300000000000000000e+01 -2.187999999999999901e+01 3.215999999999999659e+01
1.344000000000000000e+03 1.200000000000000000e+01 -2.328999999999999915e+01 3.110999999999999943e+01
1.356000000000000000e+03 1.200000000000000000e+01 -2.330000000000000071e+01 3.108999999999999986e+01
1.368000000000000000e+03 1.200000000000000000e+01 -2.332000000000000028e+01 3.107000000000000028e+01
1.380000000000000000e+03 1.200000000000000000e+01 -2.332999999999999829e+01 3.105999999999999872e+01
1.392000000000000000e+03 1.200000000000000000e+01 -2.333999999999999986e+01 3.103999999999999915e+01
1.404000000000000000e+03 1.200000000000000000e+01 -2.335999999999999943e+01 3.101999999999999957e+01
1.416000000000000000e+03 1.200000000000000000e+01 -2.337000000000000099e+01 3.101000000000000156e+01
1.428000000000000000e+03 1.200000000000000000e+01 -2.339000000000000057e+01 3.098999999999999844e+01
1.440000000000000000e+03 1.200000000000000000e+01 -2.339999999999999858e+01 3.098000000000000043e+01
1.452000000000000000e+03 1.200000000000000000e+01 -2.341000000000000014e+01 3.096000000000000085e+01
1.464000000000000000e+03 1.200000000000000000e+01 -2.342999999999999972e+01 3.094000000000000128e+01
1.476000000000000000e+03 1.200000000000000000e+01 -2.344000000000000128e+01 3.092999999999999972e+01
1.488000000000000000e+03 1.200000000000000000e+01 -2.346000000000000085e+01 3.091000000000000014e+01
1.500000000000000000e+03 1.200000000000000000e+01 -2.346999999999999886e+01 3.089000000000000057e+01
1.512000000000000000e+03 1.200000000000000000e+01 -2.348000000000000043e+01 3.087999999999999901e+01
1.524000000000000000e+03 1.200000000000000000e+01 -2.350000000000000000e+01 3.085999999999999943e+01
1.536000000000000000e+03 1.200000000000000000e+01 -2.351000000000000156e+01 3.085000000000000142e+01
1.548000000000000000e+03 1.200000000000000000e+01 -2.353000000000000114e+01 3.082999999999999829e+01
1.560000000000000000e+03 1.200000000000000000e+01 -2.353999999999999915e+01 3.080999999999999872e+01
1.572000000000000000e+03 1.200000000000000000e+01 -2.355000000000000071e+01 3.080000000000000071e+01
1.440000000000000000e+03 5.100000000000000000e+01 -9.660000000000000142e+00 -4.959999999999999964e+00
1.452000000000000000e+03 5.100000000000000000e+01 -9.660000000000000142e+00 -5.389999999999999680e+00
1.464000000000000000e+03 5.100000000000000000e+01 -9.660000000000000142e+00 -5.679999999999999716e+00
1.476000000000000000e+03 5.100000000000000000e+01 -9.589999999999999858e+00 -6.110000000000000320e+00
1.488000000000000000e+03 5.100000000000000000e+01 -9.589999999999999858e+00 -6.540000000000000036e+00
1.500000000000000000e+03 5.100000000000000000e+01 -9.519999999999999574e+00 -6.809999999999999609e+00
1.512000000000000000e+03 5.100000000000000000e+01 -9.550000000000000711e+00 -7.250000000000000000e+00
1.524000000000000000e+03 5.100000000000000000e+01 -9.550000000000000711e+00 -7.610000000000000320e+00
1.536000000000000000e+03 5.100000000000000000e+01 -9.550000000000000711e+00 -7.969999999999999751e+00
1.548000000000000000e+03 5.100000000000000000e+01 -9.550000000000000711e+00 -8.400000000000000355e+00
1.560000000000000000e+03 5.100000000000000000e+01 -9.589999999999999858e+00 -8.759999999999999787e+00
1.572000000000000000e+03 5.100000000000000000e+01 -9.550000000000000711e+00 -9.119999999999999218e+00
1.584000000000000000e+03 5.100000000000000000e+01 -9.550000000000000711e+00 -9.460000000000000853e+00
1.596000000000000000e+03 5.100000000000000000e+01 -9.550000000000000711e+00 -9.900000000000000355e+00
1.608000000000000000e+03 5.100000000000000000e+01 -9.589999999999999858e+00 -1.025999999999999979e+01
1.620000000000000000e+03 5.100000000000000000e+01 -9.589999999999999858e+00 -1.061999999999999922e+01
1.632000000000000000e+03 5.100000000000000000e+01 -9.589999999999999858e+00 -1.105000000000000071e+01
1.644000000000000000e+03 5.100000000000000000e+01 -9.570000000000000284e+00 -1.141000000000000014e+01
1.656000000000000000e+03 5.100000000000000000e+01 -9.599999999999999645e+00 -1.176999999999999957e+01
1.668000000000000000e+03 5.100000000000000000e+01 -9.599999999999999645e+00 -1.210999999999999943e+01
1.476000000000000000e+03 1.700000000000000000e+01 -1.578999999999999915e+01 1.446000000000000085e+01
1.488000000000000000e+03 1.700000000000000000e+01 -1.566000000000000014e+01 1.415000000000000036e+01
1.500000000000000000e+03 1.700000000000000000e+01 -1.551999999999999957e+01 1.401999999999999957e+01
1.512000000000000000e+03 1.700000000000000000e+01 -1.551999999999999957e+01 1.330000000000000071e+01
1.524000000000000000e+03 1.700000000000000000e+01 -1.544999999999999929e+01 1.266999999999999993e+01
1.536000000000000000e+03 1.700000000000000000e+01 -1.538000000000000078e+01 1.201999999999999957e+01
1.548000000000000000e+03 1.700000000000000000e+01 -1.538000000000000078e+01 1.130000000000000071e+01
1.560000000000000000e+03 1.700000000000000000e+01 -1.532000000000000028e+01 1.073000000000000043e+01
1.572000000000000000e+03 1.700000000000000000e+01 -1.525000000000000000e+01 1.008999999999999986e+01
1.584000000000000000e+03 1.700000000000000000e+01 -1.517999999999999972e+01 9.449999999999999289e+00
1.596000000000000000e+03 1.700000000000000000e+01 -1.534999999999999964e+01 8.869999999999999218e+00
1.608000000000000000e+03 1.700000000000000000e+01 -1.575999999999999979e+01 8.289999999999999147e+00
1.620000000000000000e+03 1.700000000000000000e+01 -1.617000000000000171e+01 7.709999999999999964e+00
1.632000000000000000e+03 1.700000000000000000e+01 -1.651000000000000156e+01 7.160000000000000142e+00
1.644000000000000000e+03 1.700000000000000000e+01 -1.692000000000000171e+01 6.580000000000000071e+00
1.656000000000000000e+03 1.700000000000000000e+01 -1.732000000000000028e+01 6.000000000000000000e+00
1.668000000000000000e+03 1.700000000000000000e+01 -1.758999999999999986e+01 5.570000000000000284e+00
1.680000000000000000e+03 1.700000000000000000e+01 -1.792999999999999972e+01 5.139999999999999680e+00
1.692000000000000000e+03 1.700000000000000000e+01 -1.819000000000000128e+01 4.700000000000000178e+00
1.704000000000000000e+03 1.700000000000000000e+01 -1.846000000000000085e+01 4.290000000000000036e+00
