0.000 109.000 -16.480 14.900
12.000 109.000 -16.750 14.420
24.000 109.000 -16.970 13.930
36.000 109.000 -17.210 13.510
48.000 109.000 -17.470 13.030
60.000 109.000 -17.670 12.710
72.000 109.000 -17.910 12.200
84.000 109.000 -18.150 11.800
96.000 109.000 -18.390 11.320
108.000 109.000 -18.580 10.900
120.000 109.000 -18.860 10.480
132.000 109.000 -19.060 10.090
144.000 109.000 -19.300 9.590
156.000 109.000 -19.540 9.170
168.000 109.000 -19.780 8.690
180.000 109.000 -19.980 8.370
192.000 109.000 -19.980 8.040
204.000 109.000 -19.940 7.700
216.000 109.000 -19.940 7.220
228.000 109.000 -19.940 7.040
0.000 116.000 -5.590 15.740
12.000 116.000 -5.070 15.740
24.000 116.000 -4.500 15.740
36.000 116.000 -3.980 15.900
48.000 116.000 -3.400 15.900
60.000 116.000 -2.840 16.060
72.000 116.000 -2.290 16.060
84.000 116.000 -1.750 16.140
96.000 116.000 -1.210 16.210
108.000 116.000 -0.620 16.290
120.000 116.000 -0.060 16.370
132.000 116.000 0.480 16.450
144.000 116.000 1.040 16.530
156.000 116.000 1.610 16.610
168.000 116.000 2.130 16.610
180.000 116.000 2.730 16.790
192.000 116.000 3.270 16.790
204.000 116.000 3.820 16.870
216.000 116.000 4.400 16.950
228.000 116.000 4.920 16.950
48.000 17.000 22.790 8.450
60.000 17.000 22.350 8.290
72.000 17.000 21.770 8.290
84.000 17.000 21.250 8.290
96.000 17.000 20.740 8.290
108.000 17.000 20.220 8.290
120.000 17.000 19.700 8.290
132.000 17.000 19.130 8.290
144.000 17.000 18.630 8.290
156.000 17.000 18.110 8.120
168.000 17.000 17.590 8.120
180.000 17.000 17.080 8.120
192.000 17.000 16.480 8.120
204.000 17.000 15.960 8.120
216.000 17.000 15.460 8.120
228.000 17.000 14.970 8.120
240.000 17.000 14.450 8.120
252.000 17.000 13.850 7.960
264.000 17.000 13.260 7.960
276.000 17.000 12.740 7.960
156.000 111.000 20.180 24.650
168.000 111.000 20.340 24.140
180.000 111.000 20.500 23.660
192.000 111.000 20.540 23.180
204.000 111.000 20.700 22.660
216.000 111.000 20.780 22.180
228.000 111.000 20.940 21.710
240.000 111.000 21.060 21.190
252.000 111.000 21.140 20.550
264.000 111.000 21.290 20.080
276.000 111.000 21.370 19.560
288.000 111.000 21.490 19.080
300.000 111.000 21.650 18.600
312.000 111.000 21.730 18.090
324.000 111.000 21.870 17.610
336.000 111.000 22.090 17.130
348.000 111.000 22.450 16.610
360.000 111.000 22.810 16.140
372.000 111.000 23.130 15.660
384.000 111.000 23.400 15.140
240.000 110.000 -19.940 7.040
252.000 110.000 -19.940 7.040
264.000 110.000 -19.940 7.040
276.000 110.000 -19.940 7.040
288.000 110.000 -19.940 7.040
300.000 110.000 -19.940 7.040
312.000 110.000 -19.940 7.040
324.000 110.000 -19.940 7.040
336.000 110.000 -19.940 7.040
348.000 110.000 -19.940 7.040
360.000 110.000 -19.940 7.040
372.000 110.000 -19.940 7.040
384.000 110.000 -19.940 7.040
396.000 110.000 -19.940 7.040
408.000 110.000 -19.940 7.040
420.000 110.000 -19.940 7.040
432.000 110.000 -19.940 7.040
444.000 110.000 -19.940 7.040
456.000 110.000 -19.940 7.040
468.000 110.000 -19.940 7.040
240.000 117.000 5.490 17.130
252.000 117.000 6.090 17.130
264.000 117.000 6.670 17.290
276.000 117.000 7.270 17.290
288.000 117.000 7.780 17.290
300.000 117.000 8.360 17.450
312.000 117.000 8.940 17.450
324.000 117.000 9.530 17.450
336.000 117.000 10.110 17.610
348.000 117.000 10.710 17.610
360.000 117.000 11.210 17.610
372.000 117.000 11.800 17.770
384.000 117.000 12.380 17.770
396.000 117.000 12.980 17.930
408.000 117.000 13.550 17.930
420.000 117.000 14.150 17.930
432.000 117.000 14.730 18.090
444.000 117.000 15.250 18.090
456.000 117.000 15.820 18.090
468.000 117.000 16.340 18.090
264.000 114.000 -27.420 9.850
276.000 114.000 -26.840 9.850
288.000 114.000 -26.330 9.850
300.000 114.000 -25.810 9.850
312.000 114.000 -25.210 10.010
324.000 114.000 -24.710 10.010
336.000 114.000 -24.200 10.010
348.000 114.000 -23.620 10.170
360.000 114.000 -23.100 10.170
372.000 114.000 -22.580 10.170
384.000 114.000 -22.010 10.320
396.000 114.000 -21.490 10.320
408.000 114.000 -20.970 10.320
420.000 114.000 -20.460 10.320
432.000 114.000 -19.880 10.480
444.000 114.000 -19.360 10.480
456.000 114.000 -18.840 10.480
468.000 114.000 -18.330 10.480
480.000 114.000 -17.830 10.480
492.000 114.000 -17.310 10.320
288.000 18.000 12.180 7.960
300.000 18.000 11.660 7.960
312.000 18.000 11.070 7.960
324.000 18.000 10.470 7.960
336.000 18.000 9.970 7.960
348.000 18.000 9.390 7.960
360.000 18.000 8.880 7.960
372.000 18.000 8.280 7.960
384.000 18.000 7.760 7.960
396.000 18.000 7.190 7.960
408.000 18.000 6.610 7.960
420.000 18.000 6.090 7.960
432.000 18.000 5.490 7.780
444.000 18.000 4.920 7.780
456.000 18.000 4.340 7.780
468.000 18.000 3.820 7.780
480.000 18.000 3.230 7.780
492.000 18.000 2.650 7.780
504.000 18.000 2.070 7.780
516.000 18.000 1.470 7.860
312.000 8.000 23.150 8.450
324.000 8.000 22.570 8.450
336.000 8.000 21.970 8.450
348.000 8.000 21.470 8.450
360.000 8.000 20.880 8.450
372.000 8.000 20.300 8.450
384.000 8.000 19.700 8.450
396.000 8.000 19.210 8.290
408.000 8.000 18.610 8.290
420.000 8.000 18.030 8.290
432.000 8.000 17.430 8.290
444.000 8.000 16.860 8.290
456.000 8.000 16.340 8.290
468.000 8.000 15.760 8.290
480.000 8.000 15.170 8.290
492.000 8.000 14.590 8.290
504.000 8.000 13.990 8.290
516.000 8.000 13.370 8.290
528.000 8.000 12.760 8.290
540.000 8.000 12.160 8.290
504.000 115.000 -16.790 10.170
516.000 115.000 -16.360 10.090
528.000 115.000 -15.920 9.930
540.000 115.000 -15.440 9.830
552.000 115.000 -15.000 9.670
564.000 115.000 -14.530 9.590
576.000 115.000 -14.050 9.430
588.000 115.000 -13.610 9.270
600.000 115.000 -13.130 9.190
612.000 115.000 -12.690 9.030
624.000 115.000 -12.220 8.950
636.000 115.000 -11.780 8.770
648.000 115.000 -11.340 8.670
660.000 115.000 -10.820 8.350
672.000 115.000 -10.310 8.040
684.000 115.000 -9.790 7.720
696.000 115.000 -9.350 7.400
708.000 115.000 -8.850 7.040
720.000 115.000 -8.360 6.720
732.000 115.000 -7.840 6.400
516.000 118.000 23.300 18.260
528.000 118.000 22.350 18.110
540.000 118.000 20.960 18.110
552.000 118.000 19.560 18.110
564.000 118.000 18.170 18.110
576.000 118.000 16.860 18.110
588.000 118.000 15.460 18.110
600.000 118.000 14.070 18.110
612.000 118.000 12.680 18.110
624.000 118.000 11.280 18.110
636.000 118.000 9.890 18.110
648.000 118.000 8.500 18.110
660.000 118.000 7.190 18.110
672.000 118.000 5.490 17.930
684.000 118.000 3.880 17.930
696.000 118.000 2.290 17.930
708.000 118.000 0.660 17.930
720.000 118.000 -0.930 17.770
732.000 118.000 -2.550 17.770
744.000 118.000 -4.160 17.770
528.000 19.000 0.880 7.860
540.000 19.000 0.300 8.040
552.000 19.000 -0.320 8.140
564.000 19.000 -0.910 8.290
576.000 19.000 -1.510 8.370
588.000 19.000 -2.070 8.370
600.000 19.000 -2.660 8.530
612.000 19.000 -3.260 8.610
624.000 19.000 -3.820 8.770
636.000 19.000 -4.420 8.850
648.000 19.000 -5.010 8.850
660.000 19.000 -5.610 9.010
672.000 19.000 -6.170 9.170
684.000 19.000 -6.680 9.170
696.000 19.000 -7.280 9.350
708.000 19.000 -7.800 9.350
720.000 19.000 -8.400 9.510
732.000 19.000 -8.950 9.670
744.000 19.000 -9.470 9.670
756.000 19.000 -10.070 9.670
552.000 9.000 11.540 8.290
564.000 9.000 10.970 8.290
576.000 9.000 10.370 8.370
588.000 9.000 9.750 8.370
600.000 9.000 9.180 8.370
612.000 9.000 8.540 8.370
624.000 9.000 7.960 8.370
636.000 9.000 7.340 8.370
648.000 9.000 6.750 8.370
660.000 9.000 6.150 8.370
672.000 9.000 5.570 8.370
684.000 9.000 5.000 8.370
696.000 9.000 4.400 8.220
708.000 9.000 3.820 8.220
720.000 9.000 3.250 8.220
732.000 9.000 2.650 8.220
744.000 9.000 2.050 8.220
756.000 9.000 1.530 8.220
768.000 9.000 0.960 8.220
780.000 9.000 0.380 8.220
720.000 12.000 -27.600 9.930
732.000 12.000 -27.240 10.090
744.000 12.000 -26.800 10.400
756.000 12.000 -26.370 10.900
768.000 12.000 -25.930 11.240
780.000 12.000 -25.490 11.560
792.000 12.000 -25.050 11.880
804.000 12.000 -24.540 11.880
816.000 12.000 -24.100 11.880
828.000 12.000 -23.580 12.040
840.000 12.000 -23.060 12.040
852.000 12.000 -22.540 12.040
864.000 12.000 -22.110 12.200
876.000 12.000 -21.590 12.200
888.000 12.000 -21.070 12.200
900.000 12.000 -20.570 12.370
912.000 12.000 -20.140 12.370
924.000 12.000 -19.620 12.370
936.000 12.000 -19.120 12.530
948.000 12.000 -18.660 12.530
768.000 20.000 -10.590 9.670
780.000 20.000 -11.100 9.670
792.000 20.000 -11.660 9.850
804.000 20.000 -12.260 9.850
816.000 20.000 -12.770 9.850
828.000 20.000 -13.370 10.010
840.000 20.000 -13.930 10.010
852.000 20.000 -14.530 10.170
864.000 20.000 -15.040 10.170
876.000 20.000 -15.640 10.170
888.000 20.000 -16.200 10.320
900.000 20.000 -16.790 10.320
912.000 20.000 -17.390 10.480
924.000 20.000 -17.910 10.480
936.000 20.000 -18.470 10.480
948.000 20.000 -19.060 10.640
960.000 20.000 -19.660 10.640
972.000 20.000 -20.180 10.820
984.000 20.000 -20.770 10.820
996.000 20.000 -21.330 10.820
792.000 10.000 -0.220 8.220
804.000 10.000 -0.790 8.220
816.000 10.000 -1.310 8.220
828.000 10.000 -1.890 8.220
840.000 10.000 -2.490 8.220
852.000 10.000 -3.060 8.220
864.000 10.000 -3.580 8.220
876.000 10.000 -4.160 8.220
888.000 10.000 -4.750 8.220
900.000 10.000 -5.350 8.220
912.000 10.000 -5.910 8.220
924.000 10.000 -6.430 8.220
936.000 10.000 -7.020 8.220
948.000 10.000 -7.620 8.220
960.000 10.000 -8.200 8.220
972.000 10.000 -8.690 8.220
984.000 10.000 -9.290 8.220
996.000 10.000 -9.890 8.220
1008.000 10.000 -10.470 8.290
1020.000 10.000 -11.040 8.530
792.000 14.000 -27.820 11.400
804.000 14.000 -27.320 11.400
816.000 14.000 -26.860 11.400
828.000 14.000 -26.370 11.560
840.000 14.000 -25.930 11.560
852.000 14.000 -25.410 11.720
864.000 14.000 -24.970 11.720
876.000 14.000 -24.460 11.880
888.000 14.000 -24.020 11.880
900.000 14.000 -23.500 12.040
912.000 14.000 -22.980 12.040
924.000 14.000 -22.540 12.200
936.000 14.000 -22.030 12.200
948.000 14.000 -21.590 12.370
960.000 14.000 -21.090 12.370
972.000 14.000 -20.630 12.370
984.000 14.000 -20.140 12.530
996.000 14.000 -19.700 12.530
1008.000 14.000 -19.220 12.710
1020.000 14.000 -18.720 12.790
960.000 13.000 -18.170 12.530
972.000 13.000 -17.650 12.710
984.000 13.000 -17.130 12.710
996.000 13.000 -16.690 12.710
1008.000 13.000 -16.100 12.790
1020.000 13.000 -15.580 12.690
1032.000 13.000 -15.000 12.530
1044.000 13.000 -14.510 12.450
1056.000 13.000 -13.910 12.370
1068.000 13.000 -13.390 12.290
1080.000 13.000 -12.790 12.220
1092.000 13.000 -12.360 12.220
1104.000 13.000 -11.860 12.220
1116.000 13.000 -11.340 12.370
1128.000 13.000 -10.840 12.370
1140.000 13.000 -10.330 12.530
1152.000 13.000 -9.810 12.530
1164.000 13.000 -9.370 12.690
1176.000 13.000 -8.850 12.690
1188.000 13.000 -8.340 12.850
996.000 21.000 -6.570 24.310
1008.000 21.000 -7.100 24.310
1020.000 21.000 -7.540 24.310
1032.000 21.000 -7.900 24.310
1044.000 21.000 -8.340 24.310
1056.000 21.000 -8.770 24.310
1068.000 21.000 -9.370 24.470
1080.000 21.000 -10.030 24.470
1092.000 21.000 -10.760 24.470
1104.000 21.000 -11.420 24.470
1116.000 21.000 -12.080 24.470
1128.000 21.000 -12.790 24.470
1140.000 21.000 -13.470 24.470
1152.000 21.000 -14.190 24.470
1164.000 21.000 -14.860 24.470
1176.000 21.000 -15.580 24.630
1188.000 21.000 -16.260 24.630
1200.000 21.000 -16.910 24.630
1212.000 21.000 -17.650 24.630
1224.000 21.000 -18.290 24.630
996.000 22.000 -8.790 25.630
1008.000 22.000 -8.480 25.630
1020.000 22.000 -7.900 25.630
1032.000 22.000 -7.400 25.630
1044.000 22.000 -6.800 25.630
1056.000 22.000 -6.290 25.630
1068.000 22.000 -5.690 25.630
1080.000 22.000 -5.190 25.630
1092.000 22.000 -4.620 25.470
1104.000 22.000 -4.180 25.470
1116.000 22.000 -3.740 25.310
1128.000 22.000 -3.300 25.310
1140.000 22.000 -2.550 24.970
1152.000 22.000 -1.910 24.790
1164.000 22.000 -1.150 24.470
1176.000 22.000 -0.580 24.470
1188.000 22.000 -0.080 24.470
1200.000 22.000 0.440 24.470
1212.000 22.000 0.960 24.470
1224.000 22.000 1.470 24.470
1032.000 11.000 -11.660 8.610
1044.000 11.000 -12.300 8.850
1056.000 11.000 -12.890 9.030
1068.000 11.000 -13.510 9.270
1080.000 11.000 -14.050 9.510
1092.000 11.000 -14.640 9.670
1104.000 11.000 -15.140 9.830
1116.000 11.000 -15.660 9.990
1128.000 11.000 -16.180 10.150
1140.000 11.000 -16.690 10.340
1152.000 11.000 -17.230 10.500
1164.000 11.000 -17.750 10.660
1176.000 11.000 -18.270 10.820
1188.000 11.000 -18.860 10.980
1200.000 11.000 -19.440 10.980
1212.000 11.000 -20.100 11.140
1224.000 11.000 -20.690 11.140
1236.000 11.000 -21.270 11.300
1248.000 11.000 -21.930 11.300
1260.000 11.000 -22.530 11.300
1032.000 15.000 -18.250 12.870
1044.000 15.000 -17.790 12.870
1056.000 15.000 -17.310 12.950
1068.000 15.000 -16.830 13.030
1080.000 15.000 -16.320 13.110
1092.000 15.000 -15.880 13.110
1104.000 15.000 -15.360 13.110
1116.000 15.000 -14.840 13.110
1128.000 15.000 -14.350 13.110
1140.000 15.000 -13.850 13.110
1152.000 15.000 -13.330 13.110
1164.000 15.000 -12.890 13.110
1176.000 15.000 -12.380 13.110
1188.000 15.000 -11.860 13.110
1200.000 15.000 -11.340 13.110
1212.000 15.000 -10.820 13.110
1224.000 15.000 -10.310 13.110
1236.000 15.000 -9.790 13.110
1248.000 15.000 -9.290 13.110
1260.000 15.000 -8.790 13.110
1116.000 99.000 12.780 -2.350
1128.000 99.000 12.580 -2.030
1140.000 99.000 12.340 -1.700
1152.000 99.000 12.140 -1.360
1164.000 99.000 11.900 -0.880
1176.000 99.000 11.700 -0.560
1188.000 99.000 11.190 -0.400
1200.000 99.000 10.590 -0.400
1212.000 99.000 9.990 -0.220
1224.000 99.000 9.430 -0.220
1236.000 99.000 8.840 -0.220
1248.000 99.000 8.320 -0.040
1260.000 99.000 7.660 -0.040
1272.000 99.000 7.010 -0.220
1284.000 99.000 6.330 -0.220
1296.000 99.000 5.690 -0.400
1308.000 99.000 5.100 -0.400
1320.000 99.000 4.500 -0.400
1332.000 99.000 3.940 -0.400
1344.000 99.000 3.420 -0.400
1236.000 23.000 1.990 24.470
1248.000 23.000 2.590 24.470
1260.000 23.000 3.090 24.470
1272.000 23.000 3.580 24.470
1284.000 23.000 4.100 24.470
1296.000 23.000 4.620 24.470
1308.000 23.000 5.140 24.470
1320.000 23.000 5.650 24.470
1332.000 23.000 6.170 24.470
1344.000 23.000 6.690 24.470
1356.000 23.000 7.190 24.470
1368.000 23.000 7.680 24.470
1380.000 23.000 8.280 24.630
1392.000 23.000 8.800 24.630
1404.000 23.000 9.390 24.630
1416.000 23.000 9.910 24.630
1428.000 23.000 10.470 24.630
1440.000 23.000 11.070 24.630
1452.000 23.000 11.580 24.630
1464.000 23.000 12.180 24.630
1272.000 16.000 -8.280 13.110
1284.000 16.000 -7.760 13.110
1296.000 16.000 -7.240 13.110
1308.000 16.000 -6.720 13.110
1320.000 16.000 -6.210 13.110
1332.000 16.000 -5.690 13.110
1344.000 16.000 -5.190 13.110
1356.000 16.000 -4.690 13.110
1368.000 16.000 -4.180 13.110
1380.000 16.000 -3.660 13.110
1392.000 16.000 -3.140 13.110
1404.000 16.000 -2.630 13.110
1416.000 16.000 -2.270 13.270
1428.000 16.000 -1.910 13.450
1440.000 16.000 -1.470 13.610
1452.000 16.000 -0.870 13.270
1464.000 16.000 -0.620 13.110
1476.000 16.000 -0.080 13.110
1488.000 16.000 0.440 13.110
1500.000 16.000 0.960 13.270
1560.000 30.000 -5.290 4.530
1572.000 30.000 -5.810 4.850
1584.000 30.000 -6.330 5.170
1596.000 30.000 -6.840 5.330
1608.000 30.000 -7.360 5.650
1620.000 30.000 -7.860 6.010
1632.000 30.000 -8.380 6.320
1644.000 30.000 -8.890 6.640
1656.000 30.000 -9.330 6.640
1668.000 30.000 -9.710 6.480
1680.000 30.000 -10.070 6.320
1692.000 30.000 -10.430 6.170
1704.000 30.000 -10.780 6.010
1716.000 30.000 -11.160 5.830
1728.000 30.000 -11.540 5.650
1740.000 30.000 -11.820 5.650
1752.000 30.000 -11.820 5.650
1764.000 30.000 -11.820 5.650
1776.000 30.000 -11.820 5.650
1788.000 30.000 -11.820 5.650
1608.000 86.000 5.140 13.450
1620.000 86.000 5.570 13.270
1632.000 86.000 6.010 13.110
1644.000 86.000 6.470 12.930
1656.000 86.000 6.910 12.610
1668.000 86.000 7.340 12.450
1680.000 86.000 7.780 12.290
1692.000 86.000 8.220 12.140
1704.000 86.000 8.660 11.980
1716.000 86.000 9.020 11.640
1728.000 86.000 9.450 11.460
1740.000 86.000 9.890 11.300
1752.000 86.000 10.330 11.140
1764.000 86.000 10.770 10.980
1776.000 86.000 11.210 10.820
1788.000 86.000 11.720 10.660
1800.000 86.000 12.240 10.660
1812.000 86.000 12.680 10.500
1824.000 86.000 13.200 10.320
1836.000 86.000 13.630 10.320
1800.000 31.000 -11.870 5.640
1812.000 31.000 -11.880 5.640
1824.000 31.000 -11.890 5.640
1836.000 31.000 -11.900 5.640
1848.000 31.000 -11.910 5.640
1860.000 31.000 -11.920 5.640
1872.000 31.000 -11.930 5.640
1884.000 31.000 -11.940 5.630
1896.000 31.000 -11.950 5.630
1908.000 31.000 -11.950 5.630
1920.000 31.000 -11.960 5.630
1932.000 31.000 -11.970 5.630
1944.000 31.000 -11.980 5.630
1956.000 31.000 -11.990 5.630
1968.000 31.000 -12.000 5.630
1980.000 31.000 -12.010 5.630
1992.000 31.000 -12.020 5.620
2004.000 31.000 -12.030 5.620
2016.000 31.000 -12.040 5.620
2028.000 31.000 -12.050 5.620
1848.000 87.000 14.150 10.170
1860.000 87.000 14.590 9.990
1872.000 87.000 15.110 9.990
1884.000 87.000 15.540 9.830
1896.000 87.000 16.060 9.670
1908.000 87.000 16.500 9.670
1920.000 87.000 16.940 9.590
1932.000 87.000 17.410 9.430
1944.000 87.000 17.890 9.430
1956.000 87.000 18.370 9.350
1968.000 87.000 18.810 9.270
1980.000 87.000 19.240 9.190
1992.000 87.000 19.760 9.190
2004.000 87.000 20.320 9.190
2016.000 87.000 21.120 9.270
2028.000 87.000 21.830 9.430
2040.000 87.000 22.610 9.510
2052.000 87.000 23.090 9.590
2064.000 87.000 23.360 9.750
2076.000 87.000 23.640 9.750
2004.000 38.000 -21.610 11.820
2016.000 38.000 -21.050 11.820
2028.000 38.000 -20.540 11.620
2040.000 38.000 -19.980 11.540
2052.000 38.000 -19.480 11.460
2064.000 38.000 -18.920 11.380
2076.000 38.000 -18.330 11.300
2088.000 38.000 -17.830 11.140
2100.000 38.000 -17.270 11.060
2112.000 38.000 -16.770 10.980
2124.000 38.000 -16.220 10.900
2136.000 38.000 -15.700 10.740
2148.000 38.000 -15.140 10.740
2160.000 38.000 -14.580 10.660
2172.000 38.000 -14.070 10.660
2184.000 38.000 -13.470 10.660
2196.000 38.000 -12.910 10.580
2208.000 38.000 -12.380 10.580
2220.000 38.000 -11.820 10.500
2232.000 38.000 -11.260 10.500
2028.000 26.000 -12.080 24.310
2040.000 26.000 -11.940 24.810
2052.000 26.000 -11.780 25.130
2064.000 26.000 -11.620 25.630
2076.000 26.000 -11.500 26.130
2088.000 26.000 -11.340 26.440
2100.000 26.000 -11.180 26.940
2112.000 26.000 -11.060 27.420
2124.000 26.000 -10.900 27.760
2136.000 26.000 -10.740 28.230
2148.000 26.000 -10.620 28.730
2160.000 26.000 -10.470 29.070
2172.000 26.000 -10.390 29.230
2184.000 26.000 -10.390 29.230
2196.000 26.000 -10.390 29.230
2208.000 26.000 -10.390 29.230
2220.000 26.000 -10.390 29.230
2232.000 26.000 -10.390 29.230
2244.000 26.000 -10.390 29.230
2256.000 26.000 -10.390 29.230
2040.000 24.000 -27.420 23.660
2052.000 24.000 -26.820 23.660
2064.000 24.000 -26.190 23.660
2076.000 24.000 -25.510 23.660
2088.000 24.000 -24.930 23.820
2100.000 24.000 -24.280 23.820
2112.000 24.000 -23.680 23.820
2124.000 24.000 -23.020 23.980
2136.000 24.000 -22.450 23.980
2148.000 24.000 -21.770 23.980
2160.000 24.000 -21.130 23.980
2172.000 24.000 -20.610 24.160
2184.000 24.000 -20.100 24.310
2196.000 24.000 -19.580 24.310
2208.000 24.000 -19.060 24.490
2220.000 24.000 -18.550 24.650
2232.000 24.000 -18.050 24.810
2244.000 24.000 -17.530 24.810
2256.000 24.000 -17.010 24.970
2268.000 24.000 -16.570 25.130
2040.000 32.000 -12.060 5.620
2052.000 32.000 -12.070 5.620
2064.000 32.000 -12.080 5.620
2076.000 32.000 -12.090 5.620
2088.000 32.000 -12.100 5.620
2100.000 32.000 -12.110 5.610
2112.000 32.000 -12.120 5.610
2124.000 32.000 -12.130 5.610
2136.000 32.000 -12.140 5.610
2148.000 32.000 -12.140 5.610
2160.000 32.000 -12.150 5.610
2172.000 32.000 -12.160 5.610
2184.000 32.000 -12.170 5.610
2196.000 32.000 -12.180 5.610
2208.000 32.000 -12.190 5.610
2220.000 32.000 -12.200 5.600
2232.000 32.000 -12.210 5.600
2244.000 32.000 -12.220 5.600
2256.000 32.000 -12.230 5.600
2268.000 32.000 -12.240 5.600
2088.000 88.000 22.960 9.470
2100.000 88.000 22.970 9.460
2112.000 88.000 22.980 9.450
2124.000 88.000 22.980 9.440
2136.000 88.000 22.990 9.430
2148.000 88.000 23.000 9.420
2160.000 88.000 23.010 9.410
2172.000 88.000 23.020 9.400
2184.000 88.000 23.030 9.390
2196.000 88.000 23.040 9.380
2208.000 88.000 23.040 9.370
2220.000 88.000 23.050 9.360
2232.000 88.000 23.060 9.350
2244.000 88.000 23.070 9.340
2256.000 88.000 23.080 9.330
2268.000 88.000 23.090 9.320
2280.000 88.000 23.100 9.310
2292.000 88.000 23.100 9.300
2304.000 88.000 23.110 9.290
2316.000 88.000 23.120 9.280
2244.000 39.000 -10.700 10.500
2256.000 39.000 -10.190 10.400
2268.000 39.000 -9.590 10.400
2280.000 39.000 -9.030 10.400
2292.000 39.000 -8.500 10.240
2304.000 39.000 -7.900 10.240
2316.000 39.000 -7.320 10.090
2328.000 39.000 -6.720 10.090
2340.000 39.000 -6.210 9.910
2352.000 39.000 -5.630 9.910
2364.000 39.000 -5.050 9.750
2376.000 39.000 -4.460 9.750
2388.000 39.000 -3.940 9.590
2400.000 39.000 -3.440 9.430
2412.000 39.000 -2.920 9.270
2424.000 39.000 -2.410 9.270
2436.000 39.000 -1.890 9.110
2448.000 39.000 -1.390 8.930
2460.000 39.000 -0.870 8.770
2472.000 39.000 -0.280 8.770
2268.000 27.000 -10.390 29.230
2280.000 27.000 -10.390 29.230
2292.000 27.000 -10.390 29.230
2304.000 27.000 -10.390 29.230
2316.000 27.000 -10.390 29.230
2328.000 27.000 -10.390 29.230
2340.000 27.000 -10.390 29.230
2352.000 27.000 -10.390 29.230
2364.000 27.000 -10.390 29.230
2376.000 27.000 -10.390 29.230
2388.000 27.000 -10.390 29.230
2400.000 27.000 -10.390 29.230
2412.000 27.000 -10.390 29.230
2424.000 27.000 -10.390 29.230
2436.000 27.000 -10.390 29.230
2448.000 27.000 -10.390 29.230
2460.000 27.000 -10.390 29.230
2472.000 27.000 -10.390 29.230
2484.000 27.000 -10.390 29.230
2496.000 27.000 -10.390 29.230
2280.000 25.000 -16.080 25.290
2292.000 25.000 -15.560 25.290
2304.000 25.000 -14.820 25.290
2316.000 25.000 -14.090 25.130
2328.000 25.000 -13.290 24.970
2340.000 25.000 -12.560 24.970
2352.000 25.000 -11.740 24.810
2364.000 25.000 -11.020 24.650
2376.000 25.000 -10.290 24.490
2388.000 25.000 -9.770 24.490
2400.000 25.000 -9.190 24.490
2412.000 25.000 -8.670 24.310
2424.000 25.000 -8.160 24.310
2436.000 25.000 -7.560 24.160
2448.000 25.000 -7.060 24.160
2460.000 25.000 -6.470 24.160
2472.000 25.000 -5.810 24.160
2484.000 25.000 -5.150 24.310
2496.000 25.000 -4.420 24.490
2508.000 25.000 -3.760 24.490
2280.000 33.000 -12.220 5.510
2292.000 33.000 -12.220 5.510
2304.000 33.000 -12.260 5.510
2316.000 33.000 -12.300 5.590
2328.000 33.000 -12.300 5.510
2340.000 33.000 -12.300 5.510
2352.000 33.000 -12.340 5.510
2364.000 33.000 -12.340 5.510
2376.000 33.000 -12.340 5.510
2388.000 33.000 -12.340 5.510
2400.000 33.000 -11.980 5.590
2412.000 33.000 -11.520 5.910
2424.000 33.000 -11.080 6.070
2436.000 33.000 -10.720 6.230
2448.000 33.000 -10.290 6.400
2460.000 33.000 -9.850 6.560
2472.000 33.000 -9.330 6.720
2484.000 33.000 -8.670 6.900
2496.000 33.000 -8.000 7.220
2508.000 33.000 -7.420 7.380
2328.000 89.000 23.130 9.270
2340.000 89.000 23.140 9.260
2352.000 89.000 23.150 9.250
2364.000 89.000 23.160 9.240
2376.000 89.000 23.170 9.230
2388.000 89.000 23.170 9.220
2400.000 89.000 23.180 9.210
2412.000 89.000 23.190 9.200
2424.000 89.000 23.200 9.190
2436.000 89.000 23.210 9.180
2448.000 89.000 23.220 9.170
2460.000 89.000 23.230 9.160
2472.000 89.000 23.230 9.150
2484.000 89.000 23.240 9.140
2496.000 89.000 23.250 9.130
2508.000 89.000 23.260 9.120
2520.000 89.000 23.270 9.110
2532.000 89.000 23.280 9.100
2544.000 89.000 23.290 9.090
2556.000 89.000 23.300 9.080
2484.000 40.000 0.220 8.770
2496.000 40.000 0.820 8.770
2508.000 40.000 1.390 8.770
2520.000 40.000 1.950 8.850
2532.000 40.000 2.550 8.850
2544.000 40.000 3.090 8.930
2556.000 40.000 3.660 8.930
2568.000 40.000 4.180 9.010
2580.000 40.000 4.780 9.090
2592.000 40.000 5.330 9.090
2604.000 40.000 5.890 9.170
2616.000 40.000 6.450 9.250
2628.000 40.000 6.970 9.250
2640.000 40.000 7.480 9.250
2652.000 40.000 8.000 9.250
2664.000 40.000 8.580 9.250
2676.000 40.000 9.080 9.250
2688.000 40.000 9.590 9.250
2700.000 40.000 10.110 9.250
2712.000 40.000 10.630 9.250
2496.000 36.000 -11.500 23.640
2508.000 36.000 -11.980 22.340
2520.000 36.000 -12.180 21.370
2532.000 36.000 -12.340 20.550
2544.000 36.000 -12.540 19.580
2556.000 36.000 -12.690 18.760
2568.000 36.000 -12.930 17.770
2580.000 36.000 -13.050 16.950
2592.000 36.000 -13.290 15.980
2604.000 36.000 -13.730 15.480
2616.000 36.000 -14.250 14.980
2628.000 36.000 -14.680 14.340
2640.000 36.000 -15.120 13.850
2652.000 36.000 -15.640 13.350
2664.000 36.000 -16.080 12.690
2676.000 36.000 -16.520 12.220
2688.000 36.000 -17.030 11.720
2700.000 36.000 -17.390 11.060
2712.000 36.000 -17.670 10.240
2724.000 36.000 -17.990 9.590
2520.000 34.000 -6.840 7.460
2532.000 34.000 -6.210 7.620
2544.000 34.000 -5.630 7.640
2556.000 34.000 -5.010 7.800
2568.000 34.000 -4.280 7.800
2580.000 34.000 -3.620 7.960
2592.000 34.000 -2.940 8.120
2604.000 34.000 -2.230 8.120
2616.000 34.000 -1.570 8.270
2628.000 34.000 -0.910 8.270
2640.000 34.000 -0.320 8.120
2652.000 34.000 0.340 8.120
2664.000 34.000 1.000 7.960
2676.000 34.000 1.590 7.800
2688.000 34.000 2.170 7.640
2700.000 34.000 2.390 7.300
2712.000 34.000 2.550 6.960
2724.000 34.000 2.750 6.640
2736.000 34.000 2.990 6.320
2748.000 34.000 3.190 6.010
2568.000 90.000 23.300 9.070
2580.000 90.000 23.310 9.060
2592.000 90.000 23.320 9.050
2604.000 90.000 23.330 9.040
2616.000 90.000 23.340 9.030
2628.000 90.000 23.350 9.020
2640.000 90.000 23.360 9.010
2652.000 90.000 23.360 9.000
2664.000 90.000 23.370 8.990
2676.000 90.000 23.380 8.980
2688.000 90.000 23.390 8.970
2700.000 90.000 23.400 8.960
2712.000 90.000 23.410 8.950
2724.000 90.000 23.420 8.940
2736.000 90.000 23.430 8.930
2748.000 90.000 23.430 8.920
2760.000 90.000 23.440 8.910
2772.000 90.000 23.450 8.900
2784.000 90.000 23.460 8.890
2796.000 90.000 23.470 8.880
2724.000 41.000 11.150 9.250
2736.000 41.000 11.660 9.250
2748.000 41.000 12.180 9.250
2760.000 41.000 12.740 9.250
2772.000 41.000 13.260 9.250
2784.000 41.000 13.770 9.250
2796.000 41.000 14.290 9.250
2808.000 41.000 14.890 9.250
2820.000 41.000 15.400 9.250
2832.000 41.000 15.900 9.250
2844.000 41.000 16.480 9.250
2856.000 41.000 17.000 9.250
2868.000 41.000 17.510 9.250
2880.000 41.000 18.110 9.250
2892.000 41.000 18.630 9.250
2904.000 41.000 19.130 9.250
2916.000 41.000 19.700 9.250
2928.000 41.000 20.220 9.410
2940.000 41.000 20.740 9.410
2952.000 41.000 21.220 9.410
2736.000 37.000 -18.190 8.770
2748.000 37.000 -18.470 8.120
2760.000 37.000 -18.780 7.300
2772.000 37.000 -19.060 6.480
2784.000 37.000 -19.500 5.010
2796.000 37.000 -19.660 4.510
2808.000 37.000 -19.660 4.510
2820.000 37.000 -19.660 4.510
2832.000 37.000 -19.660 4.510
2844.000 37.000 -19.660 4.510
2856.000 37.000 -19.660 4.510
2868.000 37.000 -19.660 4.510
2880.000 37.000 -19.660 4.510
2892.000 37.000 -19.660 4.510
2904.000 37.000 -19.660 4.510
2916.000 37.000 -19.660 4.510
2928.000 37.000 -19.660 4.510
2940.000 37.000 -19.660 4.510
2952.000 37.000 -19.660 4.510
2964.000 37.000 -19.660 4.510
2760.000 35.000 3.420 5.830
2772.000 35.000 3.420 5.830
2784.000 35.000 3.420 5.830
2796.000 35.000 3.420 5.830
2808.000 35.000 3.420 5.830
2820.000 35.000 3.420 5.830
2832.000 35.000 3.420 5.830
2844.000 35.000 3.420 5.830
2856.000 35.000 3.420 5.830
2868.000 35.000 3.420 5.830
2880.000 35.000 3.420 5.830
2892.000 35.000 3.420 5.830
2904.000 35.000 3.420 5.830
2916.000 35.000 3.420 5.830
2928.000 35.000 3.420 5.830
2940.000 35.000 3.420 5.830
2952.000 35.000 3.420 5.830
2964.000 35.000 3.420 5.830
2976.000 35.000 3.420 5.830
2988.000 35.000 3.420 5.830
2772.000 42.000 14.990 29.970
2784.000 42.000 14.930 30.130
2796.000 42.000 14.930 30.440
2808.000 42.000 14.930 30.940
2820.000 42.000 14.850 31.280
2832.000 42.000 14.850 31.600
2844.000 42.000 14.850 31.920
2856.000 42.000 14.850 32.410
2868.000 42.000 14.770 32.730
2880.000 42.000 14.770 33.070
2892.000 42.000 14.770 33.390
2904.000 42.000 14.770 33.890
2916.000 42.000 14.690 34.200
2928.000 42.000 14.690 34.540
2940.000 42.000 14.690 34.860
2952.000 42.000 14.610 35.200
2964.000 42.000 14.610 35.680
2976.000 42.000 14.610 36.020
2988.000 42.000 14.610 36.330
3000.000 42.000 14.550 36.670
2808.000 91.000 23.560 9.010
2820.000 91.000 23.560 9.010
2832.000 91.000 23.560 8.930
2844.000 91.000 23.560 8.930
2856.000 91.000 23.560 8.850
2868.000 91.000 23.560 8.850
2880.000 91.000 23.560 8.770
2892.000 91.000 23.560 8.770
2904.000 91.000 23.560 8.770
2916.000 91.000 23.560 8.770
2928.000 91.000 23.480 8.610
2940.000 91.000 22.890 8.610
2952.000 91.000 22.370 8.610
2964.000 91.000 21.810 8.610
2976.000 91.000 21.220 8.610
2988.000 91.000 20.700 8.610
3000.000 91.000 20.180 8.430
3012.000 91.000 19.660 8.430
3024.000 91.000 19.150 8.430
3036.000 91.000 18.710 8.430
3048.000 92.000 18.210 8.430
3060.000 92.000 17.730 8.530
3072.000 92.000 17.270 8.530
3084.000 92.000 16.760 8.530
3096.000 92.000 16.320 8.530
3108.000 92.000 15.800 8.610
3120.000 92.000 15.320 8.610
3132.000 92.000 14.850 8.610
3144.000 92.000 14.370 8.610
3156.000 92.000 13.850 8.690
3168.000 92.000 13.370 8.690
3180.000 92.000 12.900 8.690
3192.000 92.000 12.420 8.690
3204.000 92.000 11.940 8.770
3216.000 92.000 11.420 8.770
3228.000 92.000 10.990 8.770
3240.000 92.000 10.470 8.770
3252.000 92.000 9.970 8.690
3264.000 92.000 9.470 8.690
3276.000 92.000 8.960 8.690
3108.000 96.000 23.050 9.350
3120.000 96.000 22.530 9.350
3132.000 96.000 21.930 9.350
3144.000 96.000 21.410 9.350
3156.000 96.000 20.860 9.350
3168.000 96.000 20.340 9.350
3180.000 96.000 19.820 9.350
3192.000 96.000 19.230 9.350
3204.000 96.000 18.710 9.350
3216.000 96.000 18.150 9.350
3228.000 96.000 17.630 9.350
3240.000 96.000 17.120 9.350
3252.000 96.000 16.520 9.350
3264.000 96.000 16.000 9.350
3276.000 96.000 15.480 9.350
3288.000 96.000 14.930 9.350
3300.000 96.000 14.410 9.350
3312.000 96.000 13.810 9.170
3324.000 96.000 13.290 9.170
3336.000 96.000 12.780 9.010
3168.000 100.000 -27.280 10.980
3180.000 100.000 -26.840 10.980
3192.000 100.000 -26.330 10.980
3204.000 100.000 -25.810 10.980
3216.000 100.000 -25.370 11.140
3228.000 100.000 -24.850 11.140
3240.000 100.000 -24.340 11.140
3252.000 100.000 -23.820 11.300
3264.000 100.000 -23.320 11.300
3276.000 100.000 -22.800 11.300
3288.000 100.000 -22.310 11.300
3300.000 100.000 -21.850 11.480
3312.000 100.000 -21.350 11.480
3324.000 100.000 -20.830 11.480
3336.000 100.000 -20.320 11.640
3348.000 100.000 -19.800 11.640
3360.000 100.000 -19.280 11.640
3372.000 100.000 -18.780 11.800
3384.000 100.000 -18.330 11.800
3396.000 100.000 -17.830 11.800
3288.000 93.000 8.440 8.690
3300.000 93.000 7.840 8.530
3312.000 93.000 7.320 8.530
3324.000 93.000 6.810 8.530
3336.000 93.000 6.250 8.370
3348.000 93.000 5.730 8.370
3360.000 93.000 5.220 8.370
3372.000 93.000 4.700 8.370
3384.000 93.000 4.100 8.220
3396.000 93.000 3.580 8.220
3408.000 93.000 3.090 8.220
3420.000 93.000 2.590 8.040
3432.000 93.000 1.990 8.040
3444.000 93.000 1.470 8.040
3456.000 93.000 0.960 8.040
3468.000 93.000 0.520 8.040
3480.000 93.000 0.080 8.220
3492.000 93.000 -0.360 8.220
3504.000 93.000 -0.790 8.370
3516.000 93.000 -1.230 8.370
3348.000 97.000 12.220 9.010
3360.000 97.000 11.700 9.010
3372.000 97.000 11.190 8.850
3384.000 97.000 10.590 8.850
3396.000 97.000 10.070 8.690
3408.000 97.000 9.550 8.690
3420.000 97.000 9.000 8.530
3432.000 97.000 8.480 8.530
3444.000 97.000 7.960 8.530
3456.000 97.000 7.360 8.370
3468.000 97.000 6.850 8.370
3480.000 97.000 6.330 8.200
3492.000 97.000 5.770 8.200
3504.000 97.000 5.260 8.200
3516.000 97.000 4.700 8.200
3528.000 97.000 4.140 8.200
3540.000 97.000 3.580 8.200
3552.000 97.000 3.070 8.200
3564.000 97.000 2.510 8.200
3576.000 97.000 1.950 8.200
3408.000 101.000 -17.310 11.800
3420.000 101.000 -16.790 11.960
3432.000 101.000 -16.300 11.960
3444.000 101.000 -15.780 11.960
3456.000 101.000 -15.260 11.960
3468.000 101.000 -14.740 11.960
3480.000 101.000 -14.230 11.960
3492.000 101.000 -13.730 11.960
3504.000 101.000 -13.210 11.960
3516.000 101.000 -12.690 11.960
3528.000 101.000 -12.160 12.040
3540.000 101.000 -11.640 12.040
3552.000 101.000 -11.080 12.120
3564.000 101.000 -10.590 12.200
3576.000 101.000 -10.070 12.200
3588.000 101.000 -9.510 12.270
3600.000 101.000 -8.990 12.270
3612.000 101.000 -8.480 12.350
3624.000 101.000 -7.920 12.450
3636.000 101.000 -7.440 12.450
3528.000 94.000 -1.710 8.530
3540.000 94.000 -2.190 8.610
3552.000 94.000 -2.660 8.770
3564.000 94.000 -3.100 8.770
3576.000 94.000 -3.620 8.850
3588.000 94.000 -4.060 9.010
3600.000 94.000 -4.580 9.090
3612.000 94.000 -5.010 9.170
3624.000 94.000 -5.490 9.250
3636.000 94.000 -5.970 9.430
3648.000 94.000 -6.450 9.510
3660.000 94.000 -6.880 9.590
3672.000 94.000 -7.400 9.670
3684.000 94.000 -7.840 9.850
3696.000 94.000 -8.320 9.850
3708.000 94.000 -8.810 10.010
3720.000 94.000 -9.250 10.090
3732.000 94.000 -9.770 10.240
3744.000 94.000 -10.210 10.240
3756.000 94.000 -10.720 10.240
3588.000 98.000 1.390 8.200
3600.000 98.000 0.860 8.290
3612.000 98.000 0.260 8.290
3624.000 98.000 -0.240 8.290
3636.000 98.000 -0.790 8.290
3648.000 98.000 -1.350 8.370
3660.000 98.000 -1.890 8.370
3672.000 98.000 -2.490 8.370
3684.000 98.000 -3.000 8.370
3696.000 98.000 -3.540 8.450
3708.000 98.000 -4.100 8.450
3720.000 98.000 -4.630 8.450
3732.000 98.000 -5.230 8.450
3744.000 98.000 -5.750 8.450
3756.000 98.000 -6.330 8.450
3768.000 98.000 -6.860 8.450
3780.000 98.000 -7.380 8.450
3792.000 98.000 -7.980 8.450
3804.000 98.000 -8.420 8.450
3816.000 98.000 -8.930 8.450
3624.000 64.000 22.690 8.200
3636.000 64.000 22.170 8.200
3648.000 64.000 21.650 8.200
3660.000 64.000 21.220 8.200
3672.000 64.000 20.700 8.200
3684.000 64.000 20.180 8.200
3696.000 64.000 19.740 8.200
3708.000 64.000 19.230 8.200
3720.000 64.000 18.710 8.200
3732.000 64.000 18.210 8.040
3744.000 64.000 17.750 8.040
3756.000 64.000 17.270 8.040
3768.000 64.000 16.760 8.040
3780.000 64.000 16.240 8.040
3792.000 64.000 15.800 8.040
3804.000 64.000 15.280 8.040
3816.000 64.000 14.770 8.040
3828.000 64.000 14.250 7.880
3840.000 64.000 13.730 7.880
3852.000 64.000 13.220 7.880
3648.000 102.000 -6.840 12.530
3660.000 102.000 -6.330 12.530
3672.000 102.000 -5.810 12.530
3684.000 102.000 -5.290 12.710
3696.000 102.000 -4.710 12.710
3708.000 102.000 -4.220 12.870
3720.000 102.000 -3.700 12.870
3732.000 102.000 -3.100 12.870
3744.000 102.000 -2.590 13.030
3756.000 102.000 -2.070 13.030
3768.000 102.000 -1.550 13.030
3780.000 102.000 -0.990 13.190
3792.000 102.000 -0.480 13.190
3804.000 102.000 0.040 13.190
3816.000 102.000 0.560 13.190
3828.000 102.000 1.080 13.190
3840.000 102.000 1.590 13.190
3852.000 102.000 2.110 13.190
3864.000 102.000 2.630 13.190
3876.000 102.000 3.190 13.350
3768.000 95.000 -11.160 10.240
3780.000 95.000 -11.680 10.240
3792.000 95.000 -12.180 10.240
3804.000 95.000 -12.610 10.240
3816.000 95.000 -13.130 10.240
3828.000 95.000 -13.570 10.240
3840.000 95.000 -14.090 10.400
3852.000 95.000 -14.600 10.400
3864.000 95.000 -15.040 10.400
3876.000 95.000 -15.560 10.400
3888.000 95.000 -16.000 10.400
3900.000 95.000 -16.520 10.400
3912.000 95.000 -17.010 10.400
3924.000 95.000 -17.470 10.400
3936.000 95.000 -17.970 10.400
3948.000 95.000 -18.410 10.400
3960.000 95.000 -18.920 10.560
3972.000 95.000 -19.360 10.560
3984.000 95.000 -19.800 10.560
3996.000 95.000 -20.240 10.560
3864.000 65.000 12.700 7.880
3876.000 65.000 12.220 7.880
3888.000 65.000 11.620 7.700
3900.000 65.000 11.110 7.700
3912.000 65.000 10.590 7.700
3924.000 65.000 10.070 7.700
3936.000 65.000 9.550 7.700
3948.000 65.000 9.040 7.540
3960.000 65.000 8.480 7.540
3972.000 65.000 7.960 7.540
3984.000 65.000 7.440 7.540
3996.000 65.000 6.930 7.540
4008.000 65.000 6.490 7.460
4020.000 65.000 6.050 7.460
4032.000 65.000 5.610 7.380
4044.000 65.000 5.180 7.220
4056.000 65.000 4.740 6.880
4068.000 65.000 4.220 6.880
4080.000 65.000 3.620 6.880
4092.000 65.000 2.990 7.060
3888.000 103.000 3.620 13.190
3900.000 103.000 4.060 13.030
3912.000 103.000 4.580 12.870
3924.000 103.000 5.020 12.710
3936.000 103.000 5.530 12.530
3948.000 103.000 5.970 12.370
3960.000 103.000 6.490 12.200
3972.000 103.000 7.010 12.040
3984.000 103.000 7.520 12.040
3996.000 103.000 8.040 12.040
4008.000 103.000 8.560 11.880
4020.000 103.000 9.000 11.720
4032.000 103.000 9.470 11.640
4044.000 103.000 9.950 11.400
4056.000 103.000 10.410 11.240
4068.000 103.000 10.850 11.080
4080.000 103.000 11.420 10.880
4092.000 103.000 11.940 10.720
4104.000 103.000 12.460 10.560
4116.000 103.000 12.980 10.560
4104.000 66.000 2.390 7.060
4116.000 66.000 1.790 7.060
4128.000 66.000 1.510 6.880
4140.000 66.000 0.840 6.400
4152.000 66.000 0.040 5.590
4164.000 66.000 -0.240 6.250
4176.000 66.000 -0.560 7.060
4188.000 66.000 -1.050 7.380
4200.000 66.000 -1.550 7.720
4212.000 66.000 -2.070 7.880
4224.000 66.000 -2.510 7.720
4236.000 66.000 -2.940 7.720
4248.000 66.000 -3.460 8.040
4260.000 66.000 -3.980 8.200
4272.000 66.000 -4.420 8.350
4284.000 66.000 -4.930 8.690
4296.000 66.000 -5.370 8.850
4308.000 66.000 -5.810 9.010
4320.000 66.000 -6.250 9.190
4332.000 66.000 -6.840 9.350
4116.000 69.000 23.210 8.290
4128.000 69.000 22.530 7.960
4140.000 69.000 21.870 7.780
4152.000 69.000 21.220 7.780
4164.000 69.000 20.420 7.620
4176.000 69.000 19.540 7.460
4188.000 69.000 18.950 7.300
4200.000 69.000 18.350 7.140
4212.000 69.000 17.750 6.980
4224.000 69.000 16.840 6.980
4236.000 69.000 16.000 7.140
4248.000 69.000 15.480 7.300
4260.000 69.000 14.930 7.300
4272.000 69.000 14.170 7.460
4284.000 69.000 13.450 7.460
4296.000 69.000 12.660 7.460
4308.000 69.000 11.820 7.460
4320.000 69.000 11.030 7.460
4332.000 69.000 10.310 7.620
4344.000 69.000 9.630 7.780
4128.000 104.000 13.330 10.560
4140.000 104.000 13.770 10.240
4152.000 104.000 14.370 9.930
4164.000 104.000 14.810 9.930
4176.000 104.000 15.250 9.930
4188.000 104.000 15.840 9.770
4200.000 104.000 16.360 9.410
4212.000 104.000 16.860 9.250
4224.000 104.000 17.350 9.090
4236.000 104.000 17.730 9.090
4248.000 104.000 17.670 9.410
4260.000 104.000 17.590 9.770
4272.000 104.000 19.190 8.770
4284.000 104.000 19.700 8.770
4296.000 104.000 20.220 8.770
4308.000 104.000 20.740 8.770
4320.000 104.000 21.330 8.770
4332.000 104.000 21.690 8.610
4344.000 104.000 22.130 8.610
4356.000 104.000 22.730 8.770
4344.000 67.000 -7.440 9.670
4356.000 67.000 -8.000 9.670
4368.000 67.000 -8.520 9.670
4380.000 67.000 -9.110 9.830
4392.000 67.000 -9.630 9.830
4404.000 67.000 -10.230 10.010
4416.000 67.000 -10.700 10.170
4428.000 67.000 -11.300 10.320
4440.000 67.000 -11.820 10.480
4452.000 67.000 -12.420 10.480
4464.000 67.000 -12.930 10.660
4476.000 67.000 -13.490 10.820
4488.000 67.000 -14.010 10.980
4500.000 67.000 -14.530 11.140
4512.000 67.000 -15.000 11.640
4524.000 67.000 -15.480 11.900
4536.000 67.000 -16.000 11.900
4548.000 67.000 -16.500 11.900
4560.000 67.000 -17.010 11.900
4572.000 67.000 -17.530 11.900
4356.000 70.000 9.000 7.620
4368.000 70.000 8.320 7.460
4380.000 70.000 7.600 7.460
4392.000 70.000 6.850 7.460
4404.000 70.000 6.050 7.460
4416.000 70.000 5.330 7.460
4428.000 70.000 4.580 7.460
4440.000 70.000 3.860 7.460
4452.000 70.000 3.070 7.620
4464.000 70.000 2.310 7.620
4476.000 70.000 1.590 7.620
4488.000 70.000 0.840 7.620
4500.000 70.000 0.120 7.780
4512.000 70.000 -0.600 7.860
4524.000 70.000 -1.310 8.040
4536.000 70.000 -1.970 8.220
4548.000 70.000 -2.660 8.370
4560.000 70.000 -3.360 8.450
4572.000 70.000 -4.060 8.610
4584.000 70.000 -4.750 8.770
4440.000 105.000 23.150 7.880
4452.000 105.000 22.570 7.700
4464.000 105.000 22.050 7.700
4476.000 105.000 21.530 7.540
4488.000 105.000 20.960 7.380
4500.000 105.000 20.440 7.220
4512.000 105.000 19.780 7.380
4524.000 105.000 19.170 7.640
4536.000 105.000 18.570 7.640
4548.000 105.000 17.990 7.640
4560.000 105.000 17.470 7.640
4572.000 105.000 16.900 7.640
4584.000 105.000 16.300 7.640
4596.000 105.000 15.720 7.640
4608.000 105.000 15.150 7.640
4620.000 105.000 14.630 7.640
4632.000 105.000 14.030 7.640
4644.000 105.000 13.450 7.640
4656.000 105.000 12.860 7.640
4668.000 105.000 12.360 7.640
4584.000 68.000 -18.050 11.900
4596.000 68.000 -18.490 11.900
4608.000 68.000 -19.000 11.900
4620.000 68.000 -19.520 11.900
4632.000 68.000 -20.020 11.900
4644.000 68.000 -20.540 11.900
4656.000 68.000 -21.050 11.900
4668.000 68.000 -21.550 11.720
4680.000 68.000 -21.990 11.720
4692.000 68.000 -22.490 11.720
4704.000 68.000 -22.960 11.620
4716.000 68.000 -23.400 11.620
4728.000 68.000 -23.880 11.540
4740.000 68.000 -24.320 11.540
4752.000 68.000 -24.790 11.460
4764.000 68.000 -25.230 11.460
4776.000 68.000 -25.710 11.380
4788.000 68.000 -26.190 11.300
4800.000 68.000 -26.620 11.300
4812.000 68.000 -27.080 11.300
4596.000 71.000 -5.410 9.010
4608.000 71.000 -6.150 9.090
4620.000 71.000 -6.800 9.250
4632.000 71.000 -7.500 9.430
4644.000 71.000 -8.200 9.590
4656.000 71.000 -8.850 9.670
4668.000 71.000 -9.590 9.850
4680.000 71.000 -10.330 9.850
4692.000 71.000 -11.040 9.850
4704.000 71.000 -11.720 10.010
4716.000 71.000 -12.440 10.010
4728.000 71.000 -13.170 10.170
4740.000 71.000 -13.910 10.170
4752.000 71.000 -14.620 10.170
4764.000 71.000 -15.380 10.320
4776.000 71.000 -16.020 10.320
4788.000 71.000 -16.770 10.320
4800.000 71.000 -17.490 10.480
4812.000 71.000 -18.230 10.480
4824.000 71.000 -18.960 10.480
4680.000 106.000 11.840 7.640
4692.000 106.000 11.250 7.640
4704.000 106.000 10.730 7.640
4716.000 106.000 10.230 7.640
4728.000 106.000 9.710 7.640
4740.000 106.000 9.200 7.640
4752.000 106.000 8.620 7.640
4764.000 106.000 8.100 7.640
4776.000 106.000 7.580 7.640
4788.000 106.000 7.150 7.460
4800.000 106.000 6.630 7.300
4812.000 106.000 6.130 7.300
4824.000 106.000 5.240 7.460
4836.000 106.000 4.600 7.640
4848.000 106.000 4.140 7.640
4860.000 106.000 3.700 7.640
4872.000 106.000 3.270 7.640
4884.000 106.000 2.830 7.640
4896.000 106.000 2.310 7.460
4908.000 106.000 1.730 7.460
4920.000 107.000 1.140 7.460
4932.000 107.000 0.560 7.460
4944.000 107.000 -0.020 7.460
4956.000 107.000 -0.620 7.460
4968.000 107.000 -1.190 7.460
4980.000 107.000 -1.790 7.460
4992.000 107.000 -2.370 7.460
5004.000 107.000 -2.880 7.460
5016.000 107.000 -3.320 7.640
5028.000 107.000 -3.840 7.880
5040.000 107.000 -4.280 8.120
5052.000 107.000 -4.790 8.270
5064.000 107.000 -5.270 8.510
5076.000 107.000 -5.750 8.690
5088.000 107.000 -6.210 8.850
5100.000 107.000 -6.640 9.190
5112.000 107.000 -7.240 9.190
5124.000 107.000 -7.820 9.190
5136.000 107.000 -8.420 9.350
5148.000 107.000 -8.930 9.350
5160.000 108.000 -9.510 9.510
5172.000 108.000 -10.110 9.510
5184.000 108.000 -10.600 9.670
5196.000 108.000 -11.200 9.670
5208.000 108.000 -11.780 9.830
5220.000 108.000 -12.380 9.830
5232.000 108.000 -12.950 9.990
5244.000 108.000 -13.530 9.990
5256.000 108.000 -14.130 10.170
5268.000 108.000 -14.700 10.320
5280.000 108.000 -15.300 10.320
5292.000 108.000 -15.880 10.500
5304.000 108.000 -16.480 10.500
5316.000 108.000 -17.050 10.500
5328.000 108.000 -17.710 10.500
5340.000 108.000 -18.310 10.500
5352.000 108.000 -18.880 10.500
5364.000 108.000 -19.480 10.500
5376.000 108.000 -20.140 10.500
5388.000 108.000 -20.650 10.500
6012.000 112.000 -27.460 25.230
6024.000 112.000 -26.720 25.230
6036.000 112.000 -25.990 25.230
6048.000 112.000 -25.250 25.230
6060.000 112.000 -24.540 25.230
6072.000 112.000 -23.800 25.070
6084.000 112.000 -23.060 25.070
6096.000 112.000 -22.330 25.070
6108.000 112.000 -21.590 25.070
6120.000 112.000 -20.870 25.070
6132.000 112.000 -20.200 25.070
6144.000 112.000 -19.480 25.070
6156.000 112.000 -18.740 25.070
6168.000 112.000 -18.010 25.070
6180.000 112.000 -17.270 25.070
6192.000 112.000 -16.540 25.070
6204.000 112.000 -15.820 25.070
6216.000 112.000 -15.080 25.070
6228.000 112.000 -14.350 25.070
6240.000 112.000 -13.610 25.070
6252.000 113.000 -12.870 25.070
6264.000 113.000 -12.160 25.070
6276.000 113.000 -11.420 25.070
6288.000 113.000 -10.680 25.070
6300.000 113.000 -9.950 25.070
6312.000 113.000 -9.210 25.070
6324.000 113.000 -8.500 25.070
6336.000 113.000 -7.900 25.070
6348.000 113.000 -7.320 25.070
6360.000 113.000 -6.800 25.070
6372.000 113.000 -6.290 25.070
6384.000 113.000 -5.710 25.070
6396.000 113.000 -5.190 25.070
6408.000 113.000 -4.600 25.070
6420.000 113.000 -4.100 24.870
6432.000 113.000 -3.500 24.870
6444.000 113.000 -3.000 24.870
6456.000 113.000 -2.490 24.870
6468.000 113.000 -1.890 24.870
6480.000 113.000 -1.370 24.870
6288.000 55.000 -12.630 5.650
6300.000 55.000 -12.400 5.830
6312.000 55.000 -12.200 6.010
6324.000 55.000 -11.900 6.320
6336.000 55.000 -11.600 6.640
6348.000 55.000 -11.380 6.800
6360.000 55.000 -11.080 7.120
6372.000 55.000 -10.800 7.300
6384.000 55.000 -10.510 7.640
6396.000 55.000 -10.290 7.960
6408.000 55.000 -9.990 8.120
6420.000 55.000 -9.690 8.430
6432.000 55.000 -9.470 8.590
6444.000 55.000 -9.170 8.950
6456.000 55.000 -8.890 9.270
6468.000 55.000 -8.600 9.430
6480.000 55.000 -8.380 9.750
6492.000 55.000 -8.080 9.910
6504.000 55.000 -7.780 10.240
6516.000 55.000 -7.420 10.500
6528.000 56.000 -7.020 10.740
6540.000 56.000 -6.640 10.980
6552.000 56.000 -6.290 11.140
6564.000 56.000 -5.930 11.460
6576.000 56.000 -5.550 11.640
6588.000 56.000 -5.190 11.880
6600.000 56.000 -4.770 12.140
6612.000 56.000 -4.420 12.370
6624.000 56.000 -4.060 12.530
6636.000 56.000 -3.700 12.850
6648.000 56.000 -3.320 13.030
6660.000 56.000 -2.900 13.350
6672.000 56.000 -2.630 13.030
6684.000 56.000 -2.350 12.850
6696.000 56.000 -2.030 12.690
6708.000 56.000 -1.750 12.530
6720.000 56.000 -1.470 12.370
6732.000 56.000 -1.150 12.060
6744.000 56.000 -1.150 11.880
6756.000 56.000 -1.150 11.720
6768.000 57.000 -1.150 11.560
6780.000 57.000 -1.070 11.380
6792.000 57.000 -1.070 11.220
6804.000 57.000 -1.070 11.060
6816.000 57.000 -1.070 10.900
6828.000 57.000 -1.030 10.580
6840.000 57.000 -1.030 10.400
6852.000 57.000 -1.030 10.240
6864.000 57.000 -1.030 10.090
6876.000 57.000 -1.070 9.910
6888.000 57.000 -1.230 9.750
6900.000 57.000 -1.470 9.430
6912.000 57.000 -1.670 9.270
6924.000 57.000 -1.830 9.110
6936.000 57.000 -2.030 8.770
6948.000 57.000 -2.190 8.610
6960.000 57.000 -2.410 8.430
6972.000 57.000 -2.630 8.120
6984.000 57.000 -2.780 7.960
6996.000 57.000 -3.140 7.960
7008.000 58.000 -3.580 7.720
7020.000 58.000 -3.940 7.620
7032.000 58.000 -4.300 7.460
7044.000 58.000 -4.670 7.380
7056.000 58.000 -5.070 7.140
7068.000 58.000 -5.450 6.980
7080.000 58.000 -5.830 6.900
7092.000 58.000 -6.270 6.640
7104.000 58.000 -6.700 6.480
7116.000 58.000 -7.140 6.150
7128.000 58.000 -7.500 6.150
7140.000 58.000 -7.940 6.150
7152.000 58.000 -8.160 6.150
7164.000 58.000 -8.380 6.150
7176.000 58.000 -8.610 6.150
7188.000 58.000 -8.810 6.150
7200.000 58.000 -8.970 5.990
7212.000 58.000 -9.050 5.990
7224.000 58.000 -9.090 5.990
7236.000 58.000 -9.250 5.990
7116.000 43.000 23.090 8.350
7128.000 43.000 22.430 8.200
7140.000 43.000 21.750 8.040
7152.000 43.000 21.100 8.040
7164.000 43.000 20.440 8.040
7176.000 43.000 19.780 8.040
7188.000 43.000 19.050 8.040
7200.000 43.000 18.390 8.040
7212.000 43.000 17.730 8.040
7224.000 43.000 17.080 8.040
7236.000 43.000 16.420 8.040
7248.000 43.000 15.760 8.040
7260.000 43.000 15.110 8.040
7272.000 43.000 14.370 8.040
7284.000 43.000 13.710 8.040
7296.000 43.000 13.040 8.040
7308.000 43.000 12.460 8.040
7320.000 43.000 11.800 8.040
7332.000 43.000 11.150 8.040
7344.000 43.000 10.490 8.040
7212.000 47.000 22.930 16.950
7224.000 47.000 22.350 16.950
7236.000 47.000 21.750 16.790
7248.000 47.000 21.250 16.790
7260.000 47.000 20.660 16.790
7272.000 47.000 20.160 16.790
7284.000 47.000 19.560 16.790
7296.000 47.000 19.050 16.790
7308.000 47.000 18.610 16.790
7320.000 47.000 18.250 16.790
7332.000 47.000 17.870 16.790
7344.000 47.000 17.590 16.790
7356.000 47.000 17.290 16.950
7368.000 47.000 17.160 17.110
7380.000 47.000 17.080 17.110
7392.000 47.000 16.940 17.270
7404.000 47.000 16.940 17.450
7416.000 47.000 16.940 17.450
7428.000 47.000 16.940 17.450
7440.000 47.000 16.940 17.450
7248.000 59.000 -9.330 5.990
7260.000 59.000 -9.410 5.990
7272.000 59.000 -9.690 5.830
7284.000 59.000 -10.050 5.830
7296.000 59.000 -10.370 5.830
7308.000 59.000 -10.720 5.830
7320.000 59.000 -11.080 5.830
7332.000 59.000 -11.360 5.830
7344.000 59.000 -11.680 5.830
7356.000 59.000 -11.960 5.830
7368.000 59.000 -12.280 5.830
7380.000 59.000 -12.560 5.670
7392.000 59.000 -12.910 5.670
7404.000 59.000 -13.190 5.510
7416.000 59.000 -13.510 5.510
7428.000 59.000 -13.870 5.670
7440.000 59.000 -14.230 5.670
7452.000 59.000 -14.580 5.830
7464.000 59.000 -14.980 5.990
7476.000 59.000 -15.420 5.990
7272.000 72.000 12.140 19.660
7284.000 72.000 11.460 19.160
7296.000 72.000 10.890 18.840
7308.000 72.000 10.230 18.340
7320.000 72.000 9.630 18.030
7332.000 72.000 9.060 17.690
7344.000 72.000 8.400 17.190
7356.000 72.000 7.880 16.710
7368.000 72.000 7.360 16.370
7380.000 72.000 6.850 15.900
7392.000 72.000 6.350 15.400
7404.000 72.000 5.750 15.080
7416.000 72.000 5.100 14.900
7428.000 72.000 4.380 14.740
7440.000 72.000 3.700 14.580
7452.000 72.000 2.990 14.420
7464.000 72.000 2.310 14.240
7476.000 72.000 1.590 14.090
7488.000 72.000 0.920 13.930
7500.000 72.000 0.260 13.770
7344.000 52.000 14.150 23.660
7356.000 52.000 13.630 23.500
7368.000 52.000 13.060 23.500
7380.000 52.000 12.160 23.500
7392.000 52.000 11.360 23.660
7404.000 52.000 10.550 23.660
7416.000 52.000 9.890 23.500
7428.000 52.000 9.160 23.340
7440.000 52.000 8.440 23.180
7452.000 52.000 7.760 22.840
7464.000 52.000 7.190 22.520
7476.000 52.000 6.530 22.340
7488.000 52.000 6.010 22.030
7500.000 52.000 5.570 21.870
7512.000 52.000 4.960 21.370
7524.000 52.000 4.380 21.050
7536.000 52.000 3.780 20.630
7548.000 52.000 3.190 20.230
7560.000 52.000 2.570 19.900
7572.000 52.000 2.030 19.480
7356.000 44.000 9.830 8.040
7368.000 44.000 9.100 7.880
7380.000 44.000 8.360 7.880
7392.000 44.000 7.620 7.720
7404.000 44.000 6.890 7.720
7416.000 44.000 6.090 7.880
7428.000 44.000 5.350 8.350
7440.000 44.000 4.780 8.200
7452.000 44.000 4.180 8.040
7464.000 44.000 3.520 7.720
7476.000 44.000 2.870 7.540
7488.000 44.000 2.050 7.540
7500.000 44.000 1.340 7.540
7512.000 44.000 0.660 7.620
7524.000 44.000 0.000 7.700
7536.000 44.000 -0.650 7.780
7548.000 44.000 -1.230 7.860
7560.000 44.000 -1.970 7.860
7572.000 44.000 -2.700 8.040
7584.000 44.000 -3.400 8.220
7452.000 48.000 16.940 17.450
7464.000 48.000 16.940 17.450
7476.000 48.000 16.940 17.450
7488.000 48.000 16.940 17.450
7500.000 48.000 16.940 17.450
7512.000 48.000 16.940 17.350
7524.000 48.000 16.980 17.350
7536.000 48.000 17.040 17.350
7548.000 48.000 17.080 17.350
7560.000 48.000 17.100 17.430
7572.000 48.000 17.180 17.430
7584.000 48.000 17.220 17.350
7596.000 48.000 17.220 17.350
7608.000 48.000 17.290 17.430
7620.000 48.000 17.330 17.430
7632.000 48.000 17.370 17.430
7644.000 48.000 17.430 17.430
7656.000 48.000 17.470 17.530
7668.000 48.000 17.510 17.450
7680.000 48.000 17.550 17.450
7488.000 60.000 -15.860 6.150
7500.000 60.000 -16.300 6.320
7512.000 60.000 -16.770 6.230
7524.000 60.000 -17.170 6.150
7536.000 60.000 -17.610 6.150
7548.000 60.000 -18.010 6.070
7560.000 60.000 -18.450 5.990
7572.000 60.000 -18.860 5.990
7584.000 60.000 -19.280 5.910
7596.000 60.000 -19.720 5.990
7608.000 60.000 -20.100 5.990
7620.000 60.000 -20.540 5.830
7632.000 60.000 -20.750 5.670
7644.000 60.000 -20.970 5.670
7656.000 60.000 -21.270 5.670
7668.000 60.000 -21.550 5.670
7680.000 60.000 -21.850 5.670
7692.000 60.000 -22.230 5.830
7704.000 60.000 -22.510 5.830
7716.000 60.000 -22.800 5.830
7500.000 28.000 2.770 21.770
7512.000 28.000 2.170 21.130
7524.000 28.000 1.570 20.630
7536.000 28.000 1.080 19.980
7548.000 28.000 0.480 19.500
7560.000 28.000 -0.100 18.820
7572.000 28.000 -0.620 18.340
7584.000 28.000 -1.210 17.870
7596.000 28.000 -1.790 17.190
7608.000 28.000 -2.290 16.710
7620.000 28.000 -2.880 16.060
7632.000 28.000 -3.480 15.720
7644.000 28.000 -4.060 15.240
7656.000 28.000 -4.560 14.920
7668.000 28.000 -5.150 14.400
7680.000 28.000 -5.750 13.930
7692.000 28.000 -6.330 13.610
7704.000 28.000 -6.980 13.450
7716.000 28.000 -7.640 13.270
7728.000 28.000 -8.300 13.110
7512.000 73.000 -0.580 13.430
7524.000 73.000 -1.350 13.190
7536.000 73.000 -2.130 12.850
7548.000 73.000 -2.760 12.770
7560.000 73.000 -3.200 12.770
7572.000 73.000 -3.800 12.770
7584.000 73.000 -4.400 12.610
7596.000 73.000 -5.190 12.290
7608.000 73.000 -5.790 12.140
7620.000 73.000 -6.350 12.140
7632.000 73.000 -7.100 11.640
7644.000 73.000 -7.740 11.640
7656.000 73.000 -8.500 11.640
7668.000 73.000 -9.130 11.460
7680.000 73.000 -9.810 11.460
7692.000 73.000 -10.470 11.300
7704.000 73.000 -11.200 11.300
7716.000 73.000 -11.860 11.300
7728.000 73.000 -12.600 11.300
7740.000 73.000 -13.310 11.300
7584.000 53.000 1.390 19.080
7596.000 53.000 0.820 18.680
7608.000 53.000 0.220 18.340
7620.000 53.000 -0.360 17.930
7632.000 53.000 -0.970 17.530
7644.000 53.000 -1.530 17.210
7656.000 53.000 -2.150 16.710
7668.000 53.000 -2.720 16.370
7680.000 53.000 -3.280 16.060
7692.000 53.000 -3.940 15.740
7704.000 53.000 -4.600 15.400
7716.000 53.000 -5.190 15.060
7728.000 53.000 -5.850 14.900
7740.000 53.000 -6.510 14.580
7752.000 53.000 -7.100 14.260
7764.000 53.000 -7.760 13.930
7776.000 53.000 -8.420 13.770
7788.000 53.000 -9.150 13.590
7800.000 53.000 -9.810 13.590
7812.000 53.000 -10.550 13.430
7596.000 45.000 -4.060 8.370
7608.000 45.000 -4.750 8.450
7620.000 45.000 -5.410 8.530
7632.000 45.000 -6.070 8.690
7644.000 45.000 -6.740 8.770
7656.000 45.000 -7.420 8.850
7668.000 45.000 -8.080 8.930
7680.000 45.000 -8.770 9.090
7692.000 45.000 -9.430 9.250
7704.000 45.000 -10.110 9.250
7716.000 45.000 -10.820 9.410
7728.000 45.000 -11.560 9.610
7740.000 45.000 -12.300 9.610
7752.000 45.000 -13.010 9.770
7764.000 45.000 -13.770 9.930
7776.000 45.000 -14.490 9.930
7788.000 45.000 -15.220 10.090
7800.000 45.000 -15.960 10.240
7812.000 45.000 -16.670 10.240
7824.000 45.000 -17.430 10.400
7596.000 77.000 -27.020 15.080
7608.000 77.000 -26.430 14.920
7620.000 77.000 -25.930 14.920
7632.000 77.000 -25.410 14.760
7644.000 77.000 -24.810 14.560
7656.000 77.000 -24.320 14.400
7668.000 77.000 -23.720 14.240
7680.000 77.000 -23.200 14.240
7692.000 77.000 -22.620 14.090
7704.000 77.000 -22.110 13.930
7716.000 77.000 -21.590 13.770
7728.000 77.000 -21.010 13.770
7740.000 77.000 -20.500 13.610
7752.000 77.000 -19.920 13.450
7764.000 77.000 -19.400 13.370
7776.000 77.000 -18.820 13.370
7788.000 77.000 -18.230 13.370
7800.000 77.000 -17.650 13.370
7812.000 77.000 -17.050 13.370
7824.000 77.000 -16.480 13.450
7692.000 49.000 17.590 17.450
7704.000 49.000 17.630 17.530
7716.000 49.000 17.710 17.530
7728.000 49.000 17.730 17.530
7740.000 49.000 17.770 17.530
7752.000 49.000 17.830 17.610
7764.000 49.000 17.830 17.610
7776.000 49.000 17.830 17.610
7788.000 49.000 17.830 17.770
7800.000 49.000 17.910 17.770
7812.000 49.000 17.910 17.930
7824.000 49.000 17.910 17.930
7836.000 49.000 17.990 18.110
7848.000 49.000 17.990 18.110
7860.000 49.000 17.990 18.110
7872.000 49.000 17.990 18.110
7884.000 49.000 17.990 18.110
7896.000 49.000 17.990 18.110
7908.000 49.000 17.990 18.110
7920.000 49.000 17.990 18.110
7704.000 46.000 23.090 15.060
7716.000 46.000 22.650 15.060
7728.000 46.000 22.210 15.400
7740.000 46.000 21.770 15.560
7752.000 46.000 21.390 15.740
7764.000 46.000 20.960 15.900
7776.000 46.000 20.520 16.060
7788.000 46.000 20.140 16.210
7800.000 46.000 19.860 16.210
7812.000 46.000 19.560 16.210
7824.000 46.000 19.340 16.210
7836.000 46.000 19.070 16.210
7848.000 46.000 18.830 16.210
7860.000 46.000 18.550 16.210
7872.000 46.000 18.310 16.370
7884.000 46.000 18.170 16.530
7896.000 46.000 18.110 16.710
7908.000 46.000 17.950 16.870
7920.000 46.000 17.870 17.030
7932.000 46.000 17.870 17.030
7728.000 61.000 -23.100 5.830
7740.000 61.000 -23.380 5.830
7752.000 61.000 -23.680 5.990
7764.000 61.000 -23.900 5.990
7776.000 61.000 -24.120 5.990
7788.000 61.000 -24.340 5.990
7800.000 61.000 -24.630 5.990
7812.000 61.000 -24.850 5.990
7824.000 61.000 -25.070 5.990
7836.000 61.000 -25.290 5.990
7848.000 61.000 -25.510 5.990
7860.000 61.000 -25.810 5.990
7872.000 61.000 -26.030 5.990
7884.000 61.000 -26.250 6.150
7896.000 61.000 -26.470 6.150
7908.000 61.000 -26.760 5.990
7920.000 61.000 -26.980 5.830
7932.000 61.000 -27.120 5.510
7944.000 61.000 -27.340 5.170
7956.000 61.000 -27.560 5.010
7740.000 29.000 -8.970 12.770
7752.000 29.000 -9.610 12.610
7764.000 29.000 -10.290 12.450
7776.000 29.000 -10.940 12.290
7788.000 29.000 -11.760 12.140
7800.000 29.000 -12.630 11.980
7812.000 29.000 -13.430 11.800
7824.000 29.000 -14.310 11.800
7836.000 29.000 -15.180 11.640
7848.000 29.000 -16.000 11.460
7860.000 29.000 -16.870 11.300
7872.000 29.000 -17.690 11.300
7884.000 29.000 -18.490 11.140
7896.000 29.000 -19.280 11.140
7908.000 29.000 -20.020 11.140
7920.000 29.000 -20.830 11.140
7932.000 29.000 -21.550 11.140
7944.000 29.000 -22.370 11.140
7956.000 29.000 -23.180 11.140
7968.000 29.000 -23.900 11.140
7752.000 74.000 -14.070 11.460
7764.000 74.000 -14.780 11.460
7776.000 74.000 -15.580 11.640
7788.000 74.000 -16.340 11.640
7800.000 74.000 -17.050 11.800
7812.000 74.000 -17.850 11.980
7824.000 74.000 -18.600 11.980
7836.000 74.000 -19.320 12.140
7848.000 74.000 -20.060 12.140
7860.000 74.000 -20.790 12.290
7872.000 74.000 -21.590 12.450
7884.000 74.000 -22.350 12.610
7896.000 74.000 -23.060 12.610
7908.000 74.000 -23.780 12.770
7920.000 74.000 -24.540 12.930
7932.000 74.000 -25.250 12.930
7944.000 74.000 -25.930 12.770
7956.000 74.000 -26.540 12.610
7968.000 74.000 -27.160 12.370
7980.000 74.000 -27.580 12.370
7824.000 54.000 -11.200 13.270
7836.000 54.000 -11.940 13.110
7848.000 54.000 -12.600 13.110
7860.000 54.000 -13.310 12.950
7872.000 54.000 -14.050 12.790
7884.000 54.000 -14.700 12.610
7896.000 54.000 -15.440 12.610
7908.000 54.000 -16.100 12.450
7920.000 54.000 -16.830 12.290
7932.000 54.000 -17.490 12.120
7944.000 54.000 -18.230 12.120
7956.000 54.000 -18.880 11.960
7968.000 54.000 -19.620 11.960
7980.000 54.000 -20.280 11.960
7992.000 54.000 -20.930 11.960
8004.000 54.000 -21.670 11.880
8016.000 54.000 -22.330 11.800
8028.000 54.000 -23.020 11.800
8040.000 54.000 -23.680 11.720
8052.000 54.000 -24.420 11.640
7836.000 78.000 -15.880 13.450
7848.000 78.000 -15.300 13.450
7860.000 78.000 -14.700 13.450
7872.000 78.000 -14.130 13.530
7884.000 78.000 -13.550 13.530
7896.000 78.000 -12.950 13.530
7908.000 78.000 -12.380 13.530
7920.000 78.000 -11.760 13.610
7932.000 78.000 -11.240 13.430
7944.000 78.000 -10.640 13.430
7956.000 78.000 -10.070 13.270
7968.000 78.000 -9.470 13.270
7980.000 78.000 -8.890 13.110
7992.000 78.000 -8.380 13.110
8004.000 78.000 -7.780 13.030
8016.000 78.000 -7.140 13.110
8028.000 78.000 -6.550 13.030
8040.000 78.000 -5.930 13.110
8052.000 78.000 -5.270 13.030
8064.000 78.000 -4.600 13.030
7932.000 50.000 17.990 18.110
7944.000 50.000 17.990 18.110
7956.000 50.000 17.990 18.110
7968.000 50.000 17.990 18.110
7980.000 50.000 17.990 18.110
7992.000 50.000 17.990 18.110
8004.000 50.000 17.950 18.030
8016.000 50.000 17.950 18.030
8028.000 50.000 17.950 18.030
8040.000 50.000 17.950 18.030
8052.000 50.000 17.950 18.030
8064.000 50.000 17.910 18.030
8076.000 50.000 17.950 18.030
8088.000 50.000 17.950 18.030
8100.000 50.000 17.950 18.030
8112.000 50.000 17.910 18.030
8124.000 50.000 17.910 18.030
8136.000 50.000 17.910 18.030
8148.000 50.000 17.910 18.030
8160.000 50.000 17.910 18.030
7992.000 75.000 -27.560 12.480
8004.000 75.000 -27.550 12.560
8016.000 75.000 -27.530 12.640
8028.000 75.000 -27.520 12.710
8040.000 75.000 -27.510 12.790
8052.000 75.000 -27.490 12.860
8064.000 75.000 -27.480 12.940
8076.000 75.000 -27.470 13.020
8088.000 75.000 -27.450 13.090
8100.000 75.000 -27.440 13.170
8112.000 75.000 -27.430 13.250
8124.000 75.000 -27.410 13.320
8136.000 75.000 -27.400 13.400
8148.000 75.000 -27.390 13.480
8160.000 75.000 -27.370 13.550
8172.000 75.000 -27.360 13.630
8184.000 75.000 -27.350 13.710
8196.000 75.000 -27.330 13.780
8208.000 75.000 -27.320 13.860
8220.000 75.000 -27.310 13.940
8076.000 79.000 -3.940 13.030
8088.000 79.000 -3.360 12.870
8100.000 79.000 -2.920 12.870
8112.000 79.000 -2.490 12.870
8124.000 79.000 -2.050 12.870
8136.000 79.000 -1.390 12.870
8148.000 79.000 -0.650 12.870
8160.000 79.000 -0.140 12.870
8172.000 79.000 0.380 12.870
8184.000 79.000 1.040 12.870
8196.000 79.000 1.830 12.870
8208.000 79.000 2.430 12.710
8220.000 79.000 3.010 12.710
8232.000 79.000 3.600 12.550
8244.000 79.000 4.120 12.550
8256.000 79.000 4.700 12.550
8268.000 79.000 5.280 12.350
8280.000 79.000 5.790 12.350
8292.000 79.000 6.390 12.200
8304.000 79.000 6.890 12.040
8172.000 51.000 17.910 18.030
8184.000 51.000 17.910 18.030
8196.000 51.000 17.910 18.030
8208.000 51.000 17.910 18.030
8220.000 51.000 17.890 18.030
8232.000 51.000 17.930 18.030
8244.000 51.000 17.930 18.030
8256.000 51.000 17.930 18.030
8268.000 51.000 17.890 18.030
8280.000 51.000 17.890 18.030
8292.000 51.000 17.890 18.030
8304.000 51.000 17.910 18.030
8316.000 51.000 17.910 18.030
8328.000 51.000 17.870 18.030
8340.000 51.000 17.870 18.030
8352.000 51.000 17.870 18.030
8364.000 51.000 17.870 18.030
8376.000 51.000 17.830 18.030
8388.000 51.000 17.870 18.030
8400.000 51.000 17.870 18.030
8232.000 76.000 -27.340 13.930
8244.000 76.000 -27.340 13.930
8256.000 76.000 -27.340 14.090
8268.000 76.000 -27.260 14.090
8280.000 76.000 -27.260 14.260
8292.000 76.000 -27.260 14.260
8304.000 76.000 -27.260 14.340
8316.000 76.000 -27.260 14.500
8328.000 76.000 -27.260 14.500
8340.000 76.000 -26.620 14.500
8352.000 76.000 -25.430 14.500
8364.000 76.000 -24.200 14.500
8376.000 76.000 -23.040 14.500
8388.000 76.000 -21.770 14.500
8400.000 76.000 -20.610 14.340
8412.000 76.000 -19.380 14.340
8424.000 76.000 -18.190 14.340
8436.000 76.000 -16.950 14.340
8448.000 76.000 -15.760 14.010
8460.000 76.000 -14.600 13.510
8316.000 80.000 7.480 11.720
8328.000 80.000 8.000 11.560
8340.000 80.000 8.500 11.400
8352.000 80.000 9.100 11.240
8364.000 80.000 9.610 10.880
8376.000 80.000 10.110 10.720
8388.000 80.000 10.710 10.560
8400.000 80.000 11.210 10.400
8412.000 80.000 11.720 10.240
8424.000 80.000 12.320 10.090
8436.000 80.000 12.820 9.930
8448.000 80.000 13.410 9.770
8460.000 80.000 13.930 9.770
8472.000 80.000 14.510 9.610
8484.000 80.000 15.110 9.610
8496.000 80.000 15.680 9.610
8508.000 80.000 16.160 9.510
8520.000 80.000 16.680 9.510
8532.000 80.000 17.160 9.590
8544.000 80.000 17.610 9.510
8496.000 81.000 -6.700 25.370
8508.000 81.000 -7.620 24.970
8520.000 81.000 -8.460 24.870
8532.000 81.000 -9.330 24.790
8544.000 81.000 -10.050 24.790
8556.000 81.000 -10.640 24.790
8568.000 81.000 -11.240 24.790
8580.000 81.000 -11.820 24.790
8592.000 81.000 -12.400 24.970
8604.000 81.000 -12.990 24.970
8616.000 81.000 -13.590 24.970
8628.000 81.000 -14.150 24.970
8640.000 81.000 -14.740 25.150
8652.000 81.000 -15.340 25.150
8664.000 81.000 -15.940 25.150
8676.000 81.000 -16.500 25.150
8688.000 81.000 -17.090 25.310
8700.000 81.000 -17.690 25.310
8712.000 81.000 -18.250 25.310
8724.000 81.000 -18.840 25.310
8496.000 82.000 -7.820 27.160
8508.000 82.000 -7.540 26.260
8520.000 82.000 -7.020 26.110
8532.000 82.000 -6.590 25.790
8544.000 82.000 -6.070 25.710
8556.000 82.000 -5.550 25.710
8568.000 82.000 -5.070 25.710
8580.000 82.000 -4.580 25.710
8592.000 82.000 -4.060 25.710
8604.000 82.000 -3.540 25.630
8616.000 82.000 -2.880 25.630
8628.000 82.000 -2.230 25.630
8640.000 82.000 -1.570 25.630
8652.000 82.000 -0.910 25.630
8664.000 82.000 -0.260 25.470
8676.000 82.000 0.420 25.470
8688.000 82.000 1.080 25.470
8700.000 82.000 1.730 25.470
8712.000 82.000 2.390 25.470
8724.000 82.000 3.050 25.310
8496.000 84.000 0.320 24.310
8508.000 84.000 -0.360 24.310
8520.000 84.000 -1.010 24.310
8532.000 84.000 -1.690 24.470
8544.000 84.000 -2.330 24.470
8556.000 84.000 -3.000 24.630
8568.000 84.000 -3.640 24.630
8580.000 84.000 -4.320 24.790
8592.000 84.000 -4.970 24.790
8604.000 84.000 -5.550 24.970
8616.000 84.000 -6.230 24.970
8628.000 84.000 -6.860 25.150
8640.000 84.000 -7.540 25.150
8652.000 84.000 -8.200 25.150
8664.000 84.000 -8.850 25.150
8676.000 84.000 -9.510 25.150
8688.000 84.000 -10.170 25.150
8700.000 84.000 -10.840 25.150
8712.000 84.000 -11.560 25.150
8724.000 84.000 -12.240 25.150
8736.000 83.000 3.700 25.310
8748.000 83.000 4.360 25.310
8760.000 83.000 5.040 25.310
8772.000 83.000 5.690 25.310
8784.000 83.000 6.350 25.150
8796.000 83.000 7.010 25.150
8808.000 83.000 7.660 25.150
8820.000 83.000 8.320 25.150
8832.000 83.000 8.980 25.150
8844.000 83.000 9.630 25.150
8856.000 83.000 10.290 25.150
8868.000 83.000 11.030 25.150
8880.000 83.000 11.620 25.310
8892.000 83.000 11.980 25.310
8904.000 83.000 12.360 25.310
8916.000 83.000 12.800 25.310
8928.000 83.000 13.160 25.310
8940.000 83.000 13.590 25.470
8952.000 83.000 13.950 25.470
8964.000 83.000 14.330 25.470
8736.000 85.000 -12.870 24.970
8748.000 85.000 -13.550 24.970
8760.000 85.000 -14.190 24.970
8772.000 85.000 -14.860 24.970
8784.000 85.000 -15.520 24.970
8796.000 85.000 -16.180 24.970
8808.000 85.000 -16.830 24.970
8820.000 85.000 -17.490 24.790
8832.000 85.000 -18.230 24.790
8844.000 85.000 -18.880 24.790
8856.000 85.000 -19.560 24.790
8868.000 85.000 -20.200 24.790
8880.000 85.000 -20.870 24.790
8892.000 85.000 -21.510 24.790
8904.000 85.000 -22.190 24.790
8916.000 85.000 -22.840 24.790
8928.000 85.000 -23.500 24.970
8940.000 85.000 -24.100 24.970
8952.000 85.000 -24.730 25.150
8964.000 85.000 -25.410 25.150
