0.000000000000000000e+00 0.000000000000000000e+00 -5.699999999999999512e-01 -3.200000000000000067e-01
1.200000000000000000e+01 0.000000000000000000e+00 -4.299999999999999933e-01 -9.000000000000000222e-01
2.400000000000000000e+01 0.000000000000000000e+00 -2.000000000000000111e-01 -1.469999999999999973e+00
3.600000000000000000e+01 0.000000000000000000e+00 2.000000000000000042e-02 -2.040000000000000036e+00
4.800000000000000000e+01 0.000000000000000000e+00 2.300000000000000100e-01 -2.600000000000000089e+00
6.000000000000000000e+01 0.000000000000000000e+00 4.400000000000000022e-01 -3.169999999999999929e+00
7.200000000000000000e+01 0.000000000000000000e+00 8.699999999999999956e-01 -3.589999999999999858e+00
8.400000000000000000e+01 0.000000000000000000e+00 1.310000000000000053e+00 -3.890000000000000124e+00
9.600000000000000000e+01 0.000000000000000000e+00 1.729999999999999982e+00 -4.040000000000000036e+00
1.080000000000000000e+02 0.000000000000000000e+00 2.160000000000000142e+00 -4.200000000000000178e+00
1.200000000000000000e+02 0.000000000000000000e+00 2.580000000000000071e+00 -4.480000000000000426e+00
1.320000000000000000e+02 0.000000000000000000e+00 3.080000000000000071e+00 -4.620000000000000107e+00
1.440000000000000000e+02 0.000000000000000000e+00 3.569999999999999840e+00 -4.759999999999999787e+00
1.560000000000000000e+02 0.000000000000000000e+00 4.070000000000000284e+00 -4.830000000000000071e+00
1.680000000000000000e+02 0.000000000000000000e+00 4.570000000000000284e+00 -4.969999999999999751e+00
1.800000000000000000e+02 0.000000000000000000e+00 5.080000000000000071e+00 -5.049999999999999822e+00
1.920000000000000000e+02 0.000000000000000000e+00 5.570000000000000284e+00 -5.120000000000000107e+00
2.040000000000000000e+02 0.000000000000000000e+00 6.000000000000000000e+00 -5.259999999999999787e+00
2.160000000000000000e+02 0.000000000000000000e+00 6.440000000000000391e+00 -5.259999999999999787e+00
2.280000000000000000e+02 0.000000000000000000e+00 6.940000000000000391e+00 -5.259999999999999787e+00
0.000000000000000000e+00 8.000000000000000000e+00 -3.430000000000000160e+00 1.349000000000000021e+01
1.200000000000000000e+01 8.000000000000000000e+00 -3.430000000000000160e+00 1.349000000000000021e+01
2.400000000000000000e+01 8.000000000000000000e+00 -3.430000000000000160e+00 1.349000000000000021e+01
3.600000000000000000e+01 8.000000000000000000e+00 -3.430000000000000160e+00 1.349000000000000021e+01
4.800000000000000000e+01 8.000000000000000000e+00 -3.430000000000000160e+00 1.349000000000000021e+01
6.000000000000000000e+01 8.000000000000000000e+00 -3.430000000000000160e+00 1.349000000000000021e+01
7.200000000000000000e+01 8.000000000000000000e+00 -3.430000000000000160e+00 1.349000000000000021e+01
8.400000000000000000e+01 8.000000000000000000e+00 -3.430000000000000160e+00 1.349000000000000021e+01
9.600000000000000000e+01 8.000000000000000000e+00 -3.430000000000000160e+00 1.349000000000000021e+01
1.080000000000000000e+02 8.000000000000000000e+00 -3.430000000000000160e+00 1.349000000000000021e+01
1.200000000000000000e+02 8.000000000000000000e+00 -3.430000000000000160e+00 1.349000000000000021e+01
1.320000000000000000e+02 8.000000000000000000e+00 -3.430000000000000160e+00 1.349000000000000021e+01
1.440000000000000000e+02 8.000000000000000000e+00 -3.430000000000000160e+00 1.349000000000000021e+01
1.560000000000000000e+02 8.000000000000000000e+00 -3.430000000000000160e+00 1.349000000000000021e+01
1.680000000000000000e+02 8.000000000000000000e+00 -3.430000000000000160e+00 1.349000000000000021e+01
1.800000000000000000e+02 8.000000000000000000e+00 -3.430000000000000160e+00 1.349000000000000021e+01
1.920000000000000000e+02 8.000000000000000000e+00 -3.430000000000000160e+00 1.349000000000000021e+01
2.040000000000000000e+02 8.000000000000000000e+00 -3.430000000000000160e+00 1.349000000000000021e+01
2.160000000000000000e+02 8.000000000000000000e+00 -3.430000000000000160e+00 1.349000000000000021e+01
2.280000000000000000e+02 8.000000000000000000e+00 -3.430000000000000160e+00 1.349000000000000021e+01
0.000000000000000000e+00 1.000000000000000000e+01 -2.589999999999999858e+00 1.349000000000000021e+01
1.200000000000000000e+01 1.000000000000000000e+01 -2.589999999999999858e+00 1.349000000000000021e+01
2.400000000000000000e+01 1.000000000000000000e+01 -2.589999999999999858e+00 1.349000000000000021e+01
3.600000000000000000e+01 1.000000000000000000e+01 -2.589999999999999858e+00 1.349000000000000021e+01
4.800000000000000000e+01 1.000000000000000000e+01 -2.589999999999999858e+00 1.349000000000000021e+01
6.000000000000000000e+01 1.000000000000000000e+01 -2.589999999999999858e+00 1.349000000000000021e+01
7.200000000000000000e+01 1.000000000000000000e+01 -2.589999999999999858e+00 1.349000000000000021e+01
8.400000000000000000e+01 1.000000000000000000e+01 -2.589999999999999858e+00 1.349000000000000021e+01
9.600000000000000000e+01 1.000000000000000000e+01 -2.589999999999999858e+00 1.349000000000000021e+01
1.080000000000000000e+02 1.000000000000000000e+01 -2.589999999999999858e+00 1.349000000000000021e+01
1.200000000000000000e+02 1.000000000000000000e+01 -2.589999999999999858e+00 1.349000000000000021e+01
1.320000000000000000e+02 1.000000000000000000e+01 -2.589999999999999858e+00 1.349000000000000021e+01
1.440000000000000000e+02 1.000000000000000000e+01 -2.589999999999999858e+00 1.349000000000000021e+01
1.560000000000000000e+02 1.000000000000000000e+01 -2.589999999999999858e+00 1.349000000000000021e+01
1.680000000000000000e+02 1.000000000000000000e+01 -2.589999999999999858e+00 1.349000000000000021e+01
1.800000000000000000e+02 1.000000000000000000e+01 -2.589999999999999858e+00 1.349000000000000021e+01
1.920000000000000000e+02 1.000000000000000000e+01 -2.589999999999999858e+00 1.349000000000000021e+01
2.040000000000000000e+02 1.000000000000000000e+01 -2.589999999999999858e+00 1.349000000000000021e+01
2.160000000000000000e+02 1.000000000000000000e+01 -2.589999999999999858e+00 1.349000000000000021e+01
2.280000000000000000e+02 1.000000000000000000e+01 -2.589999999999999858e+00 1.349000000000000021e+01
0.000000000000000000e+00 1.200000000000000000e+01 -1.629999999999999893e+00 1.376999999999999957e+01
1.200000000000000000e+01 1.200000000000000000e+01 -1.629999999999999893e+00 1.376999999999999957e+01
2.400000000000000000e+01 1.200000000000000000e+01 -1.629999999999999893e+00 1.376999999999999957e+01
3.600000000000000000e+01 1.200000000000000000e+01 -1.629999999999999893e+00 1.376999999999999957e+01
4.800000000000000000e+01 1.200000000000000000e+01 -1.629999999999999893e+00 1.376999999999999957e+01
6.000000000000000000e+01 1.200000000000000000e+01 -1.629999999999999893e+00 1.376999999999999957e+01
7.200000000000000000e+01 1.200000000000000000e+01 -1.629999999999999893e+00 1.376999999999999957e+01
8.400000000000000000e+01 1.200000000000000000e+01 -1.629999999999999893e+00 1.376999999999999957e+01
9.600000000000000000e+01 1.200000000000000000e+01 -1.629999999999999893e+00 1.376999999999999957e+01
1.080000000000000000e+02 1.200000000000000000e+01 -1.629999999999999893e+00 1.376999999999999957e+01
1.200000000000000000e+02 1.200000000000000000e+01 -1.629999999999999893e+00 1.376999999999999957e+01
1.320000000000000000e+02 1.200000000000000000e+01 -1.629999999999999893e+00 1.376999999999999957e+01
1.440000000000000000e+02 1.200000000000000000e+01 -1.629999999999999893e+00 1.376999999999999957e+01
1.560000000000000000e+02 1.200000000000000000e+01 -1.629999999999999893e+00 1.376999999999999957e+01
1.680000000000000000e+02 1.200000000000000000e+01 -1.629999999999999893e+00 1.376999999999999957e+01
1.800000000000000000e+02 1.200000000000000000e+01 -1.629999999999999893e+00 1.376999999999999957e+01
1.920000000000000000e+02 1.200000000000000000e+01 -1.629999999999999893e+00 1.376999999999999957e+01
2.040000000000000000e+02 1.200000000000000000e+01 -1.629999999999999893e+00 1.376999999999999957e+01
2.160000000000000000e+02 1.200000000000000000e+01 -1.629999999999999893e+00 1.376999999999999957e+01
2.280000000000000000e+02 1.200000000000000000e+01 -1.629999999999999893e+00 1.376999999999999957e+01
0.000000000000000000e+00 1.400000000000000000e+01 -1.739999999999999991e+00 1.471000000000000085e+01
1.200000000000000000e+01 1.400000000000000000e+01 -1.739999999999999991e+00 1.471000000000000085e+01
2.400000000000000000e+01 1.400000000000000000e+01 -1.739999999999999991e+00 1.471000000000000085e+01
3.600000000000000000e+01 1.400000000000000000e+01 -1.739999999999999991e+00 1.471000000000000085e+01
4.800000000000000000e+01 1.400000000000000000e+01 -1.739999999999999991e+00 1.471000000000000085e+01
6.000000000000000000e+01 1.400000000000000000e+01 -1.739999999999999991e+00 1.471000000000000085e+01
7.200000000000000000e+01 1.400000000000000000e+01 -1.739999999999999991e+00 1.471000000000000085e+01
8.400000000000000000e+01 1.400000000000000000e+01 -1.739999999999999991e+00 1.471000000000000085e+01
9.600000000000000000e+01 1.400000000000000000e+01 -1.739999999999999991e+00 1.471000000000000085e+01
1.080000000000000000e+02 1.400000000000000000e+01 -1.739999999999999991e+00 1.471000000000000085e+01
1.200000000000000000e+02 1.400000000000000000e+01 -1.739999999999999991e+00 1.471000000000000085e+01
1.320000000000000000e+02 1.400000000000000000e+01 -1.739999999999999991e+00 1.471000000000000085e+01
1.440000000000000000e+02 1.400000000000000000e+01 -1.739999999999999991e+00 1.471000000000000085e+01
1.560000000000000000e+02 1.400000000000000000e+01 -1.739999999999999991e+00 1.471000000000000085e+01
1.680000000000000000e+02 1.400000000000000000e+01 -1.739999999999999991e+00 1.471000000000000085e+01
1.800000000000000000e+02 1.400000000000000000e+01 -1.739999999999999991e+00 1.471000000000000085e+01
1.920000000000000000e+02 1.400000000000000000e+01 -1.739999999999999991e+00 1.471000000000000085e+01
2.040000000000000000e+02 1.400000000000000000e+01 -1.739999999999999991e+00 1.471000000000000085e+01
2.160000000000000000e+02 1.400000000000000000e+01 -1.739999999999999991e+00 1.471000000000000085e+01
2.280000000000000000e+02 1.400000000000000000e+01 -1.739999999999999991e+00 1.471000000000000085e+01
0.000000000000000000e+00 1.600000000000000000e+01 2.367999999999999972e+01 -5.400000000000000355e+00
1.200000000000000000e+01 1.600000000000000000e+01 2.382000000000000028e+01 -5.679999999999999716e+00
2.400000000000000000e+01 1.600000000000000000e+01 2.400000000000000000e+01 -5.820000000000000284e+00
3.600000000000000000e+01 1.600000000000000000e+01 2.417999999999999972e+01 -5.969999999999999751e+00
4.800000000000000000e+01 1.600000000000000000e+01 2.435000000000000142e+01 -6.250000000000000000e+00
6.000000000000000000e+01 1.600000000000000000e+01 2.453000000000000114e+01 -6.389999999999999680e+00
7.200000000000000000e+01 1.600000000000000000e+01 2.471000000000000085e+01 -6.530000000000000249e+00
8.400000000000000000e+01 1.600000000000000000e+01 2.485000000000000142e+01 -6.669999999999999929e+00
9.600000000000000000e+01 1.600000000000000000e+01 2.505999999999999872e+01 -6.959999999999999964e+00
1.080000000000000000e+02 1.600000000000000000e+01 2.523999999999999844e+01 -7.099999999999999645e+00
1.200000000000000000e+02 1.600000000000000000e+01 2.530999999999999872e+01 -7.099999999999999645e+00
1.320000000000000000e+02 1.600000000000000000e+01 2.530999999999999872e+01 -7.099999999999999645e+00
1.440000000000000000e+02 1.600000000000000000e+01 2.530999999999999872e+01 -7.099999999999999645e+00
1.560000000000000000e+02 1.600000000000000000e+01 2.530999999999999872e+01 -6.959999999999999964e+00
1.680000000000000000e+02 1.600000000000000000e+01 2.530999999999999872e+01 -6.959999999999999964e+00
1.800000000000000000e+02 1.600000000000000000e+01 2.530999999999999872e+01 -6.820000000000000284e+00
1.920000000000000000e+02 1.600000000000000000e+01 2.530999999999999872e+01 -6.820000000000000284e+00
2.040000000000000000e+02 1.600000000000000000e+01 2.530999999999999872e+01 -6.820000000000000284e+00
2.160000000000000000e+02 1.600000000000000000e+01 2.530999999999999872e+01 -6.669999999999999929e+00
2.280000000000000000e+02 1.600000000000000000e+01 2.530999999999999872e+01 -6.669999999999999929e+00
0.000000000000000000e+00 1.700000000000000000e+01 3.400000000000000244e-01 5.259999999999999787e+00
1.200000000000000000e+01 1.700000000000000000e+01 1.900000000000000022e-01 4.410000000000000142e+00
2.400000000000000000e+01 1.700000000000000000e+01 1.199999999999999956e-01 3.700000000000000178e+00
3.600000000000000000e+01 1.700000000000000000e+01 -2.000000000000000042e-02 2.899999999999999911e+00
4.800000000000000000e+01 1.700000000000000000e+01 -8.999999999999999667e-02 2.109999999999999876e+00
6.000000000000000000e+01 1.700000000000000000e+01 -1.600000000000000033e-01 1.330000000000000071e+00
7.200000000000000000e+01 1.700000000000000000e+01 -2.300000000000000100e-01 6.199999999999999956e-01
8.400000000000000000e+01 1.700000000000000000e+01 -2.300000000000000100e-01 -2.300000000000000100e-01
9.600000000000000000e+01 1.700000000000000000e+01 -1.600000000000000033e-01 -1.120000000000000107e+00
1.080000000000000000e+02 1.700000000000000000e+01 -8.999999999999999667e-02 -1.820000000000000062e+00
1.200000000000000000e+02 1.700000000000000000e+01 -8.999999999999999667e-02 -2.669999999999999929e+00
1.320000000000000000e+02 1.700000000000000000e+01 -2.000000000000000042e-02 -3.520000000000000018e+00
1.440000000000000000e+02 1.700000000000000000e+01 5.000000000000000278e-02 -4.269999999999999574e+00
1.560000000000000000e+02 1.700000000000000000e+01 1.900000000000000022e-01 -4.969999999999999751e+00
1.680000000000000000e+02 1.700000000000000000e+01 3.400000000000000244e-01 -5.679999999999999716e+00
1.800000000000000000e+02 1.700000000000000000e+01 4.799999999999999822e-01 -6.250000000000000000e+00
1.920000000000000000e+02 1.700000000000000000e+01 6.199999999999999956e-01 -6.959999999999999964e+00
2.040000000000000000e+02 1.700000000000000000e+01 6.199999999999999956e-01 -7.700000000000000178e+00
2.160000000000000000e+02 1.700000000000000000e+01 6.199999999999999956e-01 -8.550000000000000711e+00
2.280000000000000000e+02 1.700000000000000000e+01 6.199999999999999956e-01 -9.259999999999999787e+00
0.000000000000000000e+00 1.900000000000000000e+01 8.279999999999999361e+00 1.149000000000000021e+01
1.200000000000000000e+01 1.900000000000000000e+01 8.279999999999999361e+00 1.149000000000000021e+01
2.400000000000000000e+01 1.900000000000000000e+01 8.279999999999999361e+00 1.149000000000000021e+01
3.600000000000000000e+01 1.900000000000000000e+01 8.279999999999999361e+00 1.149000000000000021e+01
4.800000000000000000e+01 1.900000000000000000e+01 8.279999999999999361e+00 1.149000000000000021e+01
6.000000000000000000e+01 1.900000000000000000e+01 8.279999999999999361e+00 1.149000000000000021e+01
7.200000000000000000e+01 1.900000000000000000e+01 8.279999999999999361e+00 1.149000000000000021e+01
8.400000000000000000e+01 1.900000000000000000e+01 8.279999999999999361e+00 1.149000000000000021e+01
9.600000000000000000e+01 1.900000000000000000e+01 8.279999999999999361e+00 1.149000000000000021e+01
1.080000000000000000e+02 1.900000000000000000e+01 8.279999999999999361e+00 1.149000000000000021e+01
1.200000000000000000e+02 1.900000000000000000e+01 8.279999999999999361e+00 1.149000000000000021e+01
1.320000000000000000e+02 1.900000000000000000e+01 8.279999999999999361e+00 1.149000000000000021e+01
1.440000000000000000e+02 1.900000000000000000e+01 8.279999999999999361e+00 1.149000000000000021e+01
1.560000000000000000e+02 1.900000000000000000e+01 8.279999999999999361e+00 1.149000000000000021e+01
1.680000000000000000e+02 1.900000000000000000e+01 8.279999999999999361e+00 1.149000000000000021e+01
1.800000000000000000e+02 1.900000000000000000e+01 8.279999999999999361e+00 1.149000000000000021e+01
1.920000000000000000e+02 1.900000000000000000e+01 8.279999999999999361e+00 1.149000000000000021e+01
2.040000000000000000e+02 1.900000000000000000e+01 8.279999999999999361e+00 1.149000000000000021e+01
2.160000000000000000e+02 1.900000000000000000e+01 8.279999999999999361e+00 1.149000000000000021e+01
2.280000000000000000e+02 1.900000000000000000e+01 8.279999999999999361e+00 1.149000000000000021e+01
0.000000000000000000e+00 2.100000000000000000e+01 -1.449999999999999956e+00 9.259999999999999787e+00
1.200000000000000000e+01 2.100000000000000000e+01 -1.520000000000000018e+00 9.699999999999999289e+00
2.400000000000000000e+01 2.100000000000000000e+01 -1.590000000000000080e+00 1.014000000000000057e+01
3.600000000000000000e+01 2.100000000000000000e+01 -1.659999999999999920e+00 1.064000000000000057e+01
4.800000000000000000e+01 2.100000000000000000e+01 -1.659999999999999920e+00 1.113000000000000078e+01
6.000000000000000000e+01 2.100000000000000000e+01 -1.739999999999999991e+00 1.163000000000000078e+01
7.200000000000000000e+01 2.100000000000000000e+01 -1.739999999999999991e+00 1.205000000000000071e+01
8.400000000000000000e+01 2.100000000000000000e+01 -1.520000000000000018e+00 1.218999999999999950e+01
9.600000000000000000e+01 2.100000000000000000e+01 -1.239999999999999991e+00 1.248000000000000043e+01
1.080000000000000000e+02 2.100000000000000000e+01 -1.030000000000000027e+00 1.275999999999999979e+01
1.200000000000000000e+02 2.100000000000000000e+01 -9.599999999999999645e-01 1.333999999999999986e+01
1.320000000000000000e+02 2.100000000000000000e+01 -8.199999999999999512e-01 1.392999999999999972e+01
1.440000000000000000e+02 2.100000000000000000e+01 -8.199999999999999512e-01 1.450000000000000000e+01
1.560000000000000000e+02 2.100000000000000000e+01 -8.900000000000000133e-01 1.477999999999999936e+01
1.680000000000000000e+02 2.100000000000000000e+01 -1.100000000000000089e+00 1.534999999999999964e+01
1.800000000000000000e+02 2.100000000000000000e+01 -1.310000000000000053e+00 1.576999999999999957e+01
1.920000000000000000e+02 2.100000000000000000e+01 -1.449999999999999956e+00 1.633999999999999986e+01
2.040000000000000000e+02 2.100000000000000000e+01 -1.659999999999999920e+00 1.694000000000000128e+01
2.160000000000000000e+02 2.100000000000000000e+01 -1.879999999999999893e+00 1.750000000000000000e+01
2.280000000000000000e+02 2.100000000000000000e+01 -1.949999999999999956e+00 1.792999999999999972e+01
0.000000000000000000e+00 2.400000000000000000e+01 1.780999999999999872e+01 9.910000000000000142e+00
1.200000000000000000e+01 2.400000000000000000e+01 1.730999999999999872e+01 9.769999999999999574e+00
2.400000000000000000e+01 2.400000000000000000e+01 1.680999999999999872e+01 9.769999999999999574e+00
3.600000000000000000e+01 2.400000000000000000e+01 1.637000000000000099e+01 9.769999999999999574e+00
4.800000000000000000e+01 2.400000000000000000e+01 1.588000000000000078e+01 9.769999999999999574e+00
6.000000000000000000e+01 2.400000000000000000e+01 1.538000000000000078e+01 9.769999999999999574e+00
7.200000000000000000e+01 2.400000000000000000e+01 1.493999999999999950e+01 9.769999999999999574e+00
8.400000000000000000e+01 2.400000000000000000e+01 1.443999999999999950e+01 9.769999999999999574e+00
9.600000000000000000e+01 2.400000000000000000e+01 1.394999999999999929e+01 9.630000000000000782e+00
1.080000000000000000e+02 2.400000000000000000e+01 1.351999999999999957e+01 9.630000000000000782e+00
1.200000000000000000e+02 2.400000000000000000e+01 1.302999999999999936e+01 9.630000000000000782e+00
1.320000000000000000e+02 2.400000000000000000e+01 1.252999999999999936e+01 9.630000000000000782e+00
1.440000000000000000e+02 2.400000000000000000e+01 1.210999999999999943e+01 9.630000000000000782e+00
1.560000000000000000e+02 2.400000000000000000e+01 1.160999999999999943e+01 9.630000000000000782e+00
1.680000000000000000e+02 2.400000000000000000e+01 1.116999999999999993e+01 9.630000000000000782e+00
1.800000000000000000e+02 2.400000000000000000e+01 1.066999999999999993e+01 9.630000000000000782e+00
1.920000000000000000e+02 2.400000000000000000e+01 1.017999999999999972e+01 9.490000000000000213e+00
2.040000000000000000e+02 2.400000000000000000e+01 9.730000000000000426e+00 9.490000000000000213e+00
2.160000000000000000e+02 2.400000000000000000e+01 9.240000000000000213e+00 9.490000000000000213e+00
2.280000000000000000e+02 2.400000000000000000e+01 8.740000000000000213e+00 9.490000000000000213e+00
0.000000000000000000e+00 2.600000000000000000e+01 1.769999999999999929e+01 8.619999999999999218e+00
1.200000000000000000e+01 2.600000000000000000e+01 1.719999999999999929e+01 8.619999999999999218e+00
2.400000000000000000e+01 2.600000000000000000e+01 1.671000000000000085e+01 8.619999999999999218e+00
3.600000000000000000e+01 2.600000000000000000e+01 1.619000000000000128e+01 8.619999999999999218e+00
4.800000000000000000e+01 2.600000000000000000e+01 1.576999999999999957e+01 8.619999999999999218e+00
6.000000000000000000e+01 2.600000000000000000e+01 1.526999999999999957e+01 8.619999999999999218e+00
7.200000000000000000e+01 2.600000000000000000e+01 1.475999999999999979e+01 8.619999999999999218e+00
8.400000000000000000e+01 2.600000000000000000e+01 1.433999999999999986e+01 8.619999999999999218e+00
9.600000000000000000e+01 2.600000000000000000e+01 1.383999999999999986e+01 8.619999999999999218e+00
1.080000000000000000e+02 2.600000000000000000e+01 1.334999999999999964e+01 8.619999999999999218e+00
1.200000000000000000e+02 2.600000000000000000e+01 1.291999999999999993e+01 8.619999999999999218e+00
1.320000000000000000e+02 2.600000000000000000e+01 1.241999999999999993e+01 8.619999999999999218e+00
1.440000000000000000e+02 2.600000000000000000e+01 1.192999999999999972e+01 8.619999999999999218e+00
1.560000000000000000e+02 2.600000000000000000e+01 1.150000000000000000e+01 8.619999999999999218e+00
1.680000000000000000e+02 2.600000000000000000e+01 1.099000000000000021e+01 8.619999999999999218e+00
1.800000000000000000e+02 2.600000000000000000e+01 1.050000000000000000e+01 8.619999999999999218e+00
1.920000000000000000e+02 2.600000000000000000e+01 1.007000000000000028e+01 8.619999999999999218e+00
2.040000000000000000e+02 2.600000000000000000e+01 9.560000000000000497e+00 8.619999999999999218e+00
2.160000000000000000e+02 2.600000000000000000e+01 9.060000000000000497e+00 8.619999999999999218e+00
2.280000000000000000e+02 2.600000000000000000e+01 8.640000000000000568e+00 8.619999999999999218e+00
0.000000000000000000e+00 2.800000000000000000e+01 -2.033999999999999986e+01 1.026999999999999957e+01
1.200000000000000000e+01 2.800000000000000000e+01 -1.983999999999999986e+01 1.026999999999999957e+01
2.400000000000000000e+01 2.800000000000000000e+01 -1.926000000000000156e+01 1.026999999999999957e+01
3.600000000000000000e+01 2.800000000000000000e+01 -1.869000000000000128e+01 1.034999999999999964e+01
4.800000000000000000e+01 2.800000000000000000e+01 -1.812999999999999901e+01 1.041999999999999993e+01
6.000000000000000000e+01 2.800000000000000000e+01 -1.755999999999999872e+01 1.050000000000000000e+01
7.200000000000000000e+01 2.800000000000000000e+01 -1.698999999999999844e+01 1.050000000000000000e+01
8.400000000000000000e+01 2.800000000000000000e+01 -1.642999999999999972e+01 1.050000000000000000e+01
9.600000000000000000e+01 2.800000000000000000e+01 -1.585999999999999943e+01 1.064000000000000057e+01
1.080000000000000000e+02 2.800000000000000000e+01 -1.527999999999999936e+01 1.064000000000000057e+01
1.200000000000000000e+02 2.800000000000000000e+01 -1.471000000000000085e+01 1.064000000000000057e+01
1.320000000000000000e+02 2.800000000000000000e+01 -1.413000000000000078e+01 1.064000000000000057e+01
1.440000000000000000e+02 2.800000000000000000e+01 -1.356000000000000050e+01 1.064000000000000057e+01
1.560000000000000000e+02 2.800000000000000000e+01 -1.291999999999999993e+01 1.064000000000000057e+01
1.680000000000000000e+02 2.800000000000000000e+01 -1.235999999999999943e+01 1.064000000000000057e+01
1.800000000000000000e+02 2.800000000000000000e+01 -1.172000000000000064e+01 1.064000000000000057e+01
1.920000000000000000e+02 2.800000000000000000e+01 -1.115000000000000036e+01 1.077999999999999936e+01
2.040000000000000000e+02 2.800000000000000000e+01 -1.058999999999999986e+01 1.077999999999999936e+01
2.160000000000000000e+02 2.800000000000000000e+01 -9.929999999999999716e+00 1.077999999999999936e+01
2.280000000000000000e+02 2.800000000000000000e+01 -9.429999999999999716e+00 1.091999999999999993e+01
0.000000000000000000e+00 3.000000000000000000e+01 -2.041000000000000014e+01 9.339999999999999858e+00
1.200000000000000000e+01 3.000000000000000000e+01 -1.991000000000000014e+01 9.339999999999999858e+00
2.400000000000000000e+01 3.000000000000000000e+01 -1.932999999999999829e+01 9.339999999999999858e+00
3.600000000000000000e+01 3.000000000000000000e+01 -1.876000000000000156e+01 9.339999999999999858e+00
4.800000000000000000e+01 3.000000000000000000e+01 -1.819999999999999929e+01 9.490000000000000213e+00
6.000000000000000000e+01 3.000000000000000000e+01 -1.762999999999999901e+01 9.490000000000000213e+00
7.200000000000000000e+01 3.000000000000000000e+01 -1.712999999999999901e+01 9.490000000000000213e+00
8.400000000000000000e+01 3.000000000000000000e+01 -1.657000000000000028e+01 9.630000000000000782e+00
9.600000000000000000e+01 3.000000000000000000e+01 -1.600000000000000000e+01 9.630000000000000782e+00
1.080000000000000000e+02 3.000000000000000000e+01 -1.541999999999999993e+01 9.630000000000000782e+00
1.200000000000000000e+02 3.000000000000000000e+01 -1.489000000000000057e+01 9.769999999999999574e+00
1.320000000000000000e+02 3.000000000000000000e+01 -1.430000000000000071e+01 9.769999999999999574e+00
1.440000000000000000e+02 3.000000000000000000e+01 -1.376999999999999957e+01 9.769999999999999574e+00
1.560000000000000000e+02 3.000000000000000000e+01 -1.319999999999999929e+01 9.910000000000000142e+00
1.680000000000000000e+02 3.000000000000000000e+01 -1.266999999999999993e+01 9.910000000000000142e+00
1.800000000000000000e+02 3.000000000000000000e+01 -1.210999999999999943e+01 9.910000000000000142e+00
1.920000000000000000e+02 3.000000000000000000e+01 -1.153999999999999915e+01 1.005000000000000071e+01
2.040000000000000000e+02 3.000000000000000000e+01 -1.105000000000000071e+01 1.005000000000000071e+01
2.160000000000000000e+02 3.000000000000000000e+01 -1.061999999999999922e+01 1.005000000000000071e+01
2.280000000000000000e+02 3.000000000000000000e+01 -1.010999999999999943e+01 1.005000000000000071e+01
0.000000000000000000e+00 3.200000000000000000e+01 9.630000000000000782e+00 1.091999999999999993e+01
1.200000000000000000e+01 3.200000000000000000e+01 9.630000000000000782e+00 1.091999999999999993e+01
2.400000000000000000e+01 3.200000000000000000e+01 9.630000000000000782e+00 1.091999999999999993e+01
3.600000000000000000e+01 3.200000000000000000e+01 9.630000000000000782e+00 1.091999999999999993e+01
4.800000000000000000e+01 3.200000000000000000e+01 9.630000000000000782e+00 1.091999999999999993e+01
6.000000000000000000e+01 3.200000000000000000e+01 9.630000000000000782e+00 1.091999999999999993e+01
7.200000000000000000e+01 3.200000000000000000e+01 9.630000000000000782e+00 1.091999999999999993e+01
8.400000000000000000e+01 3.200000000000000000e+01 9.630000000000000782e+00 1.091999999999999993e+01
9.600000000000000000e+01 3.200000000000000000e+01 9.630000000000000782e+00 1.091999999999999993e+01
1.080000000000000000e+02 3.200000000000000000e+01 9.630000000000000782e+00 1.091999999999999993e+01
1.200000000000000000e+02 3.200000000000000000e+01 9.630000000000000782e+00 1.091999999999999993e+01
1.320000000000000000e+02 3.200000000000000000e+01 9.630000000000000782e+00 1.091999999999999993e+01
1.440000000000000000e+02 3.200000000000000000e+01 9.630000000000000782e+00 1.091999999999999993e+01
1.560000000000000000e+02 3.200000000000000000e+01 9.630000000000000782e+00 1.091999999999999993e+01
1.680000000000000000e+02 3.200000000000000000e+01 9.630000000000000782e+00 1.091999999999999993e+01
1.800000000000000000e+02 3.200000000000000000e+01 9.630000000000000782e+00 1.091999999999999993e+01
1.920000000000000000e+02 3.200000000000000000e+01 9.630000000000000782e+00 1.091999999999999993e+01
2.040000000000000000e+02 3.200000000000000000e+01 9.630000000000000782e+00 1.091999999999999993e+01
2.160000000000000000e+02 3.200000000000000000e+01 9.630000000000000782e+00 1.091999999999999993e+01
2.280000000000000000e+02 3.200000000000000000e+01 9.630000000000000782e+00 1.091999999999999993e+01
0.000000000000000000e+00 3.400000000000000000e+01 1.735000000000000142e+01 -3.240000000000000213e+00
1.200000000000000000e+01 3.400000000000000000e+01 1.698999999999999844e+01 -3.379999999999999893e+00
2.400000000000000000e+01 3.400000000000000000e+01 1.671000000000000085e+01 -3.379999999999999893e+00
3.600000000000000000e+01 3.400000000000000000e+01 1.641000000000000014e+01 -3.520000000000000018e+00
4.800000000000000000e+01 3.400000000000000000e+01 1.605000000000000071e+01 -3.520000000000000018e+00
6.000000000000000000e+01 3.400000000000000000e+01 1.576999999999999957e+01 -3.520000000000000018e+00
7.200000000000000000e+01 3.400000000000000000e+01 1.549000000000000021e+01 -3.680000000000000160e+00
8.400000000000000000e+01 3.400000000000000000e+01 1.519999999999999929e+01 -3.680000000000000160e+00
9.600000000000000000e+01 3.400000000000000000e+01 1.483000000000000007e+01 -3.680000000000000160e+00
1.080000000000000000e+02 3.400000000000000000e+01 1.455000000000000071e+01 -3.819999999999999840e+00
1.200000000000000000e+02 3.400000000000000000e+01 1.426999999999999957e+01 -3.819999999999999840e+00
1.320000000000000000e+02 3.400000000000000000e+01 1.398000000000000043e+01 -3.819999999999999840e+00
1.440000000000000000e+02 3.400000000000000000e+01 1.363000000000000078e+01 -3.970000000000000195e+00
1.560000000000000000e+02 3.400000000000000000e+01 1.334999999999999964e+01 -3.970000000000000195e+00
1.680000000000000000e+02 3.400000000000000000e+01 1.306000000000000050e+01 -3.970000000000000195e+00
1.800000000000000000e+02 3.400000000000000000e+01 1.277999999999999936e+01 -4.110000000000000320e+00
1.920000000000000000e+02 3.400000000000000000e+01 1.241999999999999993e+01 -4.110000000000000320e+00
2.040000000000000000e+02 3.400000000000000000e+01 1.207000000000000028e+01 -4.110000000000000320e+00
2.160000000000000000e+02 3.400000000000000000e+01 1.172000000000000064e+01 -4.110000000000000320e+00
2.280000000000000000e+02 3.400000000000000000e+01 1.142999999999999972e+01 -4.200000000000000178e+00
0.000000000000000000e+00 3.600000000000000000e+01 1.729999999999999982e+00 -1.189999999999999947e+00
1.200000000000000000e+01 3.600000000000000000e+01 1.729999999999999982e+00 -1.189999999999999947e+00
2.400000000000000000e+01 3.600000000000000000e+01 1.729999999999999982e+00 -1.189999999999999947e+00
3.600000000000000000e+01 3.600000000000000000e+01 1.729999999999999982e+00 -1.189999999999999947e+00
4.800000000000000000e+01 3.600000000000000000e+01 1.729999999999999982e+00 -1.189999999999999947e+00
6.000000000000000000e+01 3.600000000000000000e+01 1.729999999999999982e+00 -1.189999999999999947e+00
7.200000000000000000e+01 3.600000000000000000e+01 1.729999999999999982e+00 -1.189999999999999947e+00
8.400000000000000000e+01 3.600000000000000000e+01 1.729999999999999982e+00 -1.189999999999999947e+00
9.600000000000000000e+01 3.600000000000000000e+01 1.800000000000000044e+00 -1.189999999999999947e+00
1.080000000000000000e+02 3.600000000000000000e+01 1.800000000000000044e+00 -1.189999999999999947e+00
1.200000000000000000e+02 3.600000000000000000e+01 1.800000000000000044e+00 -1.189999999999999947e+00
1.320000000000000000e+02 3.600000000000000000e+01 1.800000000000000044e+00 -1.189999999999999947e+00
1.440000000000000000e+02 3.600000000000000000e+01 1.800000000000000044e+00 -1.189999999999999947e+00
1.560000000000000000e+02 3.600000000000000000e+01 1.800000000000000044e+00 -1.189999999999999947e+00
1.680000000000000000e+02 3.600000000000000000e+01 1.800000000000000044e+00 -1.189999999999999947e+00
1.800000000000000000e+02 3.600000000000000000e+01 1.800000000000000044e+00 -1.189999999999999947e+00
1.920000000000000000e+02 3.600000000000000000e+01 1.879999999999999893e+00 -1.189999999999999947e+00
2.040000000000000000e+02 3.600000000000000000e+01 1.879999999999999893e+00 -1.189999999999999947e+00
2.160000000000000000e+02 3.600000000000000000e+01 1.879999999999999893e+00 -1.189999999999999947e+00
2.280000000000000000e+02 3.600000000000000000e+01 1.879999999999999893e+00 -1.189999999999999947e+00
0.000000000000000000e+00 3.800000000000000000e+01 1.199999999999999956e+00 1.248000000000000043e+01
1.200000000000000000e+01 3.800000000000000000e+01 1.129999999999999893e+00 1.191000000000000014e+01
2.400000000000000000e+01 3.800000000000000000e+01 1.129999999999999893e+00 1.133999999999999986e+01
3.600000000000000000e+01 3.800000000000000000e+01 1.060000000000000053e+00 1.077999999999999936e+01
4.800000000000000000e+01 3.800000000000000000e+01 1.060000000000000053e+00 1.018999999999999950e+01
6.000000000000000000e+01 3.800000000000000000e+01 1.010000000000000009e+00 9.630000000000000782e+00
7.200000000000000000e+01 3.800000000000000000e+01 9.699999999999999734e-01 9.039999999999999147e+00
8.400000000000000000e+01 3.800000000000000000e+01 9.399999999999999467e-01 8.480000000000000426e+00
9.600000000000000000e+01 3.800000000000000000e+01 9.399999999999999467e-01 7.910000000000000142e+00
1.080000000000000000e+02 3.800000000000000000e+01 9.000000000000000222e-01 7.490000000000000213e+00
1.200000000000000000e+02 3.800000000000000000e+01 8.699999999999999956e-01 6.900000000000000355e+00
1.320000000000000000e+02 3.800000000000000000e+01 8.699999999999999956e-01 6.339999999999999858e+00
1.440000000000000000e+02 3.800000000000000000e+01 7.199999999999999734e-01 5.769999999999999574e+00
1.560000000000000000e+02 3.800000000000000000e+01 5.500000000000000444e-01 5.040000000000000036e+00
1.680000000000000000e+02 3.800000000000000000e+01 3.699999999999999956e-01 4.480000000000000426e+00
1.800000000000000000e+02 3.800000000000000000e+01 1.900000000000000022e-01 3.910000000000000142e+00
1.920000000000000000e+02 3.800000000000000000e+01 1.199999999999999956e-01 3.330000000000000071e+00
2.040000000000000000e+02 3.800000000000000000e+01 8.999999999999999667e-02 2.620000000000000107e+00
2.160000000000000000e+02 3.800000000000000000e+01 8.999999999999999667e-02 2.029999999999999805e+00
2.280000000000000000e+02 3.800000000000000000e+01 2.000000000000000042e-02 1.469999999999999973e+00
0.000000000000000000e+00 4.000000000000000000e+01 5.500000000000000444e-01 1.264000000000000057e+01
1.200000000000000000e+01 4.000000000000000000e+01 4.799999999999999822e-01 1.205000000000000071e+01
2.400000000000000000e+01 4.000000000000000000e+01 4.099999999999999756e-01 1.149000000000000021e+01
3.600000000000000000e+01 4.000000000000000000e+01 3.400000000000000244e-01 1.091999999999999993e+01
4.800000000000000000e+01 4.000000000000000000e+01 2.600000000000000089e-01 1.033999999999999986e+01
6.000000000000000000e+01 4.000000000000000000e+01 1.900000000000000022e-01 9.769999999999999574e+00
7.200000000000000000e+01 4.000000000000000000e+01 1.199999999999999956e-01 9.199999999999999289e+00
8.400000000000000000e+01 4.000000000000000000e+01 5.000000000000000278e-02 8.619999999999999218e+00
9.600000000000000000e+01 4.000000000000000000e+01 -2.000000000000000042e-02 8.050000000000000711e+00
1.080000000000000000e+02 4.000000000000000000e+01 -8.999999999999999667e-02 7.490000000000000213e+00
1.200000000000000000e+02 4.000000000000000000e+01 -1.799999999999999933e-01 6.900000000000000355e+00
1.320000000000000000e+02 4.000000000000000000e+01 -3.200000000000000067e-01 6.339999999999999858e+00
1.440000000000000000e+02 4.000000000000000000e+01 -3.900000000000000133e-01 5.769999999999999574e+00
1.560000000000000000e+02 4.000000000000000000e+01 -4.600000000000000200e-01 5.190000000000000391e+00
1.680000000000000000e+02 4.000000000000000000e+01 -5.999999999999999778e-01 4.620000000000000107e+00
1.800000000000000000e+02 4.000000000000000000e+01 -6.700000000000000400e-01 4.049999999999999822e+00
1.920000000000000000e+02 4.000000000000000000e+01 -7.399999999999999911e-01 3.470000000000000195e+00
2.040000000000000000e+02 4.000000000000000000e+01 -8.900000000000000133e-01 2.899999999999999911e+00
2.160000000000000000e+02 4.000000000000000000e+01 -9.599999999999999645e-01 2.339999999999999858e+00
2.280000000000000000e+02 4.000000000000000000e+01 -1.030000000000000027e+00 1.750000000000000000e+00
0.000000000000000000e+00 4.200000000000000000e+01 1.080000000000000071e+00 2.650000000000000000e+01
1.200000000000000000e+01 4.200000000000000000e+01 1.040000000000000036e+00 2.592999999999999972e+01
2.400000000000000000e+01 4.200000000000000000e+01 1.040000000000000036e+00 2.535999999999999943e+01
3.600000000000000000e+01 4.200000000000000000e+01 1.040000000000000036e+00 2.494000000000000128e+01
4.800000000000000000e+01 4.200000000000000000e+01 1.040000000000000036e+00 2.437000000000000099e+01
6.000000000000000000e+01 4.200000000000000000e+01 1.040000000000000036e+00 2.394999999999999929e+01
7.200000000000000000e+01 4.200000000000000000e+01 1.040000000000000036e+00 2.335000000000000142e+01
8.400000000000000000e+01 4.200000000000000000e+01 1.040000000000000036e+00 2.292000000000000171e+01
9.600000000000000000e+01 4.200000000000000000e+01 1.040000000000000036e+00 2.235000000000000142e+01
1.080000000000000000e+02 4.200000000000000000e+01 1.040000000000000036e+00 2.192999999999999972e+01
1.200000000000000000e+02 4.200000000000000000e+01 1.040000000000000036e+00 2.135999999999999943e+01
1.320000000000000000e+02 4.200000000000000000e+01 1.040000000000000036e+00 2.094000000000000128e+01
1.440000000000000000e+02 4.200000000000000000e+01 1.040000000000000036e+00 2.037000000000000099e+01
1.560000000000000000e+02 4.200000000000000000e+01 1.040000000000000036e+00 1.991000000000000014e+01
1.680000000000000000e+02 4.200000000000000000e+01 1.040000000000000036e+00 1.935000000000000142e+01
1.800000000000000000e+02 4.200000000000000000e+01 1.040000000000000036e+00 1.892000000000000171e+01
1.920000000000000000e+02 4.200000000000000000e+01 1.040000000000000036e+00 1.835000000000000142e+01
2.040000000000000000e+02 4.200000000000000000e+01 1.040000000000000036e+00 1.792999999999999972e+01
2.160000000000000000e+02 4.200000000000000000e+01 1.040000000000000036e+00 1.735999999999999943e+01
2.280000000000000000e+02 4.200000000000000000e+01 1.010000000000000009e+00 1.694000000000000128e+01
0.000000000000000000e+00 4.400000000000000000e+01 -2.237000000000000099e+01 5.469999999999999751e+00
1.200000000000000000e+01 4.400000000000000000e+01 -2.180999999999999872e+01 5.469999999999999751e+00
2.400000000000000000e+01 4.400000000000000000e+01 -2.123999999999999844e+01 5.469999999999999751e+00
3.600000000000000000e+01 4.400000000000000000e+01 -2.066000000000000014e+01 5.469999999999999751e+00
4.800000000000000000e+01 4.400000000000000000e+01 -2.001999999999999957e+01 5.469999999999999751e+00
6.000000000000000000e+01 4.400000000000000000e+01 -1.944999999999999929e+01 5.469999999999999751e+00
7.200000000000000000e+01 4.400000000000000000e+01 -1.887000000000000099e+01 5.469999999999999751e+00
8.400000000000000000e+01 4.400000000000000000e+01 -1.823000000000000043e+01 5.469999999999999751e+00
9.600000000000000000e+01 4.400000000000000000e+01 -1.767000000000000171e+01 5.469999999999999751e+00
1.080000000000000000e+02 4.400000000000000000e+01 -1.710000000000000142e+01 5.469999999999999751e+00
1.200000000000000000e+02 4.400000000000000000e+01 -1.653000000000000114e+01 5.469999999999999751e+00
1.320000000000000000e+02 4.400000000000000000e+01 -1.590000000000000036e+01 5.469999999999999751e+00
1.440000000000000000e+02 4.400000000000000000e+01 -1.531000000000000050e+01 5.469999999999999751e+00
1.560000000000000000e+02 4.400000000000000000e+01 -1.474000000000000021e+01 5.469999999999999751e+00
1.680000000000000000e+02 4.400000000000000000e+01 -1.408999999999999986e+01 5.469999999999999751e+00
1.800000000000000000e+02 4.400000000000000000e+01 -1.351999999999999957e+01 5.469999999999999751e+00
1.920000000000000000e+02 4.400000000000000000e+01 -1.296000000000000085e+01 5.469999999999999751e+00
2.040000000000000000e+02 4.400000000000000000e+01 -1.232000000000000028e+01 5.469999999999999751e+00
2.160000000000000000e+02 4.400000000000000000e+01 -1.175000000000000000e+01 5.469999999999999751e+00
2.280000000000000000e+02 4.400000000000000000e+01 -1.118999999999999950e+01 5.469999999999999751e+00
0.000000000000000000e+00 4.600000000000000000e+01 3.890000000000000124e+00 -3.520000000000000018e+00
1.200000000000000000e+01 4.600000000000000000e+01 3.890000000000000124e+00 -3.520000000000000018e+00
2.400000000000000000e+01 4.600000000000000000e+01 3.890000000000000124e+00 -3.520000000000000018e+00
3.600000000000000000e+01 4.600000000000000000e+01 3.890000000000000124e+00 -3.520000000000000018e+00
4.800000000000000000e+01 4.600000000000000000e+01 3.890000000000000124e+00 -3.520000000000000018e+00
6.000000000000000000e+01 4.600000000000000000e+01 3.890000000000000124e+00 -3.520000000000000018e+00
7.200000000000000000e+01 4.600000000000000000e+01 3.890000000000000124e+00 -3.520000000000000018e+00
8.400000000000000000e+01 4.600000000000000000e+01 3.890000000000000124e+00 -3.520000000000000018e+00
9.600000000000000000e+01 4.600000000000000000e+01 3.890000000000000124e+00 -3.520000000000000018e+00
1.080000000000000000e+02 4.600000000000000000e+01 3.890000000000000124e+00 -3.520000000000000018e+00
1.200000000000000000e+02 4.600000000000000000e+01 3.890000000000000124e+00 -3.520000000000000018e+00
1.320000000000000000e+02 4.600000000000000000e+01 3.890000000000000124e+00 -3.520000000000000018e+00
1.440000000000000000e+02 4.600000000000000000e+01 3.890000000000000124e+00 -3.520000000000000018e+00
1.560000000000000000e+02 4.600000000000000000e+01 3.890000000000000124e+00 -3.520000000000000018e+00
1.680000000000000000e+02 4.600000000000000000e+01 3.890000000000000124e+00 -3.520000000000000018e+00
1.800000000000000000e+02 4.600000000000000000e+01 3.890000000000000124e+00 -3.520000000000000018e+00
1.920000000000000000e+02 4.600000000000000000e+01 3.890000000000000124e+00 -3.520000000000000018e+00
2.040000000000000000e+02 4.600000000000000000e+01 3.890000000000000124e+00 -3.520000000000000018e+00
2.160000000000000000e+02 4.600000000000000000e+01 3.890000000000000124e+00 -3.520000000000000018e+00
2.280000000000000000e+02 4.600000000000000000e+01 3.890000000000000124e+00 -3.520000000000000018e+00
1.200000000000000000e+01 6.000000000000000000e+00 1.953999999999999915e+01 4.696000000000000085e+01
2.400000000000000000e+01 6.000000000000000000e+00 1.982000000000000028e+01 4.682000000000000028e+01
3.600000000000000000e+01 6.000000000000000000e+00 2.005000000000000071e+01 4.667000000000000171e+01
4.800000000000000000e+01 6.000000000000000000e+00 2.033999999999999986e+01 4.653000000000000114e+01
6.000000000000000000e+01 6.000000000000000000e+00 2.062000000000000099e+01 4.625000000000000000e+01
7.200000000000000000e+01 6.000000000000000000e+00 2.089999999999999858e+01 4.582000000000000028e+01
8.400000000000000000e+01 6.000000000000000000e+00 2.126000000000000156e+01 4.539999999999999858e+01
9.600000000000000000e+01 6.000000000000000000e+00 2.153999999999999915e+01 4.496999999999999886e+01
1.080000000000000000e+02 6.000000000000000000e+00 2.189000000000000057e+01 4.468999999999999773e+01
1.200000000000000000e+02 6.000000000000000000e+00 2.233999999999999986e+01 4.454999999999999716e+01
1.320000000000000000e+02 6.000000000000000000e+00 2.276000000000000156e+01 4.440999999999999659e+01
1.440000000000000000e+02 6.000000000000000000e+00 2.319000000000000128e+01 4.425000000000000000e+01
1.560000000000000000e+02 6.000000000000000000e+00 2.353999999999999915e+01 4.410999999999999943e+01
1.680000000000000000e+02 6.000000000000000000e+00 2.396000000000000085e+01 4.395000000000000284e+01
1.800000000000000000e+02 6.000000000000000000e+00 2.439000000000000057e+01 4.381000000000000227e+01
1.920000000000000000e+02 6.000000000000000000e+00 2.473999999999999844e+01 4.381000000000000227e+01
2.040000000000000000e+02 6.000000000000000000e+00 2.496000000000000085e+01 4.381000000000000227e+01
2.160000000000000000e+02 6.000000000000000000e+00 2.517000000000000171e+01 4.381000000000000227e+01
2.280000000000000000e+02 6.000000000000000000e+00 2.555999999999999872e+01 4.381000000000000227e+01
2.400000000000000000e+02 6.000000000000000000e+00 2.566000000000000014e+01 4.381000000000000227e+01
1.800000000000000000e+02 5.000000000000000000e+00 -9.150000000000000355e+00 4.839000000000000057e+01
1.920000000000000000e+02 5.000000000000000000e+00 -8.990000000000000213e+00 4.832000000000000028e+01
2.040000000000000000e+02 5.000000000000000000e+00 -8.710000000000000853e+00 4.817999999999999972e+01
2.160000000000000000e+02 5.000000000000000000e+00 -8.429999999999999716e+00 4.810999999999999943e+01
2.280000000000000000e+02 5.000000000000000000e+00 -8.210000000000000853e+00 4.789999999999999858e+01
2.400000000000000000e+02 5.000000000000000000e+00 -7.929999999999999716e+00 4.775000000000000000e+01
2.520000000000000000e+02 5.000000000000000000e+00 -7.580000000000000071e+00 4.753999999999999915e+01
2.640000000000000000e+02 5.000000000000000000e+00 -7.290000000000000036e+00 4.725999999999999801e+01
2.760000000000000000e+02 5.000000000000000000e+00 -6.940000000000000391e+00 4.710000000000000142e+01
2.880000000000000000e+02 5.000000000000000000e+00 -6.589999999999999858e+00 4.682000000000000028e+01
3.000000000000000000e+02 5.000000000000000000e+00 -6.410000000000000142e+00 4.667000000000000171e+01
3.120000000000000000e+02 5.000000000000000000e+00 -6.339999999999999858e+00 4.653000000000000114e+01
3.240000000000000000e+02 5.000000000000000000e+00 -6.160000000000000142e+00 4.625000000000000000e+01
3.360000000000000000e+02 5.000000000000000000e+00 -6.019999999999999574e+00 4.596999999999999886e+01
3.480000000000000000e+02 5.000000000000000000e+00 -5.879999999999999893e+00 4.567999999999999972e+01
3.600000000000000000e+02 5.000000000000000000e+00 -5.809999999999999609e+00 4.539999999999999858e+01
3.720000000000000000e+02 5.000000000000000000e+00 -5.809999999999999609e+00 4.539999999999999858e+01
3.840000000000000000e+02 5.000000000000000000e+00 -5.809999999999999609e+00 4.539999999999999858e+01
3.960000000000000000e+02 5.000000000000000000e+00 -5.809999999999999609e+00 4.539999999999999858e+01
4.080000000000000000e+02 5.000000000000000000e+00 -5.809999999999999609e+00 4.539999999999999858e+01
2.040000000000000000e+02 2.300000000000000000e+01 2.799999999999999822e+00 4.853000000000000114e+01
2.160000000000000000e+02 2.300000000000000000e+01 2.729999999999999982e+00 4.817999999999999972e+01
2.280000000000000000e+02 2.300000000000000000e+01 2.689999999999999947e+00 4.789999999999999858e+01
2.400000000000000000e+02 2.300000000000000000e+01 2.649999999999999911e+00 4.760999999999999943e+01
2.520000000000000000e+02 2.300000000000000000e+01 2.649999999999999911e+00 4.732999999999999829e+01
2.640000000000000000e+02 2.300000000000000000e+01 2.649999999999999911e+00 4.689000000000000057e+01
2.760000000000000000e+02 2.300000000000000000e+01 2.649999999999999911e+00 4.646000000000000085e+01
2.880000000000000000e+02 2.300000000000000000e+01 2.649999999999999911e+00 4.603999999999999915e+01
3.000000000000000000e+02 2.300000000000000000e+01 2.649999999999999911e+00 4.560999999999999943e+01
3.120000000000000000e+02 2.300000000000000000e+01 2.649999999999999911e+00 4.518999999999999773e+01
3.240000000000000000e+02 2.300000000000000000e+01 2.649999999999999911e+00 4.461999999999999744e+01
3.360000000000000000e+02 2.300000000000000000e+01 2.649999999999999911e+00 4.417999999999999972e+01
3.480000000000000000e+02 2.300000000000000000e+01 2.649999999999999911e+00 4.374000000000000199e+01
3.600000000000000000e+02 2.300000000000000000e+01 2.649999999999999911e+00 4.331000000000000227e+01
3.720000000000000000e+02 2.300000000000000000e+01 2.649999999999999911e+00 4.289000000000000057e+01
3.840000000000000000e+02 2.300000000000000000e+01 2.649999999999999911e+00 4.246000000000000085e+01
3.960000000000000000e+02 2.300000000000000000e+01 2.649999999999999911e+00 4.203999999999999915e+01
4.080000000000000000e+02 2.300000000000000000e+01 2.649999999999999911e+00 4.160999999999999943e+01
4.200000000000000000e+02 2.300000000000000000e+01 2.649999999999999911e+00 4.103000000000000114e+01
4.320000000000000000e+02 2.300000000000000000e+01 2.649999999999999911e+00 4.060000000000000142e+01
2.400000000000000000e+02 1.000000000000000000e+00 7.360000000000000320e+00 -5.400000000000000355e+00
2.520000000000000000e+02 1.000000000000000000e+00 7.790000000000000036e+00 -5.400000000000000355e+00
2.640000000000000000e+02 1.000000000000000000e+00 8.279999999999999361e+00 -5.540000000000000036e+00
2.760000000000000000e+02 1.000000000000000000e+00 8.710000000000000853e+00 -5.540000000000000036e+00
2.880000000000000000e+02 1.000000000000000000e+00 9.130000000000000782e+00 -5.540000000000000036e+00
3.000000000000000000e+02 1.000000000000000000e+00 9.560000000000000497e+00 -5.679999999999999716e+00
3.120000000000000000e+02 1.000000000000000000e+00 1.007000000000000028e+01 -5.679999999999999716e+00
3.240000000000000000e+02 1.000000000000000000e+00 1.050000000000000000e+01 -5.679999999999999716e+00
3.360000000000000000e+02 1.000000000000000000e+00 1.091999999999999993e+01 -5.820000000000000284e+00
3.480000000000000000e+02 1.000000000000000000e+00 1.141999999999999993e+01 -5.820000000000000284e+00
3.600000000000000000e+02 1.000000000000000000e+00 1.185999999999999943e+01 -5.820000000000000284e+00
3.720000000000000000e+02 1.000000000000000000e+00 1.227999999999999936e+01 -5.820000000000000284e+00
3.840000000000000000e+02 1.000000000000000000e+00 1.264000000000000057e+01 -5.820000000000000284e+00
3.960000000000000000e+02 1.000000000000000000e+00 1.299000000000000021e+01 -5.820000000000000284e+00
4.080000000000000000e+02 1.000000000000000000e+00 1.341999999999999993e+01 -5.820000000000000284e+00
4.200000000000000000e+02 1.000000000000000000e+00 1.376999999999999957e+01 -5.820000000000000284e+00
4.320000000000000000e+02 1.000000000000000000e+00 1.411999999999999922e+01 -5.820000000000000284e+00
4.440000000000000000e+02 1.000000000000000000e+00 1.455000000000000071e+01 -5.820000000000000284e+00
4.560000000000000000e+02 1.000000000000000000e+00 1.490000000000000036e+01 -5.820000000000000284e+00
4.680000000000000000e+02 1.000000000000000000e+00 1.526999999999999957e+01 -5.820000000000000284e+00
2.400000000000000000e+02 9.000000000000000000e+00 -3.430000000000000160e+00 1.349000000000000021e+01
2.520000000000000000e+02 9.000000000000000000e+00 -3.430000000000000160e+00 1.349000000000000021e+01
2.640000000000000000e+02 9.000000000000000000e+00 -3.430000000000000160e+00 1.349000000000000021e+01
2.760000000000000000e+02 9.000000000000000000e+00 -3.430000000000000160e+00 1.349000000000000021e+01
2.880000000000000000e+02 9.000000000000000000e+00 -3.430000000000000160e+00 1.349000000000000021e+01
3.000000000000000000e+02 9.000000000000000000e+00 -3.430000000000000160e+00 1.349000000000000021e+01
3.120000000000000000e+02 9.000000000000000000e+00 -3.430000000000000160e+00 1.349000000000000021e+01
3.240000000000000000e+02 9.000000000000000000e+00 -3.430000000000000160e+00 1.349000000000000021e+01
3.360000000000000000e+02 9.000000000000000000e+00 -3.430000000000000160e+00 1.349000000000000021e+01
3.480000000000000000e+02 9.000000000000000000e+00 -3.430000000000000160e+00 1.349000000000000021e+01
3.600000000000000000e+02 9.000000000000000000e+00 -3.430000000000000160e+00 1.349000000000000021e+01
3.720000000000000000e+02 9.000000000000000000e+00 -3.430000000000000160e+00 1.349000000000000021e+01
3.840000000000000000e+02 9.000000000000000000e+00 -3.430000000000000160e+00 1.349000000000000021e+01
3.960000000000000000e+02 9.000000000000000000e+00 -3.430000000000000160e+00 1.349000000000000021e+01
4.080000000000000000e+02 9.000000000000000000e+00 -3.430000000000000160e+00 1.349000000000000021e+01
4.200000000000000000e+02 9.000000000000000000e+00 -3.430000000000000160e+00 1.349000000000000021e+01
4.320000000000000000e+02 9.000000000000000000e+00 -3.430000000000000160e+00 1.349000000000000021e+01
4.440000000000000000e+02 9.000000000000000000e+00 -3.430000000000000160e+00 1.349000000000000021e+01
4.560000000000000000e+02 9.000000000000000000e+00 -3.430000000000000160e+00 1.349000000000000021e+01
4.680000000000000000e+02 9.000000000000000000e+00 -3.430000000000000160e+00 1.349000000000000021e+01
2.400000000000000000e+02 1.100000000000000000e+01 -2.589999999999999858e+00 1.349000000000000021e+01
2.520000000000000000e+02 1.100000000000000000e+01 -2.589999999999999858e+00 1.349000000000000021e+01
2.640000000000000000e+02 1.100000000000000000e+01 -2.589999999999999858e+00 1.349000000000000021e+01
2.760000000000000000e+02 1.100000000000000000e+01 -2.589999999999999858e+00 1.349000000000000021e+01
2.880000000000000000e+02 1.100000000000000000e+01 -2.589999999999999858e+00 1.349000000000000021e+01
3.000000000000000000e+02 1.100000000000000000e+01 -2.589999999999999858e+00 1.349000000000000021e+01
3.120000000000000000e+02 1.100000000000000000e+01 -2.589999999999999858e+00 1.349000000000000021e+01
3.240000000000000000e+02 1.100000000000000000e+01 -2.589999999999999858e+00 1.349000000000000021e+01
3.360000000000000000e+02 1.100000000000000000e+01 -2.589999999999999858e+00 1.349000000000000021e+01
3.480000000000000000e+02 1.100000000000000000e+01 -2.589999999999999858e+00 1.349000000000000021e+01
3.600000000000000000e+02 1.100000000000000000e+01 -2.589999999999999858e+00 1.349000000000000021e+01
3.720000000000000000e+02 1.100000000000000000e+01 -2.589999999999999858e+00 1.349000000000000021e+01
3.840000000000000000e+02 1.100000000000000000e+01 -2.589999999999999858e+00 1.349000000000000021e+01
3.960000000000000000e+02 1.100000000000000000e+01 -2.589999999999999858e+00 1.349000000000000021e+01
4.080000000000000000e+02 1.100000000000000000e+01 -2.589999999999999858e+00 1.349000000000000021e+01
4.200000000000000000e+02 1.100000000000000000e+01 -2.589999999999999858e+00 1.349000000000000021e+01
4.320000000000000000e+02 1.100000000000000000e+01 -2.589999999999999858e+00 1.349000000000000021e+01
4.440000000000000000e+02 1.100000000000000000e+01 -2.589999999999999858e+00 1.349000000000000021e+01
4.560000000000000000e+02 1.100000000000000000e+01 -2.589999999999999858e+00 1.349000000000000021e+01
4.680000000000000000e+02 1.100000000000000000e+01 -2.589999999999999858e+00 1.349000000000000021e+01
2.400000000000000000e+02 1.300000000000000000e+01 -1.629999999999999893e+00 1.376999999999999957e+01
2.520000000000000000e+02 1.300000000000000000e+01 -1.629999999999999893e+00 1.376999999999999957e+01
2.640000000000000000e+02 1.300000000000000000e+01 -1.629999999999999893e+00 1.376999999999999957e+01
2.760000000000000000e+02 1.300000000000000000e+01 -1.629999999999999893e+00 1.376999999999999957e+01
2.880000000000000000e+02 1.300000000000000000e+01 -1.629999999999999893e+00 1.376999999999999957e+01
3.000000000000000000e+02 1.300000000000000000e+01 -1.629999999999999893e+00 1.376999999999999957e+01
3.120000000000000000e+02 1.300000000000000000e+01 -1.629999999999999893e+00 1.376999999999999957e+01
3.240000000000000000e+02 1.300000000000000000e+01 -1.629999999999999893e+00 1.376999999999999957e+01
3.360000000000000000e+02 1.300000000000000000e+01 -1.629999999999999893e+00 1.376999999999999957e+01
3.480000000000000000e+02 1.300000000000000000e+01 -1.629999999999999893e+00 1.376999999999999957e+01
3.600000000000000000e+02 1.300000000000000000e+01 -1.629999999999999893e+00 1.376999999999999957e+01
3.720000000000000000e+02 1.300000000000000000e+01 -1.629999999999999893e+00 1.376999999999999957e+01
3.840000000000000000e+02 1.300000000000000000e+01 -1.629999999999999893e+00 1.376999999999999957e+01
3.960000000000000000e+02 1.300000000000000000e+01 -1.629999999999999893e+00 1.376999999999999957e+01
4.080000000000000000e+02 1.300000000000000000e+01 -1.629999999999999893e+00 1.376999999999999957e+01
4.200000000000000000e+02 1.300000000000000000e+01 -1.629999999999999893e+00 1.376999999999999957e+01
4.320000000000000000e+02 1.300000000000000000e+01 -1.629999999999999893e+00 1.376999999999999957e+01
4.440000000000000000e+02 1.300000000000000000e+01 -1.629999999999999893e+00 1.376999999999999957e+01
4.560000000000000000e+02 1.300000000000000000e+01 -1.629999999999999893e+00 1.376999999999999957e+01
4.680000000000000000e+02 1.300000000000000000e+01 -1.629999999999999893e+00 1.376999999999999957e+01
2.400000000000000000e+02 1.500000000000000000e+01 -1.739999999999999991e+00 1.471000000000000085e+01
2.520000000000000000e+02 1.500000000000000000e+01 -1.739999999999999991e+00 1.471000000000000085e+01
2.640000000000000000e+02 1.500000000000000000e+01 -1.739999999999999991e+00 1.471000000000000085e+01
2.760000000000000000e+02 1.500000000000000000e+01 -1.739999999999999991e+00 1.471000000000000085e+01
2.880000000000000000e+02 1.500000000000000000e+01 -1.739999999999999991e+00 1.471000000000000085e+01
3.000000000000000000e+02 1.500000000000000000e+01 -1.739999999999999991e+00 1.471000000000000085e+01
3.120000000000000000e+02 1.500000000000000000e+01 -1.739999999999999991e+00 1.471000000000000085e+01
3.240000000000000000e+02 1.500000000000000000e+01 -1.739999999999999991e+00 1.471000000000000085e+01
3.360000000000000000e+02 1.500000000000000000e+01 -1.739999999999999991e+00 1.471000000000000085e+01
3.480000000000000000e+02 1.500000000000000000e+01 -1.739999999999999991e+00 1.471000000000000085e+01
3.600000000000000000e+02 1.500000000000000000e+01 -1.739999999999999991e+00 1.471000000000000085e+01
3.720000000000000000e+02 1.500000000000000000e+01 -1.739999999999999991e+00 1.471000000000000085e+01
3.840000000000000000e+02 1.500000000000000000e+01 -1.739999999999999991e+00 1.471000000000000085e+01
3.960000000000000000e+02 1.500000000000000000e+01 -1.739999999999999991e+00 1.471000000000000085e+01
4.080000000000000000e+02 1.500000000000000000e+01 -1.739999999999999991e+00 1.471000000000000085e+01
4.200000000000000000e+02 1.500000000000000000e+01 -1.739999999999999991e+00 1.471000000000000085e+01
4.320000000000000000e+02 1.500000000000000000e+01 -1.739999999999999991e+00 1.471000000000000085e+01
4.440000000000000000e+02 1.500000000000000000e+01 -1.739999999999999991e+00 1.471000000000000085e+01
4.560000000000000000e+02 1.500000000000000000e+01 -1.739999999999999991e+00 1.471000000000000085e+01
4.680000000000000000e+02 1.500000000000000000e+01 -1.739999999999999991e+00 1.471000000000000085e+01
2.400000000000000000e+02 1.800000000000000000e+01 6.899999999999999467e-01 -9.970000000000000639e+00
2.520000000000000000e+02 1.800000000000000000e+01 7.600000000000000089e-01 -1.068999999999999950e+01
2.640000000000000000e+02 1.800000000000000000e+01 8.299999999999999600e-01 -1.156000000000000050e+01
2.760000000000000000e+02 1.800000000000000000e+01 9.000000000000000222e-01 -1.226999999999999957e+01
2.880000000000000000e+02 1.800000000000000000e+01 9.699999999999999734e-01 -1.297000000000000064e+01
3.000000000000000000e+02 1.800000000000000000e+01 1.110000000000000098e+00 -1.367999999999999972e+01
3.120000000000000000e+02 1.800000000000000000e+01 1.110000000000000098e+00 -1.457000000000000028e+01
3.240000000000000000e+02 1.800000000000000000e+01 1.199999999999999956e+00 -1.541999999999999993e+01
3.360000000000000000e+02 1.800000000000000000e+01 1.270000000000000018e+00 -1.626999999999999957e+01
3.480000000000000000e+02 1.800000000000000000e+01 1.340000000000000080e+00 -1.712000000000000099e+01
3.600000000000000000e+02 1.800000000000000000e+01 1.419999999999999929e+00 -1.762999999999999901e+01
3.720000000000000000e+02 1.800000000000000000e+01 1.419999999999999929e+00 -1.826999999999999957e+01
3.840000000000000000e+02 1.800000000000000000e+01 1.419999999999999929e+00 -1.848000000000000043e+01
3.960000000000000000e+02 1.800000000000000000e+01 1.340000000000000080e+00 -1.742000000000000171e+01
4.080000000000000000e+02 1.800000000000000000e+01 1.199999999999999956e+00 -1.576999999999999957e+01
4.200000000000000000e+02 1.800000000000000000e+01 1.040000000000000036e+00 -1.413000000000000078e+01
4.320000000000000000e+02 1.800000000000000000e+01 9.000000000000000222e-01 -1.261999999999999922e+01
4.440000000000000000e+02 1.800000000000000000e+01 7.600000000000000089e-01 -1.097000000000000064e+01
4.560000000000000000e+02 1.800000000000000000e+01 6.199999999999999956e-01 -9.330000000000000071e+00
4.680000000000000000e+02 1.800000000000000000e+01 4.799999999999999822e-01 -7.769999999999999574e+00
2.400000000000000000e+02 2.000000000000000000e+01 8.279999999999999361e+00 1.149000000000000021e+01
2.520000000000000000e+02 2.000000000000000000e+01 8.279999999999999361e+00 1.149000000000000021e+01
2.640000000000000000e+02 2.000000000000000000e+01 8.279999999999999361e+00 1.149000000000000021e+01
2.760000000000000000e+02 2.000000000000000000e+01 8.279999999999999361e+00 1.149000000000000021e+01
2.880000000000000000e+02 2.000000000000000000e+01 8.279999999999999361e+00 1.149000000000000021e+01
3.000000000000000000e+02 2.000000000000000000e+01 8.279999999999999361e+00 1.149000000000000021e+01
3.120000000000000000e+02 2.000000000000000000e+01 8.279999999999999361e+00 1.149000000000000021e+01
3.240000000000000000e+02 2.000000000000000000e+01 8.279999999999999361e+00 1.149000000000000021e+01
3.360000000000000000e+02 2.000000000000000000e+01 8.279999999999999361e+00 1.149000000000000021e+01
3.480000000000000000e+02 2.000000000000000000e+01 8.279999999999999361e+00 1.149000000000000021e+01
3.600000000000000000e+02 2.000000000000000000e+01 8.279999999999999361e+00 1.149000000000000021e+01
3.720000000000000000e+02 2.000000000000000000e+01 8.279999999999999361e+00 1.149000000000000021e+01
3.840000000000000000e+02 2.000000000000000000e+01 8.279999999999999361e+00 1.149000000000000021e+01
3.960000000000000000e+02 2.000000000000000000e+01 8.279999999999999361e+00 1.149000000000000021e+01
4.080000000000000000e+02 2.000000000000000000e+01 8.279999999999999361e+00 1.149000000000000021e+01
4.200000000000000000e+02 2.000000000000000000e+01 8.279999999999999361e+00 1.149000000000000021e+01
4.320000000000000000e+02 2.000000000000000000e+01 8.279999999999999361e+00 1.149000000000000021e+01
4.440000000000000000e+02 2.000000000000000000e+01 8.279999999999999361e+00 1.149000000000000021e+01
4.560000000000000000e+02 2.000000000000000000e+01 8.279999999999999361e+00 1.149000000000000021e+01
4.680000000000000000e+02 2.000000000000000000e+01 8.279999999999999361e+00 1.149000000000000021e+01
2.400000000000000000e+02 2.200000000000000000e+01 -1.949999999999999956e+00 1.835000000000000142e+01
2.520000000000000000e+02 2.200000000000000000e+01 -2.020000000000000018e+00 1.878000000000000114e+01
2.640000000000000000e+02 2.200000000000000000e+01 -2.020000000000000018e+00 1.935000000000000142e+01
2.760000000000000000e+02 2.200000000000000000e+01 -2.089999999999999858e+00 1.976999999999999957e+01
2.880000000000000000e+02 2.200000000000000000e+01 -2.089999999999999858e+00 2.021000000000000085e+01
3.000000000000000000e+02 2.200000000000000000e+01 -2.160000000000000142e+00 2.066000000000000014e+01
3.120000000000000000e+02 2.200000000000000000e+01 -2.160000000000000142e+00 2.107999999999999829e+01
3.240000000000000000e+02 2.200000000000000000e+01 -2.229999999999999982e+00 2.164999999999999858e+01
3.360000000000000000e+02 2.200000000000000000e+01 -2.299999999999999822e+00 2.207000000000000028e+01
3.480000000000000000e+02 2.200000000000000000e+01 -2.299999999999999822e+00 2.250000000000000000e+01
3.600000000000000000e+02 2.200000000000000000e+01 -2.299999999999999822e+00 2.292000000000000171e+01
3.720000000000000000e+02 2.200000000000000000e+01 -2.299999999999999822e+00 2.350000000000000000e+01
3.840000000000000000e+02 2.200000000000000000e+01 -2.299999999999999822e+00 2.394999999999999929e+01
3.960000000000000000e+02 2.200000000000000000e+01 -2.299999999999999822e+00 2.451000000000000156e+01
4.080000000000000000e+02 2.200000000000000000e+01 -2.299999999999999822e+00 2.494000000000000128e+01
4.200000000000000000e+02 2.200000000000000000e+01 -2.299999999999999822e+00 2.550000000000000000e+01
4.320000000000000000e+02 2.200000000000000000e+01 -2.229999999999999982e+00 2.592999999999999972e+01
4.440000000000000000e+02 2.200000000000000000e+01 -2.229999999999999982e+00 2.635000000000000142e+01
4.560000000000000000e+02 2.200000000000000000e+01 -2.229999999999999982e+00 2.694000000000000128e+01
4.680000000000000000e+02 2.200000000000000000e+01 -2.229999999999999982e+00 2.737999999999999901e+01
2.400000000000000000e+02 2.500000000000000000e+01 8.320000000000000284e+00 9.490000000000000213e+00
2.520000000000000000e+02 2.500000000000000000e+01 7.820000000000000284e+00 9.490000000000000213e+00
2.640000000000000000e+02 2.500000000000000000e+01 7.330000000000000071e+00 9.490000000000000213e+00
2.760000000000000000e+02 2.500000000000000000e+01 6.900000000000000355e+00 9.490000000000000213e+00
2.880000000000000000e+02 2.500000000000000000e+01 6.480000000000000426e+00 9.490000000000000213e+00
3.000000000000000000e+02 2.500000000000000000e+01 6.110000000000000320e+00 9.630000000000000782e+00
3.120000000000000000e+02 2.500000000000000000e+01 5.679999999999999716e+00 9.769999999999999574e+00
3.240000000000000000e+02 2.500000000000000000e+01 5.330000000000000071e+00 9.910000000000000142e+00
3.360000000000000000e+02 2.500000000000000000e+01 4.969999999999999751e+00 1.005000000000000071e+01
3.480000000000000000e+02 2.500000000000000000e+01 4.530000000000000249e+00 1.018999999999999950e+01
3.600000000000000000e+02 2.500000000000000000e+01 4.179999999999999716e+00 1.034999999999999964e+01
3.720000000000000000e+02 2.500000000000000000e+01 3.819999999999999840e+00 1.050000000000000000e+01
3.840000000000000000e+02 2.500000000000000000e+01 3.399999999999999911e+00 1.064000000000000057e+01
3.960000000000000000e+02 2.500000000000000000e+01 3.109999999999999876e+00 1.091999999999999993e+01
4.080000000000000000e+02 2.500000000000000000e+01 2.830000000000000071e+00 1.133999999999999986e+01
4.200000000000000000e+02 2.500000000000000000e+01 2.620000000000000107e+00 1.191000000000000014e+01
4.320000000000000000e+02 2.500000000000000000e+01 2.339999999999999858e+00 1.233999999999999986e+01
4.440000000000000000e+02 2.500000000000000000e+01 2.259999999999999787e+00 1.275999999999999979e+01
4.560000000000000000e+02 2.500000000000000000e+01 2.189999999999999947e+00 1.306000000000000050e+01
4.680000000000000000e+02 2.500000000000000000e+01 2.120000000000000107e+00 1.349000000000000021e+01
2.400000000000000000e+02 2.700000000000000000e+01 8.140000000000000568e+00 8.619999999999999218e+00
2.520000000000000000e+02 2.700000000000000000e+01 7.650000000000000355e+00 8.619999999999999218e+00
2.640000000000000000e+02 2.700000000000000000e+01 7.219999999999999751e+00 8.619999999999999218e+00
2.760000000000000000e+02 2.700000000000000000e+01 6.730000000000000426e+00 8.619999999999999218e+00
2.880000000000000000e+02 2.700000000000000000e+01 6.230000000000000426e+00 8.619999999999999218e+00
3.000000000000000000e+02 2.700000000000000000e+01 5.719999999999999751e+00 8.759999999999999787e+00
3.120000000000000000e+02 2.700000000000000000e+01 5.219999999999999751e+00 8.900000000000000355e+00
3.240000000000000000e+02 2.700000000000000000e+01 4.639999999999999680e+00 9.039999999999999147e+00
3.360000000000000000e+02 2.700000000000000000e+01 4.139999999999999680e+00 9.189999999999999503e+00
3.480000000000000000e+02 2.700000000000000000e+01 3.720000000000000195e+00 9.490000000000000213e+00
3.600000000000000000e+02 2.700000000000000000e+01 3.430000000000000160e+00 9.769999999999999574e+00
3.720000000000000000e+02 2.700000000000000000e+01 3.149999999999999911e+00 1.018999999999999950e+01
3.840000000000000000e+02 2.700000000000000000e+01 2.870000000000000107e+00 1.050000000000000000e+01
3.960000000000000000e+02 2.700000000000000000e+01 2.580000000000000071e+00 1.091999999999999993e+01
4.080000000000000000e+02 2.700000000000000000e+01 2.229999999999999982e+00 1.119999999999999929e+01
4.200000000000000000e+02 2.700000000000000000e+01 1.949999999999999956e+00 1.163000000000000078e+01
4.320000000000000000e+02 2.700000000000000000e+01 1.659999999999999920e+00 1.191000000000000014e+01
4.440000000000000000e+02 2.700000000000000000e+01 1.379999999999999893e+00 1.233999999999999986e+01
4.560000000000000000e+02 2.700000000000000000e+01 1.310000000000000053e+00 1.277999999999999936e+01
4.680000000000000000e+02 2.700000000000000000e+01 1.239999999999999991e+00 1.319999999999999929e+01
2.400000000000000000e+02 2.900000000000000000e+01 -8.990000000000000213e+00 1.091999999999999993e+01
2.520000000000000000e+02 2.900000000000000000e+01 -8.500000000000000000e+00 1.106000000000000050e+01
2.640000000000000000e+02 2.900000000000000000e+01 -8.070000000000000284e+00 1.106000000000000050e+01
2.760000000000000000e+02 2.900000000000000000e+01 -7.650000000000000355e+00 1.106000000000000050e+01
2.880000000000000000e+02 2.900000000000000000e+01 -7.290000000000000036e+00 1.119999999999999929e+01
3.000000000000000000e+02 2.900000000000000000e+01 -7.080000000000000071e+00 1.119999999999999929e+01
3.120000000000000000e+02 2.900000000000000000e+01 -6.870000000000000107e+00 1.133999999999999986e+01
3.240000000000000000e+02 2.900000000000000000e+01 -6.620000000000000107e+00 1.133999999999999986e+01
3.360000000000000000e+02 2.900000000000000000e+01 -6.339999999999999858e+00 1.149000000000000021e+01
3.480000000000000000e+02 2.900000000000000000e+01 -5.980000000000000426e+00 1.149000000000000021e+01
3.600000000000000000e+02 2.900000000000000000e+01 -5.559999999999999609e+00 1.149000000000000021e+01
3.720000000000000000e+02 2.900000000000000000e+01 -5.190000000000000391e+00 1.149000000000000021e+01
3.840000000000000000e+02 2.900000000000000000e+01 -4.830000000000000071e+00 1.149000000000000021e+01
3.960000000000000000e+02 2.900000000000000000e+01 -4.480000000000000426e+00 1.163000000000000078e+01
4.080000000000000000e+02 2.900000000000000000e+01 -4.120000000000000107e+00 1.176999999999999957e+01
4.200000000000000000e+02 2.900000000000000000e+01 -3.750000000000000000e+00 1.205000000000000071e+01
4.320000000000000000e+02 2.900000000000000000e+01 -3.470000000000000195e+00 1.218999999999999950e+01
4.440000000000000000e+02 2.900000000000000000e+01 -3.120000000000000107e+00 1.233999999999999986e+01
4.560000000000000000e+02 2.900000000000000000e+01 -2.759999999999999787e+00 1.248000000000000043e+01
4.680000000000000000e+02 2.900000000000000000e+01 -2.620000000000000107e+00 1.261999999999999922e+01
2.400000000000000000e+02 3.100000000000000000e+01 -9.609999999999999432e+00 1.018999999999999950e+01
2.520000000000000000e+02 3.100000000000000000e+01 -9.099999999999999645e+00 1.018999999999999950e+01
2.640000000000000000e+02 3.100000000000000000e+01 -8.599999999999999645e+00 1.018999999999999950e+01
2.760000000000000000e+02 3.100000000000000000e+01 -8.179999999999999716e+00 1.033999999999999986e+01
2.880000000000000000e+02 3.100000000000000000e+01 -7.900000000000000355e+00 1.033999999999999986e+01
3.000000000000000000e+02 3.100000000000000000e+01 -7.540000000000000036e+00 1.048000000000000043e+01
3.120000000000000000e+02 3.100000000000000000e+01 -7.259999999999999787e+00 1.064000000000000057e+01
3.240000000000000000e+02 3.100000000000000000e+01 -6.900000000000000355e+00 1.064000000000000057e+01
3.360000000000000000e+02 3.100000000000000000e+01 -6.620000000000000107e+00 1.077999999999999936e+01
3.480000000000000000e+02 3.100000000000000000e+01 -6.269999999999999574e+00 1.077999999999999936e+01
3.600000000000000000e+02 3.100000000000000000e+01 -5.980000000000000426e+00 1.091999999999999993e+01
3.720000000000000000e+02 3.100000000000000000e+01 -5.700000000000000178e+00 1.106000000000000050e+01
3.840000000000000000e+02 3.100000000000000000e+01 -5.259999999999999787e+00 1.106000000000000050e+01
3.960000000000000000e+02 3.100000000000000000e+01 -4.900000000000000355e+00 1.106000000000000050e+01
4.080000000000000000e+02 3.100000000000000000e+01 -4.480000000000000426e+00 1.106000000000000050e+01
4.200000000000000000e+02 3.100000000000000000e+01 -4.120000000000000107e+00 1.119999999999999929e+01
4.320000000000000000e+02 3.100000000000000000e+01 -3.750000000000000000e+00 1.133999999999999986e+01
4.440000000000000000e+02 3.100000000000000000e+01 -3.399999999999999911e+00 1.149000000000000021e+01
4.560000000000000000e+02 3.100000000000000000e+01 -3.049999999999999822e+00 1.163000000000000078e+01
4.680000000000000000e+02 3.100000000000000000e+01 -2.830000000000000071e+00 1.163000000000000078e+01
2.400000000000000000e+02 3.300000000000000000e+01 9.630000000000000782e+00 1.091999999999999993e+01
2.520000000000000000e+02 3.300000000000000000e+01 9.630000000000000782e+00 1.091999999999999993e+01
2.640000000000000000e+02 3.300000000000000000e+01 9.630000000000000782e+00 1.091999999999999993e+01
2.760000000000000000e+02 3.300000000000000000e+01 9.630000000000000782e+00 1.091999999999999993e+01
2.880000000000000000e+02 3.300000000000000000e+01 9.630000000000000782e+00 1.091999999999999993e+01
3.000000000000000000e+02 3.300000000000000000e+01 9.630000000000000782e+00 1.091999999999999993e+01
3.120000000000000000e+02 3.300000000000000000e+01 9.630000000000000782e+00 1.091999999999999993e+01
3.240000000000000000e+02 3.300000000000000000e+01 9.630000000000000782e+00 1.091999999999999993e+01
3.360000000000000000e+02 3.300000000000000000e+01 9.630000000000000782e+00 1.091999999999999993e+01
3.480000000000000000e+02 3.300000000000000000e+01 9.630000000000000782e+00 1.091999999999999993e+01
3.600000000000000000e+02 3.300000000000000000e+01 9.630000000000000782e+00 1.091999999999999993e+01
3.720000000000000000e+02 3.300000000000000000e+01 9.630000000000000782e+00 1.091999999999999993e+01
3.840000000000000000e+02 3.300000000000000000e+01 9.630000000000000782e+00 1.091999999999999993e+01
3.960000000000000000e+02 3.300000000000000000e+01 9.630000000000000782e+00 1.091999999999999993e+01
4.080000000000000000e+02 3.300000000000000000e+01 9.630000000000000782e+00 1.091999999999999993e+01
4.200000000000000000e+02 3.300000000000000000e+01 9.630000000000000782e+00 1.091999999999999993e+01
4.320000000000000000e+02 3.300000000000000000e+01 9.630000000000000782e+00 1.091999999999999993e+01
4.440000000000000000e+02 3.300000000000000000e+01 9.630000000000000782e+00 1.091999999999999993e+01
4.560000000000000000e+02 3.300000000000000000e+01 9.630000000000000782e+00 1.091999999999999993e+01
4.680000000000000000e+02 3.300000000000000000e+01 9.630000000000000782e+00 1.091999999999999993e+01
2.400000000000000000e+02 3.500000000000000000e+01 1.106000000000000050e+01 -4.200000000000000178e+00
2.520000000000000000e+02 3.500000000000000000e+01 1.071000000000000085e+01 -4.200000000000000178e+00
2.640000000000000000e+02 3.500000000000000000e+01 1.041999999999999993e+01 -4.200000000000000178e+00
2.760000000000000000e+02 3.500000000000000000e+01 9.980000000000000426e+00 -4.339999999999999858e+00
2.880000000000000000e+02 3.500000000000000000e+01 9.560000000000000497e+00 -4.339999999999999858e+00
3.000000000000000000e+02 3.500000000000000000e+01 9.130000000000000782e+00 -4.480000000000000426e+00
3.120000000000000000e+02 3.500000000000000000e+01 8.710000000000000853e+00 -4.480000000000000426e+00
3.240000000000000000e+02 3.500000000000000000e+01 8.279999999999999361e+00 -4.620000000000000107e+00
3.360000000000000000e+02 3.500000000000000000e+01 7.790000000000000036e+00 -4.620000000000000107e+00
3.480000000000000000e+02 3.500000000000000000e+01 7.219999999999999751e+00 -4.620000000000000107e+00
3.600000000000000000e+02 3.500000000000000000e+01 6.730000000000000426e+00 -4.620000000000000107e+00
3.720000000000000000e+02 3.500000000000000000e+01 6.139999999999999680e+00 -4.620000000000000107e+00
3.840000000000000000e+02 3.500000000000000000e+01 5.650000000000000355e+00 -4.620000000000000107e+00
3.960000000000000000e+02 3.500000000000000000e+01 5.080000000000000071e+00 -4.549999999999999822e+00
4.080000000000000000e+02 3.500000000000000000e+01 4.639999999999999680e+00 -4.549999999999999822e+00
4.200000000000000000e+02 3.500000000000000000e+01 4.139999999999999680e+00 -4.410000000000000142e+00
4.320000000000000000e+02 3.500000000000000000e+01 3.649999999999999911e+00 -4.269999999999999574e+00
4.440000000000000000e+02 3.500000000000000000e+01 3.220000000000000195e+00 -4.269999999999999574e+00
4.560000000000000000e+02 3.500000000000000000e+01 2.729999999999999982e+00 -4.120000000000000107e+00
4.680000000000000000e+02 3.500000000000000000e+01 2.229999999999999982e+00 -3.970000000000000195e+00
2.400000000000000000e+02 3.700000000000000000e+01 1.879999999999999893e+00 -1.189999999999999947e+00
2.520000000000000000e+02 3.700000000000000000e+01 1.879999999999999893e+00 -1.189999999999999947e+00
2.640000000000000000e+02 3.700000000000000000e+01 1.879999999999999893e+00 -1.189999999999999947e+00
2.760000000000000000e+02 3.700000000000000000e+01 1.879999999999999893e+00 -1.189999999999999947e+00
2.880000000000000000e+02 3.700000000000000000e+01 1.949999999999999956e+00 -1.330000000000000071e+00
3.000000000000000000e+02 3.700000000000000000e+01 2.020000000000000018e+00 -1.330000000000000071e+00
3.120000000000000000e+02 3.700000000000000000e+01 2.020000000000000018e+00 -1.330000000000000071e+00
3.240000000000000000e+02 3.700000000000000000e+01 2.089999999999999858e+00 -1.330000000000000071e+00
3.360000000000000000e+02 3.700000000000000000e+01 2.089999999999999858e+00 -1.330000000000000071e+00
3.480000000000000000e+02 3.700000000000000000e+01 1.949999999999999956e+00 -1.330000000000000071e+00
3.600000000000000000e+02 3.700000000000000000e+01 1.879999999999999893e+00 -1.330000000000000071e+00
3.720000000000000000e+02 3.700000000000000000e+01 1.800000000000000044e+00 -1.330000000000000071e+00
3.840000000000000000e+02 3.700000000000000000e+01 1.659999999999999920e+00 -1.330000000000000071e+00
3.960000000000000000e+02 3.700000000000000000e+01 1.590000000000000080e+00 -1.330000000000000071e+00
4.080000000000000000e+02 3.700000000000000000e+01 1.590000000000000080e+00 -1.189999999999999947e+00
4.200000000000000000e+02 3.700000000000000000e+01 1.590000000000000080e+00 -1.189999999999999947e+00
4.320000000000000000e+02 3.700000000000000000e+01 1.590000000000000080e+00 -1.189999999999999947e+00
4.440000000000000000e+02 3.700000000000000000e+01 1.590000000000000080e+00 -1.189999999999999947e+00
4.560000000000000000e+02 3.700000000000000000e+01 1.590000000000000080e+00 -1.189999999999999947e+00
4.680000000000000000e+02 3.700000000000000000e+01 1.590000000000000080e+00 -1.189999999999999947e+00
2.400000000000000000e+02 3.900000000000000000e+01 -5.000000000000000278e-02 9.000000000000000222e-01
2.520000000000000000e+02 3.900000000000000000e+01 -2.000000000000000111e-01 3.400000000000000244e-01
2.640000000000000000e+02 3.900000000000000000e+01 -2.800000000000000266e-01 -1.100000000000000006e-01
2.760000000000000000e+02 3.900000000000000000e+01 -2.800000000000000266e-01 -6.700000000000000400e-01
2.880000000000000000e+02 3.900000000000000000e+01 -2.800000000000000266e-01 -1.100000000000000089e+00
3.000000000000000000e+02 3.900000000000000000e+01 -5.000000000000000278e-02 -1.679999999999999938e+00
3.120000000000000000e+02 3.900000000000000000e+01 2.300000000000000100e-01 -2.250000000000000000e+00
3.240000000000000000e+02 3.900000000000000000e+01 5.799999999999999600e-01 -2.669999999999999929e+00
3.360000000000000000e+02 3.900000000000000000e+01 1.010000000000000009e+00 -2.959999999999999964e+00
3.480000000000000000e+02 3.900000000000000000e+01 1.449999999999999956e+00 -3.259999999999999787e+00
3.600000000000000000e+02 3.900000000000000000e+01 1.949999999999999956e+00 -3.540000000000000036e+00
3.720000000000000000e+02 3.900000000000000000e+01 2.370000000000000107e+00 -3.819999999999999840e+00
3.840000000000000000e+02 3.900000000000000000e+01 2.799999999999999822e+00 -4.110000000000000320e+00
3.960000000000000000e+02 3.900000000000000000e+01 3.290000000000000036e+00 -4.389999999999999680e+00
4.080000000000000000e+02 3.900000000000000000e+01 3.790000000000000036e+00 -4.530000000000000249e+00
4.200000000000000000e+02 3.900000000000000000e+01 4.280000000000000249e+00 -4.690000000000000391e+00
4.320000000000000000e+02 3.900000000000000000e+01 4.780000000000000249e+00 -4.830000000000000071e+00
4.440000000000000000e+02 3.900000000000000000e+01 5.290000000000000036e+00 -4.969999999999999751e+00
4.560000000000000000e+02 3.900000000000000000e+01 5.790000000000000036e+00 -4.969999999999999751e+00
4.680000000000000000e+02 3.900000000000000000e+01 6.370000000000000107e+00 -4.969999999999999751e+00
2.400000000000000000e+02 4.100000000000000000e+01 -1.030000000000000027e+00 1.189999999999999947e+00
2.520000000000000000e+02 4.100000000000000000e+01 -1.030000000000000027e+00 6.199999999999999956e-01
2.640000000000000000e+02 4.100000000000000000e+01 -1.030000000000000027e+00 2.999999999999999889e-02
2.760000000000000000e+02 4.100000000000000000e+01 -1.030000000000000027e+00 -5.300000000000000266e-01
2.880000000000000000e+02 4.100000000000000000e+01 -9.899999999999999911e-01 -9.599999999999999645e-01
3.000000000000000000e+02 4.100000000000000000e+01 -7.800000000000000266e-01 -1.679999999999999938e+00
3.120000000000000000e+02 4.100000000000000000e+01 -5.699999999999999512e-01 -2.390000000000000124e+00
3.240000000000000000e+02 4.100000000000000000e+01 -2.800000000000000266e-01 -2.959999999999999964e+00
3.360000000000000000e+02 4.100000000000000000e+01 1.199999999999999956e-01 -3.259999999999999787e+00
3.480000000000000000e+02 4.100000000000000000e+01 6.199999999999999956e-01 -3.540000000000000036e+00
3.600000000000000000e+02 4.100000000000000000e+01 1.129999999999999893e+00 -3.970000000000000195e+00
3.720000000000000000e+02 4.100000000000000000e+01 1.659999999999999920e+00 -4.320000000000000284e+00
3.840000000000000000e+02 4.100000000000000000e+01 2.160000000000000142e+00 -4.690000000000000391e+00
3.960000000000000000e+02 4.100000000000000000e+01 2.649999999999999911e+00 -5.049999999999999822e+00
4.080000000000000000e+02 4.100000000000000000e+01 3.189999999999999947e+00 -5.330000000000000071e+00
4.200000000000000000e+02 4.100000000000000000e+01 3.720000000000000195e+00 -5.540000000000000036e+00
4.320000000000000000e+02 4.100000000000000000e+01 4.209999999999999964e+00 -5.540000000000000036e+00
4.440000000000000000e+02 4.100000000000000000e+01 4.849999999999999645e+00 -5.679999999999999716e+00
4.560000000000000000e+02 4.100000000000000000e+01 5.500000000000000000e+00 -5.820000000000000284e+00
4.680000000000000000e+02 4.100000000000000000e+01 6.160000000000000142e+00 -5.820000000000000284e+00
2.400000000000000000e+02 4.300000000000000000e+01 9.399999999999999467e-01 1.633999999999999986e+01
2.520000000000000000e+02 4.300000000000000000e+01 8.699999999999999956e-01 1.591000000000000014e+01
2.640000000000000000e+02 4.300000000000000000e+01 8.000000000000000444e-01 1.534999999999999964e+01
2.760000000000000000e+02 4.300000000000000000e+01 7.199999999999999734e-01 1.491999999999999993e+01
2.880000000000000000e+02 4.300000000000000000e+01 6.500000000000000222e-01 1.434999999999999964e+01
3.000000000000000000e+02 4.300000000000000000e+01 5.799999999999999600e-01 1.392999999999999972e+01
3.120000000000000000e+02 4.300000000000000000e+01 5.100000000000000089e-01 1.333999999999999986e+01
3.240000000000000000e+02 4.300000000000000000e+01 5.100000000000000089e-01 1.275999999999999979e+01
3.360000000000000000e+02 4.300000000000000000e+01 4.400000000000000022e-01 1.233999999999999986e+01
3.480000000000000000e+02 4.300000000000000000e+01 3.699999999999999956e-01 1.176999999999999957e+01
3.600000000000000000e+02 4.300000000000000000e+01 2.999999999999999889e-01 1.133999999999999986e+01
3.720000000000000000e+02 4.300000000000000000e+01 2.300000000000000100e-01 1.077999999999999936e+01
3.840000000000000000e+02 4.300000000000000000e+01 1.600000000000000033e-01 1.034999999999999964e+01
3.960000000000000000e+02 4.300000000000000000e+01 8.999999999999999667e-02 9.910000000000000142e+00
4.080000000000000000e+02 4.300000000000000000e+01 2.000000000000000042e-02 9.330000000000000071e+00
4.200000000000000000e+02 4.300000000000000000e+01 -5.000000000000000278e-02 8.900000000000000355e+00
4.320000000000000000e+02 4.300000000000000000e+01 -1.199999999999999956e-01 8.339999999999999858e+00
4.440000000000000000e+02 4.300000000000000000e+01 -2.000000000000000111e-01 7.910000000000000142e+00
4.560000000000000000e+02 4.300000000000000000e+01 -2.700000000000000178e-01 7.339999999999999858e+00
4.680000000000000000e+02 4.300000000000000000e+01 -3.400000000000000244e-01 6.919999999999999929e+00
2.400000000000000000e+02 4.500000000000000000e+01 -1.059999999999999964e+01 5.469999999999999751e+00
2.520000000000000000e+02 4.500000000000000000e+01 -9.970000000000000639e+00 5.469999999999999751e+00
2.640000000000000000e+02 4.500000000000000000e+01 -9.400000000000000355e+00 5.469999999999999751e+00
2.760000000000000000e+02 4.500000000000000000e+01 -8.820000000000000284e+00 5.469999999999999751e+00
2.880000000000000000e+02 4.500000000000000000e+01 -8.179999999999999716e+00 5.469999999999999751e+00
3.000000000000000000e+02 4.500000000000000000e+01 -7.610000000000000320e+00 5.469999999999999751e+00
3.120000000000000000e+02 4.500000000000000000e+01 -7.049999999999999822e+00 5.469999999999999751e+00
3.240000000000000000e+02 4.500000000000000000e+01 -6.410000000000000142e+00 5.469999999999999751e+00
3.360000000000000000e+02 4.500000000000000000e+01 -5.839999999999999858e+00 5.610000000000000320e+00
3.480000000000000000e+02 4.500000000000000000e+01 -5.190000000000000391e+00 5.610000000000000320e+00
3.600000000000000000e+02 4.500000000000000000e+01 -4.620000000000000107e+00 5.610000000000000320e+00
3.720000000000000000e+02 4.500000000000000000e+01 -3.979999999999999982e+00 5.750000000000000000e+00
3.840000000000000000e+02 4.500000000000000000e+01 -3.330000000000000071e+00 5.750000000000000000e+00
3.960000000000000000e+02 4.500000000000000000e+01 -2.689999999999999947e+00 5.750000000000000000e+00
4.080000000000000000e+02 4.500000000000000000e+01 -2.120000000000000107e+00 5.889999999999999680e+00
4.200000000000000000e+02 4.500000000000000000e+01 -1.489999999999999991e+00 5.889999999999999680e+00
4.320000000000000000e+02 4.500000000000000000e+01 -8.499999999999999778e-01 5.889999999999999680e+00
4.440000000000000000e+02 4.500000000000000000e+01 -2.000000000000000111e-01 6.030000000000000249e+00
4.560000000000000000e+02 4.500000000000000000e+01 3.699999999999999956e-01 6.030000000000000249e+00
4.680000000000000000e+02 4.500000000000000000e+01 1.010000000000000009e+00 6.190000000000000391e+00
2.400000000000000000e+02 4.700000000000000000e+01 3.890000000000000124e+00 -3.520000000000000018e+00
2.520000000000000000e+02 4.700000000000000000e+01 3.890000000000000124e+00 -3.520000000000000018e+00
2.640000000000000000e+02 4.700000000000000000e+01 3.890000000000000124e+00 -3.520000000000000018e+00
2.760000000000000000e+02 4.700000000000000000e+01 3.890000000000000124e+00 -3.520000000000000018e+00
2.880000000000000000e+02 4.700000000000000000e+01 3.890000000000000124e+00 -3.520000000000000018e+00
3.000000000000000000e+02 4.700000000000000000e+01 3.890000000000000124e+00 -3.520000000000000018e+00
3.120000000000000000e+02 4.700000000000000000e+01 3.890000000000000124e+00 -3.520000000000000018e+00
3.240000000000000000e+02 4.700000000000000000e+01 3.890000000000000124e+00 -3.520000000000000018e+00
3.360000000000000000e+02 4.700000000000000000e+01 3.890000000000000124e+00 -3.520000000000000018e+00
3.480000000000000000e+02 4.700000000000000000e+01 3.890000000000000124e+00 -3.520000000000000018e+00
3.600000000000000000e+02 4.700000000000000000e+01 3.890000000000000124e+00 -3.520000000000000018e+00
3.720000000000000000e+02 4.700000000000000000e+01 3.890000000000000124e+00 -3.520000000000000018e+00
3.840000000000000000e+02 4.700000000000000000e+01 3.890000000000000124e+00 -3.520000000000000018e+00
3.960000000000000000e+02 4.700000000000000000e+01 3.890000000000000124e+00 -3.520000000000000018e+00
4.080000000000000000e+02 4.700000000000000000e+01 3.890000000000000124e+00 -3.520000000000000018e+00
4.200000000000000000e+02 4.700000000000000000e+01 3.890000000000000124e+00 -3.520000000000000018e+00
4.320000000000000000e+02 4.700000000000000000e+01 3.890000000000000124e+00 -3.520000000000000018e+00
4.440000000000000000e+02 4.700000000000000000e+01 3.890000000000000124e+00 -3.520000000000000018e+00
4.560000000000000000e+02 4.700000000000000000e+01 3.890000000000000124e+00 -3.520000000000000018e+00
4.680000000000000000e+02 4.700000000000000000e+01 3.890000000000000124e+00 -3.520000000000000018e+00
2.520000000000000000e+02 7.000000000000000000e+00 2.523999999999999844e+01 4.396999999999999886e+01
2.640000000000000000e+02 7.000000000000000000e+00 2.505000000000000071e+01 4.406000000000000227e+01
2.760000000000000000e+02 7.000000000000000000e+00 2.485999999999999943e+01 4.414000000000000057e+01
2.880000000000000000e+02 7.000000000000000000e+00 2.467999999999999972e+01 4.422999999999999687e+01
3.000000000000000000e+02 7.000000000000000000e+00 2.448999999999999844e+01 4.431000000000000227e+01
3.120000000000000000e+02 7.000000000000000000e+00 2.430000000000000071e+01 4.439999999999999858e+01
3.240000000000000000e+02 7.000000000000000000e+00 2.412000000000000099e+01 4.449000000000000199e+01
3.360000000000000000e+02 7.000000000000000000e+00 2.392999999999999972e+01 4.457000000000000028e+01
3.480000000000000000e+02 7.000000000000000000e+00 2.375000000000000000e+01 4.465999999999999659e+01
3.600000000000000000e+02 7.000000000000000000e+00 2.355999999999999872e+01 4.474000000000000199e+01
3.720000000000000000e+02 7.000000000000000000e+00 2.337000000000000099e+01 4.482999999999999829e+01
3.840000000000000000e+02 7.000000000000000000e+00 2.319000000000000128e+01 4.492000000000000171e+01
3.960000000000000000e+02 7.000000000000000000e+00 2.300000000000000000e+01 4.500000000000000000e+01
4.080000000000000000e+02 7.000000000000000000e+00 2.280999999999999872e+01 4.509000000000000341e+01
4.200000000000000000e+02 7.000000000000000000e+00 2.262999999999999901e+01 4.517000000000000171e+01
4.320000000000000000e+02 7.000000000000000000e+00 2.244000000000000128e+01 4.525999999999999801e+01
4.440000000000000000e+02 7.000000000000000000e+00 2.225000000000000000e+01 4.534000000000000341e+01
4.560000000000000000e+02 7.000000000000000000e+00 2.207000000000000028e+01 4.542999999999999972e+01
4.680000000000000000e+02 7.000000000000000000e+00 2.187999999999999901e+01 4.552000000000000313e+01
4.800000000000000000e+02 7.000000000000000000e+00 2.169999999999999929e+01 4.560000000000000142e+01
