72.000 1.000 -13.970 22.130
84.000 1.000 -13.050 22.270
96.000 1.000 -12.080 22.450
108.000 1.000 -11.170 22.640
120.000 1.000 -10.290 22.780
132.000 1.000 -9.740 22.960
144.000 1.000 -9.240 23.140
156.000 1.000 -8.780 23.140
168.000 1.000 -8.230 23.280
180.000 1.000 -7.770 23.280
192.000 1.000 -7.260 23.460
204.000 1.000 -6.710 23.650
216.000 1.000 -6.210 23.280
228.000 1.000 -5.610 22.960
240.000 1.000 -5.150 22.780
252.000 1.000 -4.690 22.640
264.000 1.000 -4.230 22.640
276.000 1.000 -3.780 22.450
288.000 1.000 -3.320 22.450
300.000 1.000 -2.860 22.270
72.000 11.000 -21.770 18.160
84.000 11.000 -20.900 18.160
96.000 11.000 -20.160 18.160
108.000 11.000 -19.340 18.160
120.000 11.000 -18.740 17.980
132.000 11.000 -18.280 17.980
144.000 11.000 -17.730 17.980
156.000 11.000 -17.220 17.980
168.000 11.000 -16.670 17.840
180.000 11.000 -16.170 17.840
192.000 11.000 -15.620 17.840
204.000 11.000 -15.110 17.840
216.000 11.000 -14.650 17.840
228.000 11.000 -14.190 17.840
240.000 11.000 -13.740 17.980
252.000 11.000 -13.280 17.980
264.000 11.000 -12.840 18.160
276.000 11.000 -12.400 18.160
288.000 11.000 -11.950 18.350
300.000 11.000 -11.490 18.350
72.000 25.000 -4.370 14.810
84.000 25.000 -4.140 14.630
96.000 25.000 -3.940 14.440
108.000 25.000 -3.550 14.120
120.000 25.000 -3.090 13.620
132.000 25.000 -3.040 13.110
144.000 25.000 -3.180 12.790
156.000 25.000 -3.320 12.420
168.000 25.000 -3.680 12.010
180.000 25.000 -4.050 11.600
192.000 25.000 -4.510 11.090
204.000 25.000 -4.880 10.750
216.000 25.000 -5.340 10.430
228.000 25.000 -5.790 9.920
240.000 25.000 -6.160 9.580
252.000 25.000 -6.620 9.070
264.000 25.000 -6.990 8.570
276.000 25.000 -7.520 8.220
288.000 25.000 -7.980 7.900
300.000 25.000 -8.410 7.560
72.000 30.000 7.490 16.050
84.000 30.000 8.730 15.890
96.000 30.000 9.900 15.710
108.000 30.000 11.120 15.550
120.000 30.000 12.310 15.390
132.000 30.000 13.000 15.640
144.000 30.000 13.460 15.800
156.000 30.000 13.320 15.800
168.000 30.000 13.160 15.800
180.000 30.000 13.000 15.800
192.000 30.000 12.860 15.800
204.000 30.000 12.730 15.640
216.000 30.000 12.540 15.640
228.000 30.000 12.400 15.640
240.000 30.000 12.270 15.640
252.000 30.000 12.110 15.640
264.000 30.000 11.950 15.480
276.000 30.000 11.810 15.480
288.000 30.000 11.670 15.480
300.000 30.000 11.490 15.480
72.000 34.000 7.610 17.660
84.000 34.000 8.820 17.840
96.000 34.000 10.020 17.980
108.000 34.000 11.300 18.160
120.000 34.000 12.520 18.160
132.000 34.000 13.140 18.160
144.000 34.000 13.510 18.160
156.000 34.000 13.350 18.160
168.000 34.000 13.140 18.160
180.000 34.000 12.980 18.160
192.000 34.000 12.820 18.160
204.000 34.000 12.590 18.160
216.000 34.000 12.450 18.160
228.000 34.000 12.290 18.160
240.000 34.000 12.080 18.160
252.000 34.000 11.920 18.160
264.000 34.000 11.760 18.160
276.000 34.000 11.530 18.160
288.000 34.000 11.390 18.160
300.000 34.000 11.230 18.160
72.000 44.000 9.540 19.010
84.000 44.000 10.800 19.240
96.000 44.000 12.010 19.590
108.000 44.000 13.230 19.860
120.000 44.000 14.450 20.090
132.000 44.000 14.450 20.270
144.000 44.000 14.380 20.270
156.000 44.000 14.290 20.270
168.000 44.000 14.150 20.270
180.000 44.000 14.080 20.270
192.000 44.000 13.990 20.270
204.000 44.000 13.390 20.090
216.000 44.000 12.790 19.930
228.000 44.000 12.340 19.930
240.000 44.000 11.950 19.930
252.000 44.000 11.580 19.930
264.000 44.000 11.190 20.090
276.000 44.000 10.750 20.090
288.000 44.000 10.360 20.090
300.000 44.000 9.990 20.090
72.000 48.000 9.350 20.340
84.000 48.000 10.500 20.690
96.000 48.000 11.600 21.030
108.000 48.000 12.750 21.350
120.000 48.000 13.800 21.540
132.000 48.000 13.920 21.700
144.000 48.000 13.920 21.700
156.000 48.000 13.920 21.700
168.000 48.000 13.920 21.770
180.000 48.000 13.920 21.770
192.000 48.000 13.920 21.770
204.000 48.000 13.160 21.700
216.000 48.000 12.400 21.440
228.000 48.000 11.970 21.440
240.000 48.000 11.580 21.440
252.000 48.000 11.190 21.440
264.000 48.000 10.820 21.440
276.000 48.000 10.360 21.440
288.000 48.000 9.990 21.440
300.000 48.000 9.630 21.440
72.000 58.000 -31.750 -20.280
84.000 58.000 -31.610 -19.590
96.000 58.000 -31.520 -18.950
108.000 58.000 -31.380 -18.260
120.000 58.000 -31.290 -17.570
132.000 58.000 -31.200 -16.930
144.000 58.000 -31.200 -16.060
156.000 58.000 -31.150 -15.410
168.000 58.000 -31.150 -14.730
180.000 58.000 -31.060 -13.900
192.000 58.000 -31.060 -13.210
204.000 58.000 -30.990 -12.380
216.000 58.000 -30.990 -11.880
228.000 58.000 -30.990 -11.370
240.000 58.000 -30.990 -10.870
252.000 58.000 -30.990 -10.360
264.000 58.000 -30.990 -9.860
276.000 58.000 -30.930 -9.350
288.000 58.000 -30.930 -8.850
300.000 58.000 -30.930 -8.340
72.000 60.000 -4.830 16.830
84.000 60.000 -4.390 16.900
96.000 60.000 -3.890 16.990
108.000 60.000 -3.410 17.080
120.000 60.000 -2.950 17.150
132.000 60.000 -2.880 17.060
144.000 60.000 -3.020 17.060
156.000 60.000 -3.410 17.060
168.000 60.000 -3.800 17.060
180.000 60.000 -4.230 17.060
192.000 60.000 -4.620 17.060
204.000 60.000 -4.990 16.900
216.000 60.000 -5.360 16.740
228.000 60.000 -5.750 16.740
240.000 60.000 -6.280 16.740
252.000 60.000 -6.740 16.740
264.000 60.000 -7.240 16.740
276.000 60.000 -7.700 16.740
288.000 60.000 -8.250 16.740
300.000 60.000 -8.460 16.050
72.000 63.000 -4.740 18.830
84.000 63.000 -4.280 18.830
96.000 63.000 -3.890 18.670
108.000 63.000 -3.450 18.670
120.000 63.000 -3.000 18.670
132.000 63.000 -2.900 18.670
144.000 63.000 -3.000 18.670
156.000 63.000 -3.360 18.670
168.000 63.000 -3.750 18.510
180.000 63.000 -4.190 18.510
192.000 63.000 -4.580 18.510
204.000 63.000 -4.880 18.510
216.000 63.000 -5.180 18.510
228.000 63.000 -5.400 18.510
240.000 63.000 -5.860 18.320
252.000 63.000 -6.300 18.160
264.000 63.000 -6.760 18.000
276.000 63.000 -7.150 17.820
288.000 63.000 -7.590 17.660
300.000 63.000 -8.040 17.500
72.000 66.000 1.040 15.550
84.000 66.000 1.640 15.550
96.000 66.000 2.330 15.730
108.000 66.000 2.930 15.890
120.000 66.000 3.610 15.890
132.000 66.000 3.480 16.050
144.000 66.000 3.250 16.050
156.000 66.000 3.020 16.050
168.000 66.000 2.860 16.050
180.000 66.000 2.650 16.050
192.000 66.000 2.420 16.050
204.000 66.000 1.370 15.550
216.000 66.000 0.810 15.730
228.000 66.000 0.360 15.890
240.000 66.000 -0.100 15.730
252.000 66.000 -0.540 15.730
264.000 66.000 -0.980 15.730
276.000 66.000 -1.370 15.550
288.000 66.000 -1.800 15.550
300.000 66.000 -2.260 15.550
96.000 53.000 -30.420 43.730
108.000 53.000 -30.190 44.230
120.000 53.000 -29.890 44.920
132.000 53.000 -29.590 45.560
144.000 53.000 -29.070 45.930
156.000 53.000 -28.470 46.440
168.000 53.000 -28.080 46.440
180.000 53.000 -27.710 46.570
192.000 53.000 -27.350 46.760
204.000 53.000 -26.950 47.080
216.000 53.000 -26.560 47.450
228.000 53.000 -26.200 47.770
240.000 53.000 -25.740 48.270
252.000 53.000 -25.370 48.780
264.000 53.000 -25.070 49.100
276.000 53.000 -24.770 49.280
288.000 53.000 -24.450 49.600
300.000 53.000 -24.020 49.970
312.000 53.000 -23.630 50.290
324.000 53.000 -23.170 50.480
96.000 55.000 12.570 29.270
108.000 55.000 13.620 28.930
120.000 55.000 15.040 28.420
132.000 55.000 16.330 28.080
144.000 55.000 17.090 27.760
156.000 55.000 17.610 27.250
168.000 55.000 17.840 26.910
180.000 55.000 18.140 26.400
192.000 55.000 18.370 26.080
204.000 55.000 18.370 25.580
216.000 55.000 18.370 24.890
228.000 55.000 18.440 24.380
240.000 55.000 18.670 24.060
252.000 55.000 18.830 23.560
264.000 55.000 19.130 23.050
276.000 55.000 19.590 22.710
288.000 55.000 20.070 22.200
300.000 55.000 20.480 21.700
312.000 55.000 20.900 21.540
324.000 55.000 20.900 21.540
120.000 18.000 18.350 21.280
132.000 18.000 20.280 21.100
144.000 18.000 20.280 20.940
156.000 18.000 20.280 20.590
168.000 18.000 20.280 20.270
180.000 18.000 20.280 20.090
192.000 18.000 20.280 19.770
204.000 18.000 20.140 19.420
216.000 18.000 19.770 18.920
228.000 18.000 19.080 18.580
240.000 18.000 18.720 18.580
252.000 18.000 18.350 18.580
264.000 18.000 17.940 18.580
276.000 18.000 17.660 18.580
288.000 18.000 17.290 18.580
300.000 18.000 16.880 18.580
312.000 18.000 16.600 18.580
324.000 18.000 15.920 18.580
336.000 18.000 15.320 18.580
348.000 18.000 14.720 18.580
120.000 71.000 12.040 17.060
132.000 71.000 12.860 17.060
144.000 71.000 13.530 17.060
156.000 71.000 13.390 17.060
168.000 71.000 13.160 17.060
180.000 71.000 13.020 17.060
192.000 71.000 12.840 17.150
204.000 71.000 12.630 17.080
216.000 71.000 12.470 17.080
228.000 71.000 12.290 17.150
240.000 71.000 12.110 17.150
252.000 71.000 11.920 17.150
264.000 71.000 11.780 17.060
276.000 71.000 11.580 17.150
288.000 71.000 11.370 17.150
300.000 71.000 11.230 17.150
312.000 71.000 11.100 17.240
324.000 71.000 10.730 17.060
336.000 71.000 10.410 16.900
348.000 71.000 10.090 16.900
156.000 54.000 -19.790 16.560
168.000 54.000 -20.300 16.400
180.000 54.000 -20.850 16.400
192.000 54.000 -21.310 16.400
204.000 54.000 -21.750 16.400
216.000 54.000 -22.270 16.560
228.000 54.000 -22.730 16.560
240.000 54.000 -23.190 16.560
252.000 54.000 -23.700 16.560
264.000 54.000 -24.150 16.560
276.000 54.000 -24.710 16.400
288.000 54.000 -25.140 16.400
300.000 54.000 -25.670 16.230
312.000 54.000 -26.130 16.230
324.000 54.000 -26.590 16.230
336.000 54.000 -27.090 16.050
348.000 54.000 -27.550 16.050
360.000 54.000 -28.150 15.890
372.000 54.000 -28.770 15.890
384.000 54.000 -29.390 15.730
204.000 8.000 -31.640 20.780
216.000 8.000 -31.180 20.590
228.000 8.000 -30.650 20.590
240.000 8.000 -30.190 20.590
252.000 8.000 -29.690 20.430
264.000 8.000 -29.140 20.430
276.000 8.000 -28.680 20.430
288.000 8.000 -28.170 20.270
300.000 8.000 -27.620 20.270
312.000 8.000 -27.180 20.270
324.000 8.000 -26.660 20.090
336.000 8.000 -26.130 20.090
348.000 8.000 -25.670 20.090
360.000 8.000 -25.140 19.930
372.000 8.000 -24.610 19.930
384.000 8.000 -24.180 19.930
396.000 8.000 -23.630 19.770
408.000 8.000 -23.100 19.770
420.000 8.000 -22.660 19.770
432.000 8.000 -22.110 19.590
204.000 15.000 -29.780 20.590
216.000 15.000 -29.320 20.430
228.000 15.000 -28.810 20.430
240.000 15.000 -28.350 20.430
252.000 15.000 -27.830 20.430
264.000 15.000 -27.370 20.430
276.000 15.000 -26.840 20.430
288.000 15.000 -26.380 20.430
300.000 15.000 -25.880 20.430
312.000 15.000 -25.330 20.270
324.000 15.000 -24.870 20.270
336.000 15.000 -24.360 20.270
348.000 15.000 -23.900 20.270
360.000 15.000 -23.350 20.270
372.000 15.000 -22.920 20.270
384.000 15.000 -22.390 20.270
396.000 15.000 -21.860 20.270
408.000 15.000 -21.420 20.090
420.000 15.000 -20.870 20.090
432.000 15.000 -20.410 20.090
204.000 38.000 -31.450 21.280
216.000 38.000 -30.990 21.100
228.000 38.000 -30.470 21.100
240.000 38.000 -30.010 21.100
252.000 38.000 -29.480 21.100
264.000 38.000 -28.950 20.940
276.000 38.000 -28.490 20.940
288.000 38.000 -27.960 20.940
300.000 38.000 -27.530 20.940
312.000 38.000 -27.000 20.940
324.000 38.000 -26.470 20.780
336.000 38.000 -26.010 20.780
348.000 38.000 -25.490 20.780
360.000 38.000 -25.030 20.780
372.000 38.000 -24.500 20.780
384.000 38.000 -23.970 20.590
396.000 38.000 -23.510 20.590
408.000 38.000 -22.980 20.590
420.000 38.000 -22.550 20.590
432.000 38.000 -22.020 20.590
204.000 41.000 -30.010 22.040
216.000 41.000 -29.550 21.860
228.000 41.000 -29.040 21.860
240.000 41.000 -28.580 21.860
252.000 41.000 -28.030 21.860
264.000 41.000 -27.530 21.860
276.000 41.000 -27.070 21.860
288.000 41.000 -26.540 21.860
300.000 41.000 -26.110 21.860
312.000 41.000 -25.550 21.860
324.000 41.000 -25.030 21.860
336.000 41.000 -24.590 21.860
348.000 41.000 -24.040 21.860
360.000 41.000 -23.580 21.860
372.000 41.000 -23.080 21.860
384.000 41.000 -22.530 21.860
396.000 41.000 -22.090 21.860
408.000 41.000 -21.560 21.860
420.000 41.000 -21.100 21.860
432.000 41.000 -20.570 21.860
204.000 52.000 -20.800 30.440
216.000 52.000 -20.510 30.600
228.000 52.000 -20.120 30.760
240.000 52.000 -19.820 30.950
252.000 52.000 -19.450 31.110
264.000 52.000 -19.150 31.270
276.000 52.000 -18.760 31.450
288.000 52.000 -18.460 31.610
300.000 52.000 -18.100 31.770
312.000 52.000 -18.000 31.960
324.000 52.000 -18.000 31.960
336.000 52.000 -18.000 31.960
348.000 52.000 -18.000 31.960
360.000 52.000 -18.000 31.960
372.000 52.000 -18.000 31.960
384.000 52.000 -18.000 31.960
396.000 52.000 -18.000 31.960
408.000 52.000 -18.000 31.960
420.000 52.000 -18.000 31.960
432.000 52.000 -18.000 31.960
216.000 22.000 -8.960 53.410
228.000 22.000 -9.190 53.410
240.000 22.000 -9.490 53.410
252.000 22.000 -9.790 53.410
264.000 22.000 -10.090 53.410
276.000 22.000 -10.380 53.410
288.000 22.000 -10.610 53.640
300.000 22.000 -10.840 53.920
312.000 22.000 -10.980 53.990
324.000 22.000 -11.210 54.260
336.000 22.000 -11.510 54.330
348.000 22.000 -11.970 54.170
360.000 22.000 -12.400 53.920
372.000 22.000 -12.840 53.830
384.000 22.000 -13.230 53.730
396.000 22.000 -13.280 54.080
408.000 22.000 -13.460 54.260
420.000 22.000 -13.460 54.400
432.000 22.000 -13.830 54.400
444.000 22.000 -14.190 54.400
312.000 2.000 -2.350 22.270
324.000 2.000 -2.120 22.270
336.000 2.000 -1.800 22.270
348.000 2.000 -1.530 22.270
360.000 2.000 -1.200 22.450
372.000 2.000 -0.930 22.450
384.000 2.000 -0.610 22.450
396.000 2.000 -0.330 22.450
408.000 2.000 0.860 22.200
420.000 2.000 2.540 21.700
432.000 2.000 3.160 22.270
444.000 2.000 3.520 22.130
456.000 2.000 3.940 22.130
468.000 2.000 4.300 22.130
480.000 2.000 4.670 22.130
492.000 2.000 5.040 22.130
504.000 2.000 5.450 21.950
516.000 2.000 5.910 21.950
528.000 2.000 6.370 21.950
540.000 2.000 6.830 21.950
312.000 12.000 -10.940 18.480
324.000 12.000 -10.570 18.480
336.000 12.000 -10.110 18.480
348.000 12.000 -9.740 18.480
360.000 12.000 -9.280 18.480
372.000 12.000 -8.920 18.480
384.000 12.000 -8.460 18.480
396.000 12.000 -8.000 18.480
408.000 12.000 -7.220 17.840
420.000 12.000 -6.230 17.060
432.000 12.000 -5.700 17.060
444.000 12.000 -5.240 17.060
456.000 12.000 -4.790 17.150
468.000 12.000 -4.330 17.150
480.000 12.000 -3.780 17.150
492.000 12.000 -3.320 17.150
504.000 12.000 -2.830 16.970
516.000 12.000 -2.420 16.900
528.000 12.000 -1.960 16.900
540.000 12.000 -1.550 16.740
312.000 26.000 -8.800 7.050
324.000 26.000 -9.100 6.710
336.000 26.000 -9.560 6.390
348.000 26.000 -10.160 5.880
360.000 26.000 -10.750 5.540
372.000 26.000 -11.370 5.200
384.000 26.000 -11.970 4.870
396.000 26.000 -12.500 4.530
408.000 26.000 -12.960 4.030
420.000 26.000 -13.410 3.680
432.000 26.000 -13.870 3.360
444.000 26.000 -14.310 2.850
456.000 26.000 -14.840 2.510
468.000 26.000 -15.300 2.190
480.000 26.000 -15.820 2.010
492.000 26.000 -16.350 1.680
504.000 26.000 -16.810 1.410
516.000 26.000 -17.270 1.250
528.000 26.000 -17.750 1.020
540.000 26.000 -18.350 0.650
312.000 31.000 11.350 15.480
324.000 31.000 10.980 15.290
336.000 31.000 10.610 15.290
348.000 31.000 10.200 15.290
360.000 31.000 9.830 15.290
372.000 31.000 9.470 15.290
384.000 31.000 9.100 15.290
396.000 31.000 8.780 15.290
408.000 31.000 9.240 15.130
420.000 31.000 10.200 15.130
432.000 31.000 10.060 15.130
444.000 31.000 9.830 15.130
456.000 31.000 9.600 15.130
468.000 31.000 9.330 15.130
480.000 31.000 9.100 15.130
492.000 31.000 8.870 15.130
504.000 31.000 8.640 15.130
516.000 31.000 8.410 15.130
528.000 31.000 8.180 15.130
540.000 31.000 7.950 15.220
312.000 35.000 11.070 18.350
324.000 35.000 10.710 18.160
336.000 35.000 10.340 18.160
348.000 35.000 9.950 17.980
360.000 35.000 9.650 17.980
372.000 35.000 9.280 17.840
384.000 35.000 8.890 17.840
396.000 35.000 8.530 17.840
408.000 35.000 9.120 17.500
420.000 35.000 10.360 17.240
432.000 35.000 10.250 17.240
444.000 35.000 9.990 17.400
456.000 35.000 9.770 17.590
468.000 35.000 9.510 17.660
480.000 35.000 9.280 17.820
492.000 35.000 9.050 17.910
504.000 35.000 8.730 18.000
516.000 35.000 8.530 18.000
528.000 35.000 8.270 18.000
540.000 35.000 8.000 18.000
312.000 45.000 9.600 20.270
324.000 45.000 9.170 20.090
336.000 45.000 8.760 20.000
348.000 45.000 8.340 19.860
360.000 45.000 7.930 19.770
372.000 45.000 6.920 19.770
384.000 45.000 6.090 19.840
396.000 45.000 5.820 19.840
408.000 45.000 6.090 19.520
420.000 45.000 7.010 19.170
432.000 45.000 6.480 19.170
444.000 45.000 5.860 19.170
456.000 45.000 5.360 19.170
468.000 45.000 4.900 19.170
480.000 45.000 4.440 19.170
492.000 45.000 3.980 19.170
504.000 45.000 3.520 19.010
516.000 45.000 3.020 19.010
528.000 45.000 2.470 18.830
540.000 45.000 1.960 18.760
312.000 49.000 9.240 21.440
324.000 49.000 8.640 21.260
336.000 49.000 8.020 21.260
348.000 49.000 7.520 21.260
360.000 49.000 6.900 21.260
372.000 49.000 6.300 21.440
384.000 49.000 5.680 21.440
396.000 49.000 5.180 21.120
408.000 49.000 5.610 20.760
420.000 49.000 6.670 20.620
432.000 49.000 6.300 20.620
444.000 49.000 5.680 20.620
456.000 49.000 5.080 20.760
468.000 49.000 4.560 20.760
480.000 49.000 3.960 20.760
492.000 49.000 3.430 20.760
504.000 49.000 2.830 20.620
516.000 49.000 2.380 20.620
528.000 49.000 1.920 20.620
540.000 49.000 1.460 20.620
312.000 59.000 -30.930 -7.840
324.000 59.000 -30.930 -7.340
336.000 59.000 -30.830 -6.830
348.000 59.000 -30.830 -6.330
360.000 59.000 -30.830 -5.820
372.000 59.000 -30.830 -5.320
384.000 59.000 -30.830 -4.810
396.000 59.000 -30.830 -4.310
408.000 59.000 -30.830 -3.620
420.000 59.000 -30.830 -3.110
432.000 59.000 -30.830 -2.610
444.000 59.000 -30.830 -2.100
456.000 59.000 -30.830 -1.600
468.000 59.000 -30.830 -1.090
480.000 59.000 -30.830 -0.590
492.000 59.000 -30.830 -0.080
504.000 59.000 -30.930 0.330
516.000 59.000 -31.020 0.840
528.000 59.000 -31.110 1.340
540.000 59.000 -31.220 1.840
312.000 61.000 -8.620 15.390
324.000 61.000 -9.150 16.050
336.000 61.000 -9.670 16.050
348.000 61.000 -10.270 16.050
360.000 61.000 -10.800 16.050
372.000 61.000 -11.330 16.050
384.000 61.000 -11.850 16.050
396.000 61.000 -12.380 15.390
408.000 61.000 -12.540 15.220
420.000 61.000 -12.540 15.390
432.000 61.000 -12.840 15.220
444.000 61.000 -13.140 15.040
456.000 61.000 -13.760 15.220
468.000 61.000 -14.580 15.550
480.000 61.000 -15.090 15.550
492.000 61.000 -15.640 15.390
504.000 61.000 -16.170 15.220
516.000 61.000 -16.600 15.130
528.000 61.000 -17.110 14.950
540.000 61.000 -17.550 14.880
312.000 64.000 -8.410 17.500
324.000 64.000 -8.960 17.310
336.000 64.000 -9.470 17.150
348.000 64.000 -10.020 17.150
360.000 64.000 -10.550 16.990
372.000 64.000 -11.070 16.990
384.000 64.000 -11.600 16.810
396.000 64.000 -12.130 16.810
408.000 64.000 -12.500 16.650
420.000 64.000 -12.730 16.650
432.000 64.000 -13.020 16.650
444.000 64.000 -13.250 16.650
456.000 64.000 -13.640 16.650
468.000 64.000 -14.240 16.650
480.000 64.000 -14.840 16.650
492.000 64.000 -15.430 16.650
504.000 64.000 -16.050 16.650
516.000 64.000 -16.490 16.490
528.000 64.000 -17.040 16.300
540.000 64.000 -17.500 16.300
312.000 67.000 -2.650 15.550
324.000 67.000 -3.270 15.390
336.000 67.000 -3.780 15.390
348.000 67.000 -4.330 15.390
360.000 67.000 -4.830 15.390
372.000 67.000 -5.430 15.390
384.000 67.000 -5.980 15.390
396.000 67.000 -6.480 15.390
408.000 67.000 -6.900 15.220
420.000 67.000 -7.100 15.220
432.000 67.000 -7.400 15.040
444.000 67.000 -7.630 15.040
456.000 67.000 -8.000 15.040
468.000 67.000 -8.590 15.040
480.000 67.000 -9.240 15.040
492.000 67.000 -9.740 15.040
504.000 67.000 -10.340 15.040
516.000 67.000 -10.910 15.130
528.000 67.000 -11.420 15.130
540.000 67.000 -11.970 15.200
360.000 19.000 14.130 18.580
372.000 19.000 13.480 18.580
384.000 19.000 12.890 18.580
396.000 19.000 12.290 18.580
408.000 19.000 12.750 18.410
420.000 19.000 13.940 18.410
432.000 19.000 13.570 18.410
444.000 19.000 13.070 18.580
456.000 19.000 12.520 18.580
468.000 19.000 12.010 18.760
480.000 19.000 11.370 18.760
492.000 19.000 10.870 18.920
504.000 19.000 10.320 18.920
516.000 19.000 9.830 18.920
528.000 19.000 9.310 18.920
540.000 19.000 8.780 18.920
552.000 19.000 8.250 18.830
564.000 19.000 7.770 18.760
576.000 19.000 7.240 18.760
588.000 19.000 6.710 18.670
360.000 72.000 9.810 16.740
372.000 72.000 9.490 16.740
384.000 72.000 9.210 16.560
396.000 72.000 8.890 16.560
408.000 72.000 9.440 16.400
420.000 72.000 10.410 16.230
432.000 72.000 10.270 16.230
444.000 72.000 10.040 16.400
456.000 72.000 9.720 16.560
468.000 72.000 9.490 16.740
480.000 72.000 9.210 16.900
492.000 72.000 8.980 17.060
504.000 72.000 8.760 17.060
516.000 72.000 8.530 17.060
528.000 72.000 8.300 17.060
540.000 72.000 8.110 17.060
552.000 72.000 7.880 16.900
564.000 72.000 7.650 16.900
576.000 72.000 7.470 16.900
588.000 72.000 7.240 16.740
408.000 56.000 -31.750 42.720
420.000 56.000 -31.430 43.220
432.000 56.000 -31.060 43.890
444.000 56.000 -30.700 44.580
456.000 56.000 -30.330 45.080
468.000 56.000 -30.010 45.590
480.000 56.000 -29.710 45.910
492.000 56.000 -29.320 46.410
504.000 56.000 -29.070 46.760
516.000 56.000 -28.790 46.940
528.000 56.000 -28.520 47.170
540.000 56.000 -28.130 47.520
552.000 56.000 -27.670 48.020
564.000 56.000 -27.230 48.530
576.000 56.000 -26.680 49.030
588.000 56.000 -26.240 49.530
600.000 56.000 -25.780 50.040
612.000 56.000 -25.330 50.540
624.000 56.000 -24.960 51.050
636.000 56.000 -24.500 51.550
444.000 9.000 -21.680 19.590
456.000 9.000 -21.150 19.590
468.000 9.000 -20.620 19.420
480.000 9.000 -20.160 19.420
492.000 9.000 -19.630 19.420
504.000 9.000 -19.110 19.330
516.000 9.000 -18.600 19.330
528.000 9.000 -18.100 19.330
540.000 9.000 -17.550 19.330
552.000 9.000 -17.090 19.330
564.000 9.000 -16.540 19.330
576.000 9.000 -15.980 19.330
588.000 9.000 -15.430 19.330
600.000 9.000 -14.950 19.330
612.000 9.000 -14.420 19.330
624.000 9.000 -13.870 19.100
636.000 9.000 -13.300 18.830
648.000 9.000 -12.730 18.580
660.000 9.000 -12.130 18.350
672.000 9.000 -12.040 18.480
444.000 16.000 -19.910 20.090
456.000 16.000 -19.450 20.090
468.000 16.000 -18.900 20.090
480.000 16.000 -18.390 20.090
492.000 16.000 -17.940 20.090
504.000 16.000 -17.410 20.090
516.000 16.000 -16.930 20.090
528.000 16.000 -16.350 20.180
540.000 16.000 -15.820 20.180
552.000 16.000 -15.340 20.250
564.000 16.000 -14.770 20.250
576.000 16.000 -14.240 20.340
588.000 16.000 -13.710 20.340
600.000 16.000 -13.160 20.430
612.000 16.000 -12.660 20.430
624.000 16.000 -12.060 20.270
636.000 16.000 -11.510 20.090
648.000 16.000 -10.910 19.770
660.000 16.000 -10.320 19.590
672.000 16.000 -10.410 19.590
444.000 39.000 -21.490 20.430
456.000 39.000 -21.030 20.430
468.000 39.000 -20.510 20.430
480.000 39.000 -20.050 20.430
492.000 39.000 -19.520 20.430
504.000 39.000 -18.990 20.430
516.000 39.000 -18.510 20.430
528.000 39.000 -18.000 20.430
540.000 39.000 -17.480 20.530
552.000 39.000 -16.990 20.530
564.000 39.000 -16.490 20.620
576.000 39.000 -15.980 20.620
588.000 39.000 -15.480 20.690
600.000 39.000 -14.950 20.690
612.000 39.000 -14.450 20.690
624.000 39.000 -13.850 20.530
636.000 39.000 -13.160 20.340
648.000 39.000 -12.570 20.020
660.000 39.000 -11.880 19.840
672.000 39.000 -11.880 20.020
444.000 42.000 -20.050 21.860
456.000 42.000 -19.590 21.860
468.000 42.000 -19.080 21.860
480.000 42.000 -18.620 21.860
492.000 42.000 -18.070 21.860
504.000 42.000 -17.570 21.700
516.000 42.000 -16.990 21.700
528.000 42.000 -16.420 21.700
540.000 42.000 -15.850 21.540
552.000 42.000 -15.300 21.540
564.000 42.000 -14.680 21.540
576.000 42.000 -14.130 21.350
588.000 42.000 -13.550 21.350
600.000 42.000 -13.000 21.350
612.000 42.000 -12.430 21.350
624.000 42.000 -11.900 21.350
636.000 42.000 -11.300 21.350
648.000 42.000 -10.750 21.540
660.000 42.000 -10.160 21.540
672.000 42.000 -10.320 21.700
456.000 23.000 -14.520 54.400
468.000 23.000 -14.880 54.400
480.000 23.000 -15.250 54.400
492.000 23.000 -15.570 54.400
504.000 23.000 -15.940 54.330
516.000 23.000 -16.190 54.080
528.000 23.000 -16.490 53.900
540.000 23.000 -16.810 53.670
552.000 23.000 -17.060 53.320
564.000 23.000 -17.380 53.070
576.000 23.000 -17.660 52.910
588.000 23.000 -17.940 52.630
600.000 23.000 -18.230 52.400
612.000 23.000 -18.460 52.220
624.000 23.000 -18.850 52.060
636.000 23.000 -19.130 51.900
648.000 23.000 -19.450 51.900
660.000 23.000 -19.750 51.720
672.000 23.000 -20.050 51.550
684.000 23.000 -20.960 50.540
456.000 69.000 -4.350 15.800
468.000 69.000 -3.890 15.800
480.000 69.000 -3.450 15.800
492.000 69.000 -3.000 15.800
504.000 69.000 -2.540 15.640
516.000 69.000 -2.080 15.550
528.000 69.000 -1.620 15.480
540.000 69.000 -1.180 15.390
552.000 69.000 -0.720 15.320
564.000 69.000 -0.290 15.130
576.000 69.000 0.220 15.040
588.000 69.000 0.680 14.950
600.000 69.000 1.110 14.880
612.000 69.000 1.620 14.720
624.000 69.000 2.050 14.630
636.000 69.000 2.560 14.630
648.000 69.000 2.990 14.470
660.000 69.000 3.450 14.380
672.000 69.000 3.550 14.380
684.000 69.000 3.090 14.380
552.000 3.000 7.290 21.950
564.000 3.000 7.720 21.950
576.000 3.000 8.230 21.950
588.000 3.000 8.690 21.950
600.000 3.000 9.120 21.950
612.000 3.000 9.580 21.950
624.000 3.000 10.020 21.950
636.000 3.000 10.520 21.950
648.000 3.000 10.980 21.950
660.000 3.000 11.440 21.950
672.000 3.000 11.670 21.630
684.000 3.000 11.030 21.120
696.000 3.000 9.240 21.120
708.000 3.000 7.450 21.120
720.000 3.000 6.440 21.260
732.000 3.000 5.700 21.260
744.000 3.000 4.880 21.120
756.000 3.000 3.730 21.120
768.000 3.000 2.670 21.120
780.000 3.000 2.900 21.260
552.000 13.000 -1.140 16.650
564.000 13.000 -0.650 16.490
576.000 13.000 -0.100 16.140
588.000 13.000 0.490 15.890
600.000 13.000 0.950 15.800
612.000 13.000 1.410 15.710
624.000 13.000 1.820 15.640
636.000 13.000 2.280 15.480
648.000 13.000 2.740 15.290
660.000 13.000 3.340 15.290
672.000 13.000 3.890 15.640
684.000 13.000 3.430 15.640
696.000 13.000 2.880 15.480
708.000 13.000 2.440 15.480
720.000 13.000 1.820 15.480
732.000 13.000 1.090 15.480
744.000 13.000 0.560 15.480
756.000 13.000 0.330 15.480
768.000 13.000 0.100 15.480
780.000 13.000 -0.060 15.480
552.000 27.000 -18.880 0.330
564.000 27.000 -19.400 -0.170
576.000 27.000 -20.000 -0.500
588.000 27.000 -20.550 -0.840
600.000 27.000 -20.990 -1.180
612.000 27.000 -21.290 -1.180
624.000 27.000 -21.750 -1.510
636.000 27.000 -22.270 -1.850
648.000 27.000 -22.890 -2.190
660.000 27.000 -23.400 -2.520
672.000 27.000 -23.950 -3.020
684.000 27.000 -24.550 -3.530
696.000 27.000 -25.140 -4.030
708.000 27.000 -25.740 -4.540
720.000 27.000 -26.200 -4.720
732.000 27.000 -26.660 -4.720
744.000 27.000 -27.120 -4.970
756.000 27.000 -27.710 -5.380
768.000 27.000 -28.310 -5.890
780.000 27.000 -28.860 -6.460
552.000 32.000 7.770 15.220
564.000 32.000 7.540 15.220
576.000 32.000 7.310 15.320
588.000 32.000 7.080 15.390
600.000 32.000 6.940 15.390
612.000 32.000 6.710 15.450
624.000 32.000 6.480 15.450
636.000 32.000 6.280 15.550
648.000 32.000 6.070 15.550
660.000 32.000 5.840 15.550
672.000 32.000 5.080 15.730
684.000 32.000 3.660 15.890
696.000 32.000 2.150 15.890
708.000 32.000 0.720 16.050
720.000 32.000 -0.560 16.230
732.000 32.000 -1.620 16.400
744.000 32.000 -2.540 16.400
756.000 32.000 -3.450 16.400
768.000 32.000 -4.350 16.400
780.000 32.000 -5.110 16.230
552.000 36.000 7.770 18.000
564.000 36.000 7.490 18.090
576.000 36.000 7.260 18.090
588.000 36.000 6.990 18.090
600.000 36.000 6.760 18.090
612.000 36.000 6.480 18.160
624.000 36.000 6.210 18.160
636.000 36.000 5.960 18.160
648.000 36.000 5.730 18.160
660.000 36.000 5.470 18.160
672.000 36.000 4.740 18.070
684.000 36.000 3.450 18.070
696.000 36.000 2.170 18.070
708.000 36.000 0.880 18.070
720.000 36.000 -0.380 18.250
732.000 36.000 -1.820 18.760
744.000 36.000 -3.020 18.920
756.000 36.000 -3.940 18.760
768.000 36.000 -4.830 18.580
780.000 36.000 -5.680 18.410
552.000 46.000 1.410 18.670
564.000 46.000 0.910 18.580
576.000 46.000 0.330 18.410
588.000 46.000 -0.200 18.410
600.000 46.000 -0.720 18.250
612.000 46.000 -1.250 18.160
624.000 46.000 -1.780 18.070
636.000 46.000 -2.310 17.980
648.000 46.000 -2.830 17.910
660.000 46.000 -3.360 17.840
672.000 46.000 -4.280 17.840
684.000 46.000 -5.570 17.840
696.000 46.000 -6.850 17.840
708.000 46.000 -8.200 17.840
720.000 46.000 -9.330 17.840
732.000 46.000 -10.380 17.840
744.000 46.000 -11.600 17.980
756.000 46.000 -12.960 18.480
768.000 46.000 -13.710 18.480
780.000 46.000 -14.170 18.480
552.000 50.000 1.000 20.620
564.000 50.000 0.560 20.530
576.000 50.000 0.030 20.530
588.000 50.000 -0.420 20.530
600.000 50.000 -0.880 20.530
612.000 50.000 -1.340 20.430
624.000 50.000 -1.780 20.430
636.000 50.000 -2.310 20.430
648.000 50.000 -2.770 20.430
660.000 50.000 -3.220 20.430
672.000 50.000 -3.960 20.270
684.000 50.000 -5.240 20.270
696.000 50.000 -6.460 20.270
708.000 50.000 -7.750 20.270
720.000 50.000 -8.870 20.090
732.000 50.000 -9.860 20.090
744.000 50.000 -11.140 20.090
756.000 50.000 -12.960 20.090
768.000 50.000 -13.970 19.420
780.000 50.000 -14.420 19.770
552.000 62.000 -18.050 14.810
564.000 62.000 -18.560 14.630
576.000 62.000 -19.010 14.540
588.000 62.000 -19.520 14.380
600.000 62.000 -19.980 14.380
612.000 62.000 -20.440 14.380
624.000 62.000 -20.870 14.380
636.000 62.000 -21.330 14.380
648.000 62.000 -21.790 14.380
660.000 62.000 -22.230 14.380
672.000 62.000 -22.920 14.380
684.000 62.000 -23.670 14.540
696.000 62.000 -24.340 14.720
708.000 62.000 -25.030 14.720
720.000 62.000 -25.720 14.880
732.000 62.000 -26.380 15.040
744.000 62.000 -27.000 15.220
756.000 62.000 -27.600 15.390
768.000 62.000 -28.130 15.550
780.000 62.000 -28.720 15.730
552.000 65.000 -18.050 16.140
564.000 65.000 -18.530 15.980
576.000 65.000 -19.010 15.800
588.000 65.000 -19.560 15.640
600.000 65.000 -20.020 15.640
612.000 65.000 -20.390 15.800
624.000 65.000 -20.760 15.800
636.000 65.000 -21.220 15.980
648.000 65.000 -21.580 16.140
660.000 65.000 -21.950 16.140
672.000 65.000 -22.640 16.300
684.000 65.000 -23.330 16.490
696.000 65.000 -24.020 16.650
708.000 65.000 -24.710 16.650
720.000 65.000 -25.440 16.810
732.000 65.000 -26.130 16.990
744.000 65.000 -26.860 17.150
756.000 65.000 -27.550 17.310
768.000 65.000 -28.240 17.500
780.000 65.000 -28.930 17.660
552.000 68.000 -12.520 15.290
564.000 68.000 -13.070 15.390
576.000 68.000 -13.640 15.390
588.000 68.000 -14.150 15.450
600.000 68.000 -14.750 15.550
612.000 68.000 -15.200 15.640
624.000 68.000 -15.980 15.480
636.000 68.000 -16.650 15.480
648.000 68.000 -17.340 15.290
660.000 68.000 -18.000 15.290
672.000 68.000 -18.760 15.290
684.000 68.000 -19.450 15.290
696.000 68.000 -20.210 15.290
708.000 68.000 -20.940 15.290
720.000 68.000 -21.790 15.290
732.000 68.000 -22.550 15.480
744.000 68.000 -23.370 15.640
756.000 68.000 -24.200 15.640
768.000 68.000 -24.960 15.640
780.000 68.000 -25.720 15.640
600.000 20.000 6.160 18.670
612.000 20.000 5.660 18.670
624.000 20.000 5.130 18.580
636.000 20.000 4.600 18.510
648.000 20.000 4.070 18.510
660.000 20.000 3.570 18.510
672.000 20.000 2.970 18.320
684.000 20.000 1.320 18.320
696.000 20.000 -0.420 18.160
708.000 20.000 -2.080 18.160
720.000 20.000 -3.520 18.160
732.000 20.000 -4.790 18.160
744.000 20.000 -5.930 18.000
756.000 20.000 -6.990 17.820
768.000 20.000 -7.980 17.660
780.000 20.000 -8.800 17.660
792.000 20.000 -9.100 17.820
804.000 20.000 -9.420 18.160
816.000 20.000 -9.860 18.160
828.000 20.000 -10.380 18.160
600.000 73.000 7.060 16.740
612.000 73.000 6.850 16.740
624.000 73.000 6.620 16.740
636.000 73.000 6.390 16.560
648.000 73.000 6.210 16.560
660.000 73.000 5.980 16.560
672.000 73.000 5.240 16.560
684.000 73.000 3.820 16.560
696.000 73.000 2.350 16.560
708.000 73.000 0.930 16.560
720.000 73.000 -0.360 16.740
732.000 73.000 -1.480 17.240
744.000 73.000 -2.470 17.400
756.000 73.000 -3.390 17.400
768.000 73.000 -4.260 17.240
780.000 73.000 -5.080 17.060
792.000 73.000 -5.400 17.060
804.000 73.000 -5.770 16.900
816.000 73.000 -6.140 16.740
828.000 73.000 -6.460 16.740
648.000 57.000 -24.130 52.220
660.000 57.000 -23.670 52.720
672.000 57.000 -23.370 53.070
684.000 57.000 -23.370 52.560
696.000 57.000 -23.440 51.900
708.000 57.000 -23.440 51.210
720.000 57.000 -23.740 50.540
732.000 57.000 -24.130 50.040
744.000 57.000 -24.500 49.370
756.000 57.000 -24.660 49.030
768.000 57.000 -24.660 49.030
780.000 57.000 -24.570 49.030
792.000 57.000 -24.570 49.030
804.000 57.000 -24.430 49.190
816.000 57.000 -24.060 49.530
828.000 57.000 -23.600 49.700
840.000 57.000 -23.210 50.040
852.000 57.000 -22.850 50.200
864.000 57.000 -22.460 50.540
876.000 57.000 -22.090 50.710
672.000 5.000 21.080 18.070
684.000 5.000 19.200 17.750
696.000 5.000 16.030 17.750
708.000 5.000 14.220 17.750
720.000 5.000 11.580 18.070
732.000 5.000 10.200 17.750
744.000 5.000 8.640 17.820
756.000 5.000 6.780 17.910
768.000 5.000 4.970 17.910
780.000 5.000 4.690 17.910
792.000 5.000 4.690 18.000
804.000 5.000 4.690 18.070
816.000 5.000 4.330 18.070
828.000 5.000 3.820 17.910
840.000 5.000 3.270 17.750
852.000 5.000 2.670 17.570
864.000 5.000 2.120 17.240
876.000 5.000 1.620 17.060
888.000 5.000 1.020 16.900
900.000 5.000 0.470 16.740
672.000 6.000 21.080 21.190
684.000 6.000 19.130 19.930
696.000 6.000 16.030 19.420
708.000 6.000 14.330 19.770
720.000 6.000 11.690 19.930
732.000 6.000 10.340 19.610
744.000 6.000 8.640 19.610
756.000 6.000 6.740 19.860
768.000 6.000 5.340 19.420
780.000 6.000 4.920 19.330
792.000 6.000 4.740 19.330
804.000 6.000 4.600 19.330
816.000 6.000 4.170 19.260
828.000 6.000 3.660 19.260
840.000 6.000 3.110 19.260
852.000 6.000 2.510 19.080
864.000 6.000 2.010 19.080
876.000 6.000 1.460 19.080
888.000 6.000 0.860 18.920
900.000 6.000 0.330 18.920
672.000 7.000 20.210 16.140
684.000 7.000 17.960 15.980
696.000 7.000 14.860 16.140
708.000 7.000 12.590 16.140
720.000 7.000 10.410 15.980
732.000 7.000 8.890 16.140
744.000 7.000 7.400 16.300
756.000 7.000 5.570 16.490
768.000 7.000 3.780 16.490
780.000 7.000 3.220 16.490
792.000 7.000 2.990 16.490
804.000 7.000 2.720 16.490
816.000 7.000 2.170 16.490
828.000 7.000 1.500 16.490
840.000 7.000 0.750 16.490
852.000 7.000 0.060 16.490
864.000 7.000 -0.610 16.490
876.000 7.000 -1.070 16.300
888.000 7.000 -1.600 16.300
900.000 7.000 -2.120 16.140
672.000 29.000 13.140 18.250
684.000 29.000 11.530 18.250
696.000 29.000 9.050 18.070
708.000 29.000 6.620 17.910
720.000 29.000 4.600 18.070
732.000 29.000 2.630 17.750
744.000 29.000 1.110 17.750
756.000 29.000 -0.400 18.070
768.000 29.000 -1.370 17.910
780.000 29.000 -1.660 18.580
792.000 29.000 -2.190 18.070
804.000 29.000 -2.580 19.260
816.000 29.000 -3.110 19.080
828.000 29.000 -3.840 18.760
840.000 29.000 -4.620 18.580
852.000 29.000 -5.290 18.410
864.000 29.000 -5.820 18.580
876.000 29.000 -6.350 18.920
888.000 29.000 -6.870 19.260
900.000 29.000 -7.240 19.260
672.000 74.000 16.930 12.610
684.000 74.000 15.360 12.610
696.000 74.000 13.850 12.610
708.000 74.000 12.340 12.610
720.000 74.000 10.750 12.610
732.000 74.000 9.240 12.610
744.000 74.000 8.110 12.610
756.000 74.000 7.790 12.610
768.000 74.000 7.420 12.610
780.000 74.000 7.130 12.610
792.000 74.000 6.830 12.610
804.000 74.000 6.440 12.420
816.000 74.000 6.140 12.420
828.000 74.000 5.840 12.420
840.000 74.000 5.450 12.420
852.000 74.000 5.180 12.290
864.000 74.000 4.780 12.290
876.000 74.000 4.490 12.290
888.000 74.000 4.170 12.290
900.000 74.000 3.960 12.290
684.000 10.000 -12.040 18.670
696.000 10.000 -12.040 18.990
708.000 10.000 -12.040 19.170
720.000 10.000 -12.360 19.360
732.000 10.000 -12.730 19.360
744.000 10.000 -13.090 19.360
756.000 10.000 -13.480 19.490
768.000 10.000 -13.320 19.490
780.000 10.000 -13.090 19.680
792.000 10.000 -12.890 19.680
804.000 10.000 -12.200 20.500
816.000 10.000 -11.740 20.690
828.000 10.000 -11.600 20.180
840.000 10.000 -11.530 19.680
852.000 10.000 -11.440 19.170
864.000 10.000 -11.370 18.670
876.000 10.000 -10.750 18.480
888.000 10.000 -10.550 18.670
900.000 10.000 -10.320 19.360
912.000 10.000 -9.930 19.170
684.000 17.000 -10.550 19.770
696.000 17.000 -10.610 19.930
708.000 17.000 -10.780 19.930
720.000 17.000 -11.140 20.090
732.000 17.000 -11.670 20.090
744.000 17.000 -12.200 20.090
756.000 17.000 -12.750 20.090
768.000 17.000 -12.430 20.090
780.000 17.000 -12.110 20.090
792.000 17.000 -11.740 20.090
804.000 17.000 -11.460 20.090
816.000 17.000 -11.230 20.090
828.000 17.000 -10.910 19.930
840.000 17.000 -10.680 19.930
852.000 17.000 -10.410 19.770
864.000 17.000 -10.180 19.770
876.000 17.000 -9.860 19.590
888.000 17.000 -9.540 19.590
900.000 17.000 -9.260 19.260
912.000 17.000 -8.890 19.080
684.000 40.000 -11.880 20.180
696.000 40.000 -11.970 20.530
708.000 40.000 -11.970 20.690
720.000 40.000 -12.290 20.850
732.000 40.000 -12.660 20.850
744.000 40.000 -13.020 20.850
756.000 40.000 -13.350 21.030
768.000 40.000 -13.160 21.190
780.000 40.000 -13.020 21.350
792.000 40.000 -12.890 21.540
804.000 40.000 -12.290 21.540
816.000 40.000 -11.740 21.350
828.000 40.000 -11.490 21.190
840.000 40.000 -11.170 21.030
852.000 40.000 -10.890 20.850
864.000 40.000 -10.610 20.760
876.000 40.000 -10.870 20.690
888.000 40.000 -10.320 20.340
900.000 40.000 -10.410 20.850
912.000 40.000 -9.990 20.530
684.000 43.000 -10.480 21.700
696.000 43.000 -10.610 21.700
708.000 43.000 -10.840 21.700
720.000 43.000 -11.140 21.540
732.000 43.000 -11.600 21.540
744.000 43.000 -12.040 21.350
756.000 43.000 -12.470 21.350
768.000 43.000 -12.310 21.350
780.000 43.000 -12.080 21.540
792.000 43.000 -11.900 21.540
804.000 43.000 -11.600 21.540
816.000 43.000 -11.300 21.350
828.000 43.000 -10.980 21.350
840.000 43.000 -10.680 21.190
852.000 43.000 -10.380 21.030
864.000 43.000 -10.090 20.850
876.000 43.000 -9.790 20.850
888.000 43.000 -9.400 21.350
900.000 43.000 -9.100 21.030
912.000 43.000 -8.730 20.850
696.000 24.000 -21.790 49.530
708.000 24.000 -22.710 48.530
720.000 24.000 -23.580 47.520
732.000 24.000 -24.590 46.510
744.000 24.000 -25.490 45.500
756.000 24.000 -26.150 44.830
768.000 24.000 -26.310 44.830
780.000 24.000 -26.540 44.650
792.000 24.000 -27.070 43.820
804.000 24.000 -27.530 42.970
816.000 24.000 -27.530 42.810
828.000 24.000 -27.440 42.630
840.000 24.000 -27.440 42.470
852.000 24.000 -27.370 42.310
864.000 24.000 -27.370 42.120
876.000 24.000 -27.300 41.960
888.000 24.000 -27.210 41.960
900.000 24.000 -27.530 41.460
912.000 24.000 -27.760 41.110
924.000 24.000 -28.030 40.790
696.000 70.000 2.560 14.380
708.000 70.000 2.100 14.380
720.000 70.000 1.570 14.380
732.000 70.000 0.980 14.380
744.000 70.000 0.520 14.380
756.000 70.000 0.290 14.380
768.000 70.000 0.060 14.380
780.000 70.000 -0.130 14.380
792.000 70.000 -0.130 14.380
804.000 70.000 -0.060 14.380
816.000 70.000 0.100 14.380
828.000 70.000 0.260 14.380
840.000 70.000 0.400 14.380
852.000 70.000 0.490 14.380
864.000 70.000 0.630 14.380
876.000 70.000 0.770 14.380
888.000 70.000 0.930 14.380
900.000 70.000 1.160 14.380
912.000 70.000 1.460 14.380
924.000 70.000 1.780 14.380
768.000 0.000 10.820 18.000
780.000 0.000 10.520 18.160
792.000 0.000 10.290 18.510
804.000 0.000 9.990 18.830
816.000 0.000 9.310 19.010
828.000 0.000 7.330 18.670
840.000 0.000 6.690 18.830
852.000 0.000 6.900 19.330
864.000 0.000 7.130 19.680
876.000 0.000 6.970 20.020
888.000 0.000 6.510 20.340
900.000 0.000 6.230 20.530
912.000 0.000 6.230 20.530
924.000 0.000 6.230 20.530
936.000 0.000 6.000 21.030
948.000 0.000 5.840 21.700
960.000 0.000 5.630 22.200
972.000 0.000 5.180 22.550
984.000 0.000 4.780 22.870
996.000 0.000 5.400 23.370
780.000 21.000 -31.520 6.040
792.000 21.000 -31.520 5.540
804.000 21.000 -31.450 5.030
816.000 21.000 -31.360 4.530
828.000 21.000 -31.320 3.840
840.000 21.000 -31.220 3.360
852.000 21.000 -31.090 2.690
864.000 21.000 -30.990 2.190
876.000 21.000 -30.900 1.500
888.000 21.000 -30.900 1.000
900.000 21.000 -30.900 0.490
912.000 21.000 -30.990 -0.010
924.000 21.000 -30.990 -0.660
936.000 21.000 -30.990 -1.530
948.000 21.000 -30.990 -2.170
960.000 21.000 -30.900 -3.040
972.000 21.000 -30.900 -3.870
984.000 21.000 -30.900 -4.560
996.000 21.000 -30.900 -5.380
1008.000 21.000 -30.880 -6.140
792.000 4.000 3.410 21.440
804.000 4.000 4.050 21.630
816.000 4.000 4.190 21.630
828.000 4.000 4.100 21.440
840.000 4.000 4.050 21.120
852.000 4.000 3.960 20.940
864.000 4.000 3.960 20.760
876.000 4.000 4.100 20.430
888.000 4.000 4.210 20.180
900.000 4.000 4.370 19.930
912.000 4.000 4.510 19.680
924.000 4.000 4.620 19.330
936.000 4.000 4.780 19.170
948.000 4.000 4.970 19.170
960.000 4.000 5.200 19.170
972.000 4.000 5.380 19.170
984.000 4.000 5.730 19.260
996.000 4.000 6.390 19.360
1008.000 4.000 7.290 19.420
1020.000 4.000 9.540 19.930
792.000 14.000 -0.330 15.480
804.000 14.000 -0.560 15.130
816.000 14.000 -0.880 14.970
828.000 14.000 -1.180 14.790
840.000 14.000 -1.390 14.630
852.000 14.000 -1.710 14.280
864.000 14.000 -2.170 13.960
876.000 14.000 -2.770 13.960
888.000 14.000 -3.060 14.120
900.000 14.000 -3.680 13.960
912.000 14.000 -4.510 13.780
924.000 14.000 -4.880 13.780
936.000 14.000 -4.970 13.960
948.000 14.000 -5.010 13.960
960.000 14.000 -5.110 14.120
972.000 14.000 -5.110 14.280
984.000 14.000 -5.180 14.470
996.000 14.000 -5.240 14.470
1008.000 14.000 -4.880 14.720
1020.000 14.000 -4.350 15.040
792.000 28.000 -29.270 -6.900
804.000 28.000 -29.410 -7.400
816.000 28.000 -29.640 -8.070
828.000 28.000 -29.780 -8.570
840.000 28.000 -30.010 -9.080
852.000 28.000 -30.140 -9.580
864.000 28.000 -30.370 -10.090
876.000 28.000 -30.560 -10.590
888.000 28.000 -30.700 -11.100
900.000 28.000 -30.700 -11.950
912.000 28.000 -30.700 -12.610
924.000 28.000 -30.700 -13.300
936.000 28.000 -30.700 -13.970
948.000 28.000 -30.700 -14.630
960.000 28.000 -30.700 -15.320
972.000 28.000 -30.700 -15.990
984.000 28.000 -30.700 -16.650
996.000 28.000 -30.700 -17.340
1008.000 28.000 -30.810 -18.420
1020.000 28.000 -30.860 -19.590
792.000 33.000 -5.400 16.230
804.000 33.000 -5.700 16.050
816.000 33.000 -6.020 16.050
828.000 33.000 -6.390 15.890
840.000 33.000 -6.690 15.890
852.000 33.000 -6.990 15.730
864.000 33.000 -7.310 15.730
876.000 33.000 -7.590 15.550
888.000 33.000 -7.980 15.550
900.000 33.000 -8.140 15.550
912.000 33.000 -8.270 15.550
924.000 33.000 -8.410 15.550
936.000 33.000 -8.500 15.550
948.000 33.000 -8.640 15.550
960.000 33.000 -8.730 15.550
972.000 33.000 -8.870 15.550
984.000 33.000 -8.960 15.550
996.000 33.000 -9.100 15.550
1008.000 33.000 -9.100 15.640
1020.000 33.000 -9.030 15.890
792.000 37.000 -5.980 18.410
804.000 37.000 -6.350 18.250
816.000 37.000 -6.640 18.070
828.000 37.000 -7.030 18.070
840.000 37.000 -7.330 17.910
852.000 37.000 -7.700 17.910
864.000 37.000 -8.020 17.750
876.000 37.000 -8.390 17.570
888.000 37.000 -8.760 17.570
900.000 37.000 -8.920 17.570
912.000 37.000 -8.990 17.570
924.000 37.000 -9.080 17.570
936.000 37.000 -9.080 17.570
948.000 37.000 -9.150 17.570
960.000 37.000 -9.210 17.570
972.000 37.000 -9.310 17.570
984.000 37.000 -9.310 17.570
996.000 37.000 -9.380 17.570
1008.000 37.000 -9.260 17.310
1020.000 37.000 -9.030 17.150
792.000 47.000 -14.610 18.480
804.000 47.000 -15.000 18.480
816.000 47.000 -15.530 18.350
828.000 47.000 -16.190 18.350
840.000 47.000 -16.720 18.350
852.000 47.000 -17.110 18.350
864.000 47.000 -17.480 17.980
876.000 47.000 -18.190 17.910
888.000 47.000 -18.300 17.910
900.000 47.000 -18.690 18.670
912.000 47.000 -18.990 18.670
924.000 47.000 -19.380 18.480
936.000 47.000 -19.680 18.480
948.000 47.000 -19.980 18.480
960.000 47.000 -20.440 18.480
972.000 47.000 -20.960 18.480
984.000 47.000 -21.400 18.350
996.000 47.000 -21.790 17.980
1008.000 47.000 -22.160 17.910
1020.000 47.000 -22.390 17.910
792.000 51.000 -14.880 20.090
804.000 51.000 -15.180 20.090
816.000 51.000 -15.640 19.930
828.000 51.000 -16.240 19.930
840.000 51.000 -16.700 19.930
852.000 51.000 -16.880 20.090
864.000 51.000 -17.840 20.090
876.000 51.000 -18.100 19.680
888.000 51.000 -18.390 19.170
900.000 51.000 -18.830 19.170
912.000 51.000 -19.220 19.520
924.000 51.000 -19.610 19.840
936.000 51.000 -19.890 19.840
948.000 51.000 -20.280 19.930
960.000 51.000 -20.440 19.930
972.000 51.000 -20.870 20.090
984.000 51.000 -21.400 19.930
996.000 51.000 -21.790 19.930
1008.000 51.000 -22.110 19.770
1020.000 51.000 -22.340 19.860
