60.000 15.000 17.660 -21.040
72.000 15.000 17.730 -20.370
84.000 15.000 17.890 -19.520
96.000 15.000 18.070 -18.510
108.000 15.000 18.140 -17.660
120.000 15.000 18.300 -16.840
132.000 15.000 18.460 -15.990
144.000 15.000 18.460 -15.640
156.000 15.000 18.460 -15.140
168.000 15.000 18.530 -14.630
180.000 15.000 18.530 -14.310
192.000 15.000 18.620 -13.810
204.000 15.000 18.620 -13.300
216.000 15.000 18.720 -12.960
228.000 15.000 18.720 -12.450
240.000 15.000 18.810 -11.950
252.000 15.000 18.810 -11.600
264.000 15.000 18.810 -10.940
276.000 15.000 18.810 -10.020
288.000 15.000 18.720 -9.170
60.000 39.000 17.960 12.520
72.000 39.000 17.960 12.520
84.000 39.000 18.000 12.520
96.000 39.000 18.050 12.520
108.000 39.000 18.100 12.520
120.000 39.000 18.140 12.520
132.000 39.000 18.190 12.520
144.000 39.000 18.230 12.520
156.000 39.000 18.260 12.520
168.000 39.000 18.260 12.520
180.000 39.000 18.350 12.360
192.000 39.000 18.350 12.360
204.000 39.000 18.350 12.360
216.000 39.000 18.350 12.360
228.000 39.000 18.350 12.360
240.000 39.000 18.350 12.360
252.000 39.000 18.350 12.360
264.000 39.000 18.350 12.360
276.000 39.000 18.420 12.360
288.000 39.000 18.420 12.360
72.000 30.000 14.770 22.960
84.000 30.000 15.180 22.960
96.000 30.000 15.590 22.870
108.000 30.000 16.050 22.870
120.000 30.000 16.470 22.710
132.000 30.000 16.880 22.710
144.000 30.000 17.290 22.610
156.000 30.000 17.710 22.610
168.000 30.000 18.160 22.450
180.000 30.000 18.670 22.450
192.000 30.000 19.170 22.450
204.000 30.000 19.660 22.290
216.000 30.000 20.140 22.290
228.000 30.000 20.640 22.290
240.000 30.000 21.190 22.290
252.000 30.000 21.790 22.290
264.000 30.000 22.270 22.290
276.000 30.000 22.850 22.290
288.000 30.000 23.350 22.290
300.000 30.000 23.810 22.110
72.000 31.000 13.180 20.760
84.000 31.000 13.600 20.760
96.000 31.000 14.010 20.760
108.000 31.000 14.400 20.760
120.000 31.000 14.810 20.760
132.000 31.000 15.230 20.760
144.000 31.000 15.640 20.760
156.000 31.000 16.050 20.760
168.000 31.000 16.560 20.620
180.000 31.000 17.040 20.620
192.000 31.000 17.610 20.620
204.000 31.000 18.100 20.430
216.000 31.000 18.670 20.430
228.000 31.000 19.170 20.430
240.000 31.000 19.660 20.250
252.000 31.000 20.050 20.250
264.000 31.000 20.460 20.250
276.000 31.000 20.870 20.250
288.000 31.000 21.290 20.250
300.000 31.000 21.790 20.110
72.000 32.000 13.300 22.200
84.000 32.000 13.710 22.200
96.000 32.000 14.130 22.200
108.000 32.000 14.540 22.200
120.000 32.000 14.950 22.040
132.000 32.000 15.370 22.040
144.000 32.000 15.780 22.040
156.000 32.000 16.190 22.040
168.000 32.000 16.650 21.860
180.000 32.000 17.160 21.860
192.000 32.000 17.660 21.700
204.000 32.000 18.120 21.700
216.000 32.000 18.620 21.540
228.000 32.000 19.130 21.540
240.000 32.000 19.630 21.540
252.000 32.000 20.000 21.540
264.000 32.000 20.510 21.540
276.000 32.000 20.920 21.540
288.000 32.000 21.420 21.540
300.000 32.000 21.910 21.350
72.000 55.000 20.230 18.350
84.000 55.000 19.890 18.350
96.000 55.000 19.560 18.350
108.000 55.000 19.240 18.250
120.000 55.000 18.920 18.160
132.000 55.000 18.600 18.070
144.000 55.000 18.260 18.070
156.000 55.000 17.940 18.070
168.000 55.000 17.520 17.910
180.000 55.000 17.130 17.910
192.000 55.000 16.720 17.910
204.000 55.000 16.310 17.910
216.000 55.000 15.890 17.910
228.000 55.000 15.480 17.910
240.000 55.000 15.160 17.750
252.000 55.000 14.840 17.750
264.000 55.000 14.490 17.750
276.000 55.000 14.170 17.750
288.000 55.000 13.830 17.750
300.000 55.000 13.550 17.750
72.000 57.000 20.600 16.650
84.000 57.000 20.250 16.650
96.000 57.000 19.930 16.650
108.000 57.000 19.700 16.460
120.000 57.000 19.380 16.460
132.000 57.000 19.110 16.330
144.000 57.000 18.780 16.330
156.000 57.000 18.460 16.330
168.000 57.000 18.140 16.140
180.000 57.000 17.730 16.140
192.000 57.000 17.410 15.960
204.000 57.000 16.990 15.960
216.000 57.000 16.670 15.820
228.000 57.000 16.260 15.820
240.000 57.000 15.940 15.640
252.000 57.000 15.530 15.640
264.000 57.000 15.200 15.640
276.000 57.000 14.880 15.640
288.000 57.000 14.540 15.640
300.000 57.000 14.150 15.640
72.000 67.000 14.540 21.540
84.000 67.000 14.950 21.540
96.000 67.000 15.370 21.440
108.000 67.000 15.780 21.350
120.000 67.000 16.170 21.280
132.000 67.000 16.510 21.190
144.000 67.000 16.900 21.100
156.000 67.000 17.320 21.100
168.000 67.000 17.820 20.940
180.000 67.000 18.390 20.780
192.000 67.000 18.880 20.590
204.000 67.000 19.450 20.430
216.000 67.000 20.020 20.430
228.000 67.000 20.510 20.270
240.000 67.000 21.010 20.270
252.000 67.000 21.490 20.270
264.000 67.000 22.000 20.270
276.000 67.000 22.480 20.270
288.000 67.000 22.960 20.270
300.000 67.000 23.470 20.270
84.000 63.000 14.170 15.800
96.000 63.000 14.170 16.300
108.000 63.000 14.170 16.810
120.000 63.000 14.170 17.220
132.000 63.000 14.170 17.660
144.000 63.000 14.170 18.090
156.000 63.000 14.170 18.600
168.000 63.000 14.170 19.240
180.000 63.000 14.170 19.930
192.000 63.000 14.330 20.110
204.000 63.000 14.490 20.430
216.000 63.000 14.750 20.760
228.000 63.000 14.910 21.120
240.000 63.000 15.160 21.440
252.000 63.000 15.320 21.630
264.000 63.000 15.480 21.950
276.000 63.000 15.640 22.450
288.000 63.000 15.800 22.960
300.000 63.000 15.980 23.280
312.000 63.000 16.050 23.780
96.000 6.000 -4.690 36.250
108.000 6.000 -4.950 36.060
120.000 6.000 -5.360 36.060
132.000 6.000 -5.680 35.900
144.000 6.000 -6.000 35.900
156.000 6.000 -6.250 35.740
168.000 6.000 -6.250 35.740
180.000 6.000 -6.320 35.740
192.000 6.000 -6.320 35.740
204.000 6.000 -6.410 35.740
216.000 6.000 -6.410 35.740
228.000 6.000 -6.510 35.740
240.000 6.000 -6.510 35.740
252.000 6.000 -6.510 35.740
264.000 6.000 -6.580 35.740
276.000 6.000 -6.580 35.740
288.000 6.000 -6.670 35.740
300.000 6.000 -6.670 35.740
312.000 6.000 -6.740 35.740
324.000 6.000 -6.740 35.740
108.000 41.000 -1.390 35.900
120.000 41.000 -1.620 35.900
132.000 41.000 -1.890 36.060
144.000 41.000 -2.210 36.060
156.000 41.000 -2.350 36.060
168.000 41.000 -2.350 36.060
180.000 41.000 -2.350 36.060
192.000 41.000 -2.440 36.060
204.000 41.000 -2.440 36.060
216.000 41.000 -2.440 36.060
228.000 41.000 -2.540 36.060
240.000 41.000 -2.540 36.060
252.000 41.000 -2.540 35.900
264.000 41.000 -2.540 35.900
276.000 41.000 -2.630 35.900
288.000 41.000 -2.630 35.900
300.000 41.000 -2.630 35.900
312.000 41.000 -2.670 35.900
324.000 41.000 -2.670 35.900
336.000 41.000 -2.670 35.900
120.000 24.000 -18.300 22.710
132.000 24.000 -18.030 22.550
144.000 24.000 -17.710 22.360
156.000 24.000 -17.480 22.360
168.000 24.000 -17.160 22.200
180.000 24.000 -16.810 22.200
192.000 24.000 -16.560 22.040
204.000 24.000 -16.240 22.040
216.000 24.000 -15.820 22.040
228.000 24.000 -15.500 22.040
240.000 24.000 -15.180 21.860
252.000 24.000 -14.860 21.860
264.000 24.000 -14.540 21.860
276.000 24.000 -14.130 21.860
288.000 24.000 -13.780 21.700
300.000 24.000 -13.440 21.700
312.000 24.000 -13.120 21.700
324.000 24.000 -12.790 21.700
336.000 24.000 -12.380 21.540
348.000 24.000 -12.060 21.540
120.000 27.000 -18.160 24.060
132.000 27.000 -17.910 23.880
144.000 27.000 -17.680 23.720
156.000 27.000 -17.410 23.560
168.000 27.000 -17.130 23.560
180.000 27.000 -16.900 23.370
192.000 27.000 -16.630 23.210
204.000 27.000 -16.260 23.210
216.000 27.000 -15.890 23.210
228.000 27.000 -15.570 23.210
240.000 27.000 -15.250 23.050
252.000 27.000 -14.840 23.050
264.000 27.000 -14.520 23.050
276.000 27.000 -14.190 23.050
288.000 27.000 -13.780 22.870
300.000 27.000 -13.460 22.870
312.000 27.000 -13.140 22.870
324.000 27.000 -12.820 22.870
336.000 27.000 -12.400 22.710
348.000 27.000 -12.080 22.710
120.000 48.000 4.230 30.690
132.000 48.000 4.050 29.840
144.000 48.000 3.980 29.180
156.000 48.000 3.820 28.330
168.000 48.000 3.730 27.660
180.000 48.000 3.640 26.840
192.000 48.000 3.500 26.150
204.000 48.000 3.410 25.480
216.000 48.000 3.320 24.980
228.000 48.000 3.250 24.470
240.000 48.000 3.160 23.970
252.000 48.000 3.090 23.460
264.000 48.000 3.000 22.960
276.000 48.000 2.900 22.450
288.000 48.000 2.830 21.950
300.000 48.000 2.830 21.600
312.000 48.000 2.670 20.940
324.000 48.000 2.510 20.270
336.000 48.000 2.350 19.590
348.000 48.000 2.170 19.080
120.000 49.000 -5.980 18.510
132.000 49.000 -5.630 18.160
144.000 49.000 -5.220 18.000
156.000 49.000 -4.900 17.820
168.000 49.000 -4.490 17.660
180.000 49.000 -4.000 17.660
192.000 49.000 -3.430 17.660
204.000 49.000 -2.950 17.660
216.000 49.000 -2.350 17.820
228.000 49.000 -1.870 17.820
240.000 49.000 -1.300 17.820
252.000 49.000 -0.810 18.000
264.000 49.000 -0.400 18.000
276.000 49.000 0.080 18.090
288.000 49.000 0.490 18.090
300.000 49.000 0.750 17.910
312.000 49.000 1.000 17.590
324.000 49.000 1.230 17.220
336.000 49.000 1.640 17.220
348.000 49.000 2.050 17.080
120.000 68.000 -17.770 24.790
132.000 68.000 -17.550 24.790
144.000 68.000 -17.320 24.790
156.000 68.000 -17.040 24.790
168.000 68.000 -16.810 24.790
180.000 68.000 -16.580 24.790
192.000 68.000 -16.310 24.660
204.000 68.000 -15.890 24.660
216.000 68.000 -15.570 24.660
228.000 68.000 -15.250 24.470
240.000 68.000 -14.840 24.470
252.000 68.000 -14.520 24.290
264.000 68.000 -14.190 24.290
276.000 68.000 -13.780 24.150
288.000 68.000 -13.460 24.150
300.000 68.000 -13.050 24.150
312.000 68.000 -12.730 23.970
324.000 68.000 -12.400 23.970
336.000 68.000 -11.990 23.780
348.000 68.000 -11.670 23.780
144.000 21.000 -26.930 23.810
156.000 21.000 -26.340 23.810
168.000 21.000 -25.780 23.720
180.000 21.000 -25.280 23.620
192.000 21.000 -24.730 23.460
204.000 21.000 -24.130 23.460
216.000 21.000 -23.600 23.460
228.000 21.000 -23.080 23.460
240.000 21.000 -22.500 23.300
252.000 21.000 -21.970 23.300
264.000 21.000 -21.380 23.300
276.000 21.000 -20.830 23.300
288.000 21.000 -20.320 23.120
300.000 21.000 -19.770 23.120
312.000 21.000 -19.170 23.120
324.000 21.000 -18.620 23.120
336.000 21.000 -18.120 23.120
348.000 21.000 -17.570 23.120
360.000 21.000 -16.970 23.120
372.000 21.000 -16.470 23.120
180.000 53.000 13.940 34.460
192.000 53.000 14.080 34.820
204.000 53.000 14.360 35.330
216.000 53.000 14.580 35.830
228.000 53.000 14.810 36.150
240.000 53.000 15.090 36.660
252.000 53.000 15.320 37.160
264.000 53.000 15.550 37.490
276.000 53.000 15.820 37.990
288.000 53.000 16.050 38.500
300.000 53.000 16.280 38.860
312.000 53.000 16.560 39.370
324.000 53.000 16.790 39.870
336.000 53.000 17.020 40.190
348.000 53.000 17.290 40.700
360.000 53.000 17.520 41.200
372.000 53.000 17.750 41.530
384.000 53.000 18.030 42.030
396.000 53.000 18.260 42.540
408.000 53.000 18.490 43.040
216.000 45.000 7.840 39.280
228.000 45.000 7.420 38.770
240.000 45.000 7.010 38.270
252.000 45.000 6.600 37.760
264.000 45.000 6.370 37.420
276.000 45.000 6.090 37.070
288.000 45.000 5.860 36.750
300.000 45.000 5.610 36.410
312.000 45.000 5.360 36.060
324.000 45.000 5.040 35.740
336.000 45.000 4.720 35.240
348.000 45.000 4.390 34.730
360.000 45.000 4.070 34.390
372.000 45.000 3.890 33.720
384.000 45.000 3.800 33.220
396.000 45.000 3.730 32.530
408.000 45.000 3.480 32.020
420.000 45.000 3.060 31.700
432.000 45.000 2.670 31.200
444.000 45.000 2.260 30.850
228.000 12.000 -31.180 21.260
240.000 12.000 -31.180 21.260
252.000 12.000 -30.440 21.440
264.000 12.000 -29.710 21.630
276.000 12.000 -29.390 21.630
288.000 12.000 -29.070 21.440
300.000 12.000 -28.720 21.260
312.000 12.000 -28.380 21.120
324.000 12.000 -27.990 21.120
336.000 12.000 -27.640 20.940
348.000 12.000 -27.320 20.760
360.000 12.000 -27.000 20.760
372.000 12.000 -26.170 20.760
384.000 12.000 -25.330 20.760
396.000 12.000 -24.940 20.760
408.000 12.000 -25.260 20.430
420.000 12.000 -24.980 20.110
432.000 12.000 -24.610 19.750
444.000 12.000 -24.220 19.750
456.000 12.000 -23.740 19.750
228.000 50.000 -31.480 20.090
240.000 50.000 -31.200 20.090
252.000 50.000 -30.740 20.090
264.000 50.000 -30.240 20.090
276.000 50.000 -29.660 20.090
288.000 50.000 -29.180 19.930
300.000 50.000 -28.680 19.930
312.000 50.000 -28.170 19.930
324.000 50.000 -27.710 19.930
336.000 50.000 -27.210 19.930
348.000 50.000 -26.700 19.770
360.000 50.000 -26.150 19.770
372.000 50.000 -25.650 19.770
384.000 50.000 -25.140 19.770
396.000 50.000 -24.910 19.590
408.000 50.000 -25.140 19.260
420.000 50.000 -25.000 19.080
432.000 50.000 -24.680 18.920
444.000 50.000 -24.360 18.760
456.000 50.000 -23.950 18.580
276.000 59.000 25.210 17.150
288.000 59.000 24.890 16.990
300.000 59.000 24.410 16.810
312.000 59.000 23.830 16.490
324.000 59.000 23.330 16.300
336.000 59.000 22.850 16.300
348.000 59.000 22.360 16.300
360.000 59.000 21.790 16.300
372.000 59.000 21.290 16.300
384.000 59.000 20.800 16.210
396.000 59.000 20.230 16.070
408.000 59.000 19.560 15.890
420.000 59.000 18.990 15.890
432.000 59.000 18.350 15.890
444.000 59.000 17.730 15.890
456.000 59.000 17.060 15.890
468.000 59.000 16.420 15.800
480.000 59.000 15.730 15.640
492.000 59.000 15.430 15.570
504.000 59.000 14.930 15.480
276.000 61.000 4.670 -19.340
288.000 61.000 4.350 -19.840
300.000 61.000 4.120 -20.210
312.000 61.000 3.780 -20.720
324.000 61.000 3.520 -20.940
336.000 61.000 3.200 -21.290
348.000 61.000 2.880 -21.630
360.000 61.000 2.880 -21.630
372.000 61.000 2.880 -21.630
384.000 61.000 2.880 -21.630
396.000 61.000 2.880 -21.630
408.000 61.000 2.880 -21.630
420.000 61.000 2.880 -21.630
432.000 61.000 2.880 -21.630
444.000 61.000 2.880 -21.630
456.000 61.000 2.880 -21.630
468.000 61.000 2.880 -21.630
480.000 61.000 2.880 -21.630
492.000 61.000 2.880 -21.630
504.000 61.000 3.040 -21.450
300.000 16.000 18.620 -8.510
312.000 16.000 18.620 -8.000
324.000 16.000 18.620 -7.310
336.000 16.000 18.620 -6.810
348.000 16.000 18.620 -6.300
360.000 16.000 18.620 -5.800
372.000 16.000 18.620 -5.130
384.000 16.000 18.620 -4.630
396.000 16.000 18.620 -4.120
408.000 16.000 18.620 -3.620
420.000 16.000 18.620 -2.950
432.000 16.000 18.620 -2.450
444.000 16.000 18.620 -1.940
456.000 16.000 18.620 -1.250
468.000 16.000 18.620 -0.750
480.000 16.000 18.620 -0.240
492.000 16.000 18.620 0.240
504.000 16.000 18.580 0.830
516.000 16.000 18.620 1.180
528.000 16.000 18.650 1.590
300.000 40.000 18.420 12.360
312.000 40.000 18.420 12.360
324.000 40.000 18.420 12.360
336.000 40.000 18.420 12.360
348.000 40.000 18.420 12.360
360.000 40.000 18.420 12.360
372.000 40.000 18.420 12.360
384.000 40.000 18.420 12.200
396.000 40.000 18.350 11.850
408.000 40.000 18.260 11.690
420.000 40.000 18.190 11.350
432.000 40.000 18.050 11.190
444.000 40.000 18.050 11.190
456.000 40.000 18.050 11.350
468.000 40.000 17.960 11.350
480.000 40.000 17.960 11.350
492.000 40.000 17.910 11.190
504.000 40.000 17.910 11.000
516.000 40.000 17.910 11.000
528.000 40.000 17.910 11.000
312.000 56.000 13.230 17.750
324.000 56.000 12.820 17.570
336.000 56.000 12.400 17.570
348.000 56.000 11.990 17.400
360.000 56.000 11.580 17.240
372.000 56.000 11.170 17.240
384.000 56.000 10.710 17.060
396.000 56.000 10.290 16.900
408.000 56.000 9.880 16.900
420.000 56.000 9.470 16.740
432.000 56.000 9.050 16.560
444.000 56.000 8.730 16.400
456.000 56.000 8.320 16.230
468.000 56.000 7.910 16.230
480.000 56.000 7.490 16.050
492.000 56.000 7.080 15.890
504.000 56.000 6.710 15.550
516.000 56.000 6.480 15.130
528.000 56.000 6.280 14.700
540.000 56.000 6.050 14.280
312.000 58.000 13.780 15.640
324.000 58.000 13.390 15.450
336.000 58.000 13.000 15.450
348.000 58.000 12.590 15.450
360.000 58.000 12.180 15.320
372.000 58.000 11.760 15.320
384.000 58.000 11.350 15.130
396.000 58.000 10.940 15.130
408.000 58.000 10.520 15.130
420.000 58.000 10.110 14.950
432.000 58.000 9.790 14.810
444.000 58.000 9.380 14.630
456.000 58.000 8.960 14.440
468.000 58.000 8.640 14.380
480.000 58.000 8.230 14.210
492.000 58.000 7.810 14.030
504.000 58.000 7.490 13.870
516.000 58.000 7.310 13.710
528.000 58.000 7.130 13.460
540.000 58.000 6.920 13.270
324.000 64.000 16.210 24.150
336.000 64.000 16.310 24.470
348.000 64.000 16.370 24.790
360.000 64.000 16.470 25.160
372.000 64.000 16.540 25.480
384.000 64.000 16.630 25.800
396.000 64.000 16.630 25.990
408.000 64.000 16.630 25.990
420.000 64.000 16.540 25.990
432.000 64.000 16.540 25.990
444.000 64.000 16.470 25.990
456.000 64.000 16.470 25.800
468.000 64.000 16.370 25.800
480.000 64.000 16.310 25.800
492.000 64.000 16.310 25.800
504.000 64.000 16.310 25.670
516.000 64.000 16.310 25.670
528.000 64.000 16.310 25.670
540.000 64.000 16.310 25.670
552.000 64.000 16.310 25.670
336.000 7.000 -6.670 35.740
348.000 7.000 -6.410 35.740
360.000 7.000 -6.180 35.740
372.000 7.000 -5.930 35.740
384.000 7.000 -6.090 35.740
396.000 7.000 -6.830 35.240
408.000 7.000 -7.610 34.820
420.000 7.000 -7.700 34.820
432.000 7.000 -7.700 34.820
444.000 7.000 -7.700 34.820
456.000 7.000 -7.700 34.820
468.000 7.000 -7.700 34.820
480.000 7.000 -7.700 34.820
492.000 7.000 -7.700 34.820
504.000 7.000 -7.700 34.640
516.000 7.000 -7.420 34.640
528.000 7.000 -7.290 34.640
540.000 7.000 -7.100 34.640
552.000 7.000 -6.920 34.640
564.000 7.000 -6.690 34.640
348.000 42.000 -2.670 35.740
360.000 42.000 -2.630 35.560
372.000 42.000 -2.440 35.560
384.000 42.000 -2.350 35.400
396.000 42.000 -2.630 35.240
408.000 42.000 -3.270 35.050
420.000 42.000 -3.910 34.890
432.000 42.000 -4.000 34.890
444.000 42.000 -4.100 34.890
456.000 42.000 -4.170 34.890
468.000 42.000 -4.230 34.890
480.000 42.000 -4.230 35.050
492.000 42.000 -4.230 35.050
504.000 42.000 -4.230 34.980
516.000 42.000 -4.050 34.980
528.000 42.000 -3.820 34.980
540.000 42.000 -3.680 34.980
552.000 42.000 -3.500 34.890
564.000 42.000 -3.320 34.890
576.000 42.000 -3.130 34.890
360.000 25.000 -11.650 21.540
372.000 25.000 -11.280 21.350
384.000 25.000 -10.910 21.350
396.000 25.000 -10.550 21.350
408.000 25.000 -10.130 21.190
420.000 25.000 -9.810 21.190
432.000 25.000 -9.400 21.190
444.000 25.000 -9.030 21.030
456.000 25.000 -8.660 21.030
468.000 25.000 -8.300 20.850
480.000 25.000 -7.880 20.850
492.000 25.000 -7.560 20.850
504.000 25.000 -7.130 20.690
516.000 25.000 -6.620 20.690
528.000 25.000 -6.120 20.620
540.000 25.000 -5.630 20.530
552.000 25.000 -5.150 20.430
564.000 25.000 -4.650 20.430
576.000 25.000 -4.170 20.250
588.000 25.000 -3.680 20.250
360.000 28.000 -11.670 22.710
372.000 28.000 -11.350 22.550
384.000 28.000 -10.940 22.550
396.000 28.000 -10.590 22.550
408.000 28.000 -10.250 22.360
420.000 28.000 -9.830 22.360
432.000 28.000 -9.510 22.360
444.000 28.000 -9.100 22.200
456.000 28.000 -8.780 22.200
468.000 28.000 -8.370 22.040
480.000 28.000 -8.040 22.040
492.000 28.000 -7.630 22.040
504.000 28.000 -7.260 21.860
516.000 28.000 -6.780 21.860
528.000 28.000 -6.300 21.700
540.000 28.000 -5.790 21.700
552.000 28.000 -5.310 21.600
564.000 28.000 -4.790 21.440
576.000 28.000 -4.280 21.440
588.000 28.000 -3.800 21.280
360.000 62.000 12.400 -2.770
372.000 62.000 12.340 -3.270
384.000 62.000 12.240 -3.960
396.000 62.000 12.180 -4.470
408.000 62.000 12.080 -4.970
420.000 62.000 12.080 -5.480
432.000 62.000 12.080 -5.980
444.000 62.000 12.080 -6.650
456.000 62.000 12.080 -7.150
468.000 62.000 12.080 -7.660
480.000 62.000 12.080 -8.160
492.000 62.000 12.080 -8.670
504.000 62.000 12.080 -9.330
516.000 62.000 12.080 -9.840
528.000 62.000 12.130 -10.430
540.000 62.000 12.180 -10.940
552.000 62.000 12.220 -11.540
564.000 62.000 12.270 -12.110
576.000 62.000 12.270 -12.710
588.000 62.000 12.290 -13.300
360.000 69.000 -11.260 23.650
372.000 69.000 -10.940 23.650
384.000 69.000 -10.520 23.650
396.000 69.000 -10.200 23.460
408.000 69.000 -9.830 23.460
420.000 69.000 -9.470 23.280
432.000 69.000 -9.100 23.280
444.000 69.000 -8.690 23.140
456.000 69.000 -8.370 23.140
468.000 69.000 -7.950 23.140
480.000 69.000 -7.630 22.960
492.000 69.000 -7.220 22.960
504.000 69.000 -6.900 22.780
516.000 69.000 -6.440 22.780
528.000 69.000 -5.930 22.710
540.000 69.000 -5.430 22.710
552.000 69.000 -4.970 22.640
564.000 69.000 -4.560 22.550
576.000 69.000 -4.050 22.550
588.000 69.000 -3.590 22.360
384.000 22.000 -16.010 22.960
396.000 22.000 -15.730 22.800
408.000 22.000 -15.500 22.450
420.000 22.000 -15.320 22.110
432.000 22.000 -15.090 21.950
444.000 22.000 -14.860 21.600
456.000 22.000 -14.540 21.440
468.000 22.000 -13.940 21.440
480.000 22.000 -13.390 21.440
492.000 22.000 -12.790 21.440
504.000 22.000 -12.240 21.440
516.000 22.000 -11.650 21.440
528.000 22.000 -11.100 21.440
540.000 22.000 -10.500 21.440
552.000 22.000 -9.950 21.440
564.000 22.000 -9.350 21.440
576.000 22.000 -8.800 21.440
588.000 22.000 -8.200 21.440
600.000 22.000 -7.650 21.440
612.000 22.000 -7.060 21.440
420.000 54.000 18.670 43.540
432.000 54.000 18.900 44.050
444.000 54.000 19.170 44.550
456.000 54.000 19.400 45.060
468.000 54.000 19.590 45.560
480.000 54.000 19.820 46.070
492.000 54.000 20.050 46.570
504.000 54.000 20.390 46.760
516.000 54.000 20.760 47.170
528.000 54.000 21.130 47.610
540.000 54.000 21.540 48.020
552.000 54.000 21.910 48.430
564.000 54.000 22.270 48.780
576.000 54.000 22.640 49.210
588.000 54.000 23.050 49.630
600.000 54.000 23.420 49.950
612.000 54.000 23.790 50.380
624.000 54.000 24.150 50.710
636.000 54.000 24.570 51.210
648.000 54.000 24.910 51.620
456.000 46.000 1.850 30.350
468.000 46.000 1.370 30.030
480.000 46.000 0.860 29.680
492.000 46.000 0.380 29.180
504.000 46.000 -0.200 28.830
516.000 46.000 -0.700 28.670
528.000 46.000 -1.180 28.510
540.000 46.000 -1.710 28.330
552.000 46.000 -2.190 28.170
564.000 46.000 -2.700 28.010
576.000 46.000 -3.270 27.850
588.000 46.000 -3.750 27.660
600.000 46.000 -4.260 27.500
612.000 46.000 -4.790 27.340
624.000 46.000 -5.270 27.160
636.000 46.000 -5.770 27.000
648.000 46.000 -6.090 26.840
660.000 46.000 -6.250 26.650
672.000 46.000 -6.410 26.650
684.000 46.000 -6.580 26.490
468.000 13.000 -23.330 19.750
480.000 13.000 -22.820 19.750
492.000 13.000 -22.410 19.680
504.000 13.000 -21.930 19.610
516.000 13.000 -21.450 19.610
528.000 13.000 -20.940 19.610
540.000 13.000 -20.440 19.610
552.000 13.000 -19.930 19.610
564.000 13.000 -19.430 19.520
576.000 13.000 -18.900 19.520
588.000 13.000 -18.420 19.520
600.000 13.000 -17.870 19.520
612.000 13.000 -17.380 19.420
624.000 13.000 -16.720 19.420
636.000 13.000 -16.170 19.420
648.000 13.000 -15.500 19.420
660.000 13.000 -14.930 19.420
672.000 13.000 -14.290 19.420
684.000 13.000 -13.690 19.420
696.000 13.000 -13.050 19.420
468.000 51.000 -23.490 18.580
480.000 51.000 -22.980 18.480
492.000 51.000 -22.500 18.480
504.000 51.000 -22.020 18.480
516.000 51.000 -21.520 18.480
528.000 51.000 -20.990 18.480
540.000 51.000 -20.510 18.480
552.000 51.000 -19.980 18.480
564.000 51.000 -19.470 18.580
576.000 51.000 -18.920 18.580
588.000 51.000 -18.460 18.580
600.000 51.000 -17.910 18.580
612.000 51.000 -17.410 18.760
624.000 51.000 -16.760 18.760
636.000 51.000 -16.120 18.760
648.000 51.000 -15.500 18.760
660.000 51.000 -14.880 18.920
672.000 51.000 -14.240 18.920
684.000 51.000 -13.600 18.920
696.000 51.000 -12.960 18.920
516.000 60.000 14.220 15.480
528.000 60.000 13.620 15.480
540.000 60.000 13.070 15.480
552.000 60.000 12.450 15.290
564.000 60.000 11.970 15.290
576.000 60.000 11.460 15.200
588.000 60.000 10.960 15.130
600.000 60.000 10.450 15.060
612.000 60.000 9.950 14.880
624.000 60.000 9.440 14.880
636.000 60.000 8.980 14.790
648.000 60.000 8.480 14.700
660.000 60.000 7.980 14.630
672.000 60.000 7.520 14.630
684.000 60.000 7.170 14.630
696.000 60.000 6.920 14.700
708.000 60.000 6.690 14.790
720.000 60.000 6.410 14.790
732.000 60.000 6.090 14.790
744.000 60.000 5.860 14.700
540.000 17.000 18.620 1.940
552.000 17.000 18.580 2.420
564.000 17.000 18.440 2.920
576.000 17.000 18.160 3.430
588.000 17.000 17.940 3.930
600.000 17.000 17.710 4.280
612.000 17.000 17.290 4.620
624.000 17.000 16.790 4.940
636.000 17.000 16.370 5.290
648.000 17.000 15.960 5.630
660.000 17.000 15.640 6.140
672.000 17.000 15.410 6.800
684.000 17.000 15.070 7.310
696.000 17.000 14.810 7.970
708.000 17.000 14.540 8.480
720.000 17.000 14.220 9.170
732.000 17.000 13.900 9.830
744.000 17.000 13.570 10.340
756.000 17.000 13.480 11.000
768.000 17.000 13.350 11.510
564.000 65.000 16.310 25.580
576.000 65.000 16.310 25.580
588.000 65.000 16.310 25.580
600.000 65.000 16.370 25.480
612.000 65.000 16.370 25.390
624.000 65.000 16.370 25.390
636.000 65.000 16.370 25.390
648.000 65.000 16.370 25.390
660.000 65.000 16.370 25.390
672.000 65.000 16.370 25.320
684.000 65.000 16.370 25.320
696.000 65.000 16.470 25.230
708.000 65.000 16.470 25.230
720.000 65.000 16.470 25.140
732.000 65.000 16.470 25.140
744.000 65.000 16.470 25.140
756.000 65.000 16.470 25.140
768.000 65.000 16.470 25.050
780.000 65.000 16.470 25.050
792.000 65.000 16.540 24.980
576.000 8.000 -6.550 34.640
588.000 8.000 -6.320 34.640
600.000 8.000 -6.140 34.640
612.000 8.000 -5.960 34.640
624.000 8.000 -5.770 34.550
636.000 8.000 -5.540 34.550
648.000 8.000 -5.400 34.550
660.000 8.000 -5.180 34.550
672.000 8.000 -5.040 34.550
684.000 8.000 -4.790 34.550
696.000 8.000 -4.620 34.550
708.000 8.000 -4.440 34.550
720.000 8.000 -4.210 34.550
732.000 8.000 -4.030 34.550
744.000 8.000 -3.800 34.550
756.000 8.000 -3.480 34.550
768.000 8.000 -3.060 34.550
780.000 8.000 -2.970 34.550
792.000 8.000 -2.900 34.550
804.000 8.000 -2.810 34.550
588.000 43.000 -2.990 34.800
600.000 43.000 -2.810 34.800
612.000 43.000 -2.580 34.800
624.000 43.000 -2.400 34.730
636.000 43.000 -2.240 34.730
648.000 43.000 -2.080 34.730
660.000 43.000 -1.870 34.730
672.000 43.000 -1.710 34.640
684.000 43.000 -1.550 34.640
696.000 43.000 -1.340 34.640
708.000 43.000 -1.140 34.550
720.000 43.000 -0.980 34.550
732.000 43.000 -0.810 34.550
744.000 43.000 -0.560 34.480
756.000 43.000 -0.240 34.480
768.000 43.000 0.170 34.480
780.000 43.000 0.260 34.390
792.000 43.000 0.330 34.390
804.000 43.000 0.330 34.390
816.000 43.000 0.420 34.390
600.000 26.000 -3.180 20.110
612.000 26.000 -2.700 20.110
624.000 26.000 -2.190 20.020
636.000 26.000 -1.710 19.930
648.000 26.000 -1.230 19.840
660.000 26.000 -0.680 19.840
672.000 26.000 -0.130 20.020
684.000 26.000 0.470 20.340
696.000 26.000 1.200 20.620
708.000 26.000 2.170 20.940
720.000 26.000 3.180 21.350
732.000 26.000 3.640 21.350
744.000 26.000 4.140 21.350
756.000 26.000 4.650 21.440
768.000 26.000 5.110 21.440
780.000 26.000 5.700 21.600
792.000 26.000 6.210 21.440
804.000 26.000 6.670 21.280
816.000 26.000 7.170 21.280
828.000 26.000 7.680 21.100
600.000 29.000 -3.320 21.280
612.000 29.000 -2.770 21.100
624.000 29.000 -2.280 21.010
636.000 29.000 -1.780 20.940
648.000 29.000 -1.300 20.870
660.000 29.000 -0.770 20.870
672.000 29.000 -0.260 21.010
684.000 29.000 0.290 21.380
696.000 29.000 1.070 21.700
708.000 29.000 2.050 22.020
720.000 29.000 3.090 22.380
732.000 29.000 3.570 22.380
744.000 29.000 4.120 22.380
756.000 29.000 4.670 22.520
768.000 29.000 5.220 22.520
780.000 29.000 5.770 22.710
792.000 29.000 6.280 22.520
804.000 29.000 6.780 22.380
816.000 29.000 7.240 22.200
828.000 29.000 7.750 22.020
600.000 70.000 -3.090 22.360
612.000 70.000 -2.650 22.290
624.000 70.000 -2.210 22.200
636.000 70.000 -1.710 22.110
648.000 70.000 -1.200 22.110
660.000 70.000 -0.720 22.110
672.000 70.000 -0.150 22.360
684.000 70.000 0.400 22.710
696.000 70.000 1.230 22.960
708.000 70.000 2.210 23.140
720.000 70.000 3.200 23.280
732.000 70.000 3.710 23.280
744.000 70.000 4.190 23.280
756.000 70.000 4.670 23.460
768.000 70.000 5.180 23.460
780.000 70.000 5.730 23.650
792.000 70.000 6.230 23.460
804.000 70.000 6.740 23.370
816.000 70.000 7.220 23.210
828.000 70.000 7.700 23.120
624.000 23.000 -6.510 21.440
636.000 23.000 -5.910 21.440
648.000 23.000 -5.360 21.440
660.000 23.000 -4.760 21.440
672.000 23.000 -4.170 21.600
684.000 23.000 -3.180 21.790
696.000 23.000 -2.170 21.950
708.000 23.000 -1.180 22.110
720.000 23.000 -0.360 22.290
732.000 23.000 0.450 22.450
744.000 23.000 1.250 22.610
756.000 23.000 1.940 22.610
768.000 23.000 2.440 22.610
780.000 23.000 2.900 22.450
792.000 23.000 3.410 22.290
804.000 23.000 3.910 22.290
816.000 23.000 4.370 22.110
828.000 23.000 4.970 22.110
840.000 23.000 5.450 21.950
852.000 23.000 5.930 21.790
660.000 11.000 -32.030 16.740
672.000 11.000 -31.640 16.830
684.000 11.000 -30.900 16.970
696.000 11.000 -29.200 17.470
708.000 11.000 -27.510 17.980
720.000 11.000 -25.760 18.410
732.000 11.000 -24.590 18.410
744.000 11.000 -23.440 18.410
756.000 11.000 -22.530 18.250
768.000 11.000 -21.720 18.250
780.000 11.000 -20.920 18.070
792.000 11.000 -20.180 18.070
804.000 11.000 -19.360 17.910
816.000 11.000 -18.530 17.910
828.000 11.000 -17.710 17.910
840.000 11.000 -17.060 17.750
852.000 11.000 -16.510 17.570
864.000 11.000 -15.960 17.570
876.000 11.000 -15.360 17.400
888.000 11.000 -14.860 17.400
672.000 19.000 25.510 -3.020
684.000 19.000 25.000 -3.200
696.000 19.000 24.450 -3.530
708.000 19.000 23.950 -3.780
720.000 19.000 23.440 -4.120
732.000 19.000 22.980 -4.470
744.000 19.000 22.480 -4.970
756.000 19.000 22.070 -5.290
768.000 19.000 21.650 -5.800
780.000 19.000 21.150 -6.140
792.000 19.000 20.780 -6.650
804.000 19.000 20.370 -7.150
816.000 19.000 20.090 -7.820
828.000 19.000 19.860 -8.510
840.000 19.000 19.540 -9.170
852.000 19.000 19.270 -9.840
864.000 19.000 19.040 -10.530
876.000 19.000 18.950 -11.190
888.000 19.000 18.950 -11.860
900.000 19.000 18.950 -12.360
672.000 20.000 12.130 5.790
684.000 20.000 12.790 5.790
696.000 20.000 13.440 5.790
708.000 20.000 14.080 5.790
720.000 20.000 14.580 5.790
732.000 20.000 15.070 5.790
744.000 20.000 15.550 5.790
756.000 20.000 16.050 5.720
768.000 20.000 16.560 5.720
780.000 20.000 17.040 5.720
792.000 20.000 17.570 5.720
804.000 20.000 17.940 5.220
816.000 20.000 18.350 4.780
828.000 20.000 18.580 4.120
840.000 20.000 18.670 3.430
852.000 20.000 18.810 2.790
864.000 20.000 18.880 2.100
876.000 20.000 18.950 1.410
888.000 20.000 18.950 0.770
900.000 20.000 18.950 0.080
696.000 10.000 -31.870 17.240
708.000 10.000 -31.500 17.400
720.000 10.000 -30.260 17.750
732.000 10.000 -29.070 18.250
744.000 10.000 -27.920 18.510
756.000 10.000 -26.950 18.510
768.000 10.000 -26.060 18.510
780.000 10.000 -25.120 18.510
792.000 10.000 -24.380 18.320
804.000 10.000 -23.760 18.320
816.000 10.000 -23.190 18.320
828.000 10.000 -22.550 18.160
840.000 10.000 -21.970 18.160
852.000 10.000 -21.350 18.160
864.000 10.000 -20.710 18.160
876.000 10.000 -20.120 18.160
888.000 10.000 -19.630 18.160
900.000 10.000 -19.060 18.320
912.000 10.000 -18.490 18.320
924.000 10.000 -18.000 18.510
696.000 47.000 -6.510 26.330
708.000 47.000 -6.000 26.150
720.000 47.000 -5.520 26.150
732.000 47.000 -5.590 25.830
744.000 47.000 -5.680 25.480
756.000 47.000 -5.770 25.140
768.000 47.000 -5.840 24.820
780.000 47.000 -5.890 24.630
792.000 47.000 -6.280 24.470
804.000 47.000 -6.620 24.310
816.000 47.000 -6.970 24.130
828.000 47.000 -7.290 23.970
840.000 47.000 -7.610 23.810
852.000 47.000 -7.930 23.620
864.000 47.000 -8.340 23.620
876.000 47.000 -8.850 23.620
888.000 47.000 -9.310 23.620
900.000 47.000 -9.810 23.810
912.000 47.000 -10.320 23.810
924.000 47.000 -10.800 23.810
696.000 71.000 25.190 16.400
708.000 71.000 24.500 16.560
720.000 71.000 23.790 16.740
732.000 71.000 23.080 16.900
744.000 71.000 22.430 17.060
756.000 71.000 21.700 17.240
768.000 71.000 21.060 17.400
780.000 71.000 20.740 17.400
792.000 71.000 20.320 17.400
804.000 71.000 19.980 17.400
816.000 71.000 19.660 17.400
828.000 71.000 19.240 17.400
840.000 71.000 18.920 17.400
852.000 71.000 18.510 17.400
864.000 71.000 18.160 17.400
876.000 71.000 17.770 17.240
888.000 71.000 17.360 17.240
900.000 71.000 16.950 17.240
912.000 71.000 16.560 17.240
924.000 71.000 16.150 17.240
696.000 72.000 25.050 15.060
708.000 72.000 24.410 15.390
720.000 72.000 23.740 15.570
732.000 72.000 23.120 15.800
744.000 72.000 22.480 16.070
756.000 72.000 21.810 16.300
768.000 72.000 21.170 16.490
780.000 72.000 20.760 16.490
792.000 72.000 20.390 16.400
804.000 72.000 19.980 16.400
816.000 72.000 19.610 16.300
828.000 72.000 19.200 16.140
840.000 72.000 18.830 16.140
852.000 72.000 18.440 16.050
864.000 72.000 18.030 16.050
876.000 72.000 17.610 15.890
888.000 72.000 17.200 15.890
900.000 72.000 16.880 15.890
912.000 72.000 16.470 15.890
924.000 72.000 16.050 15.730
708.000 14.000 -11.490 19.680
720.000 14.000 -10.480 19.840
732.000 14.000 -9.810 20.020
744.000 14.000 -9.150 20.180
756.000 14.000 -8.500 20.340
768.000 14.000 -7.810 20.530
780.000 14.000 -7.170 20.690
792.000 14.000 -6.480 20.690
804.000 14.000 -5.840 20.850
816.000 14.000 -5.150 21.030
828.000 14.000 -4.650 21.030
840.000 14.000 -4.230 21.030
852.000 14.000 -3.820 21.030
864.000 14.000 -3.430 20.850
876.000 14.000 -3.020 20.850
888.000 14.000 -2.540 20.850
900.000 14.000 -2.120 20.690
912.000 14.000 -1.710 20.690
924.000 14.000 -1.300 20.690
936.000 14.000 -0.880 20.530
708.000 52.000 -11.850 19.080
720.000 52.000 -10.960 19.080
732.000 52.000 -10.290 19.260
744.000 52.000 -9.560 19.420
756.000 52.000 -8.920 19.590
768.000 52.000 -8.230 19.770
780.000 52.000 -7.540 19.930
792.000 52.000 -6.800 19.930
804.000 52.000 -6.160 20.090
816.000 52.000 -5.430 20.270
828.000 52.000 -4.920 20.270
840.000 52.000 -4.460 20.270
852.000 52.000 -4.050 20.090
864.000 52.000 -3.550 20.090
876.000 52.000 -3.130 19.930
888.000 52.000 -2.650 19.770
900.000 52.000 -2.170 19.770
912.000 52.000 -1.760 19.590
924.000 52.000 -1.250 19.590
936.000 52.000 -0.840 19.420
720.000 73.000 25.600 47.350
732.000 73.000 24.870 46.510
744.000 73.000 24.130 45.660
756.000 73.000 23.400 44.830
768.000 73.000 23.030 44.330
780.000 73.000 23.010 43.980
792.000 73.000 22.850 43.640
804.000 73.000 22.690 43.320
816.000 73.000 22.570 42.970
828.000 73.000 22.430 42.720
840.000 73.000 22.270 42.470
852.000 73.000 22.160 42.120
864.000 73.000 22.020 41.890
876.000 73.000 21.860 41.530
888.000 73.000 21.750 41.300
900.000 73.000 21.560 40.950
912.000 73.000 21.470 40.700
924.000 73.000 21.330 40.380
936.000 73.000 21.150 40.100
948.000 73.000 21.100 39.870
756.000 33.000 25.100 15.730
768.000 33.000 24.450 15.890
780.000 33.000 23.860 16.050
792.000 33.000 23.400 16.050
804.000 33.000 22.890 15.890
816.000 33.000 22.480 15.890
828.000 33.000 21.970 15.730
840.000 33.000 21.520 15.730
852.000 33.000 21.010 15.550
864.000 33.000 20.600 15.390
876.000 33.000 20.090 15.390
888.000 33.000 19.630 15.220
900.000 33.000 19.130 15.220
912.000 33.000 18.720 15.040
924.000 33.000 18.210 14.880
936.000 33.000 17.750 14.880
948.000 33.000 17.250 14.720
960.000 33.000 16.830 14.720
972.000 33.000 16.330 14.540
984.000 33.000 15.870 14.380
780.000 18.000 13.210 12.010
792.000 18.000 13.160 12.520
804.000 18.000 13.020 13.200
816.000 18.000 12.930 13.710
828.000 18.000 12.860 14.210
840.000 18.000 12.700 14.720
852.000 18.000 12.520 15.220
864.000 18.000 12.200 15.730
876.000 18.000 11.970 16.050
888.000 18.000 11.650 16.460
900.000 18.000 11.300 16.900
912.000 18.000 10.980 17.340
924.000 18.000 10.640 17.660
936.000 18.000 10.320 18.070
948.000 18.000 10.090 18.480
960.000 18.000 9.770 18.850
972.000 18.000 9.770 19.170
984.000 18.000 9.830 19.420
996.000 18.000 9.770 19.930
1008.000 18.000 9.630 20.430
804.000 66.000 16.540 24.980
816.000 66.000 16.540 24.980
828.000 66.000 16.540 24.910
840.000 66.000 16.540 24.910
852.000 66.000 16.540 24.910
864.000 66.000 16.540 24.910
876.000 66.000 16.540 24.820
888.000 66.000 16.630 24.730
900.000 66.000 16.630 24.730
912.000 66.000 16.630 24.730
924.000 66.000 16.630 24.730
936.000 66.000 16.630 24.630
948.000 66.000 16.630 24.630
960.000 66.000 16.630 24.630
972.000 66.000 16.630 24.630
984.000 66.000 16.720 24.630
996.000 66.000 16.720 24.630
1008.000 66.000 16.790 24.820
1020.000 66.000 16.860 24.820
1032.000 66.000 17.040 25.140
816.000 9.000 -2.740 34.550
828.000 9.000 -2.650 34.550
840.000 9.000 -2.600 34.550
852.000 9.000 -2.510 34.550
864.000 9.000 -2.440 34.550
876.000 9.000 -2.380 34.550
888.000 9.000 -2.280 34.550
900.000 9.000 -2.190 34.640
912.000 9.000 -1.960 34.480
924.000 9.000 -1.870 34.480
936.000 9.000 -2.100 34.480
948.000 9.000 -2.510 34.300
960.000 9.000 -3.020 34.140
972.000 9.000 -1.710 34.300
984.000 9.000 -1.960 34.300
996.000 9.000 -2.190 34.480
1008.000 9.000 -2.440 34.480
1020.000 9.000 -2.670 34.570
1032.000 9.000 -2.970 34.710
1044.000 9.000 -3.270 34.800
828.000 44.000 0.470 34.390
840.000 44.000 0.490 34.390
852.000 44.000 0.540 34.390
864.000 44.000 0.610 34.390
876.000 44.000 0.610 34.390
888.000 44.000 0.700 34.390
900.000 44.000 0.790 34.460
912.000 44.000 0.880 34.320
924.000 44.000 0.950 34.320
936.000 44.000 0.700 34.320
948.000 44.000 0.470 34.320
960.000 44.000 0.220 34.320
972.000 44.000 1.620 33.630
984.000 44.000 1.370 33.950
996.000 44.000 1.110 34.320
1008.000 44.000 0.950 34.320
1020.000 44.000 0.700 34.390
1032.000 44.000 0.470 34.480
1044.000 44.000 0.220 34.480
1056.000 44.000 0.010 34.570
