0 0 2 810.0 781.0 2.0 Pedestrian
1 12 2 811.0 773.0 2.0 Pedestrian
2 24 2 816.0 777.0 2.0 Pedestrian
3 36 2 827.0 787.0 2.0 Pedestrian
4 48 2 839.0 785.0 2.0 Pedestrian
5 60 2 852.0 787.0 2.0 Pedestrian
6 72 2 837.0 822.0 2.0 Pedestrian
7 84 2 854.0 807.5 2.0 Pedestrian
8 96 2 851.0 859.0 2.0 Pedestrian
9 108 2 871.0 822.0 2.0 Pedestrian
10 120 2 884.0 828.0 2.0 Pedestrian
11 132 2 884.0 828.0 2.0 Pedestrian
12 144 2 886.0 830.0 2.0 Pedestrian
13 156 2 888.0 832.0 2.0 Pedestrian
14 168 2 890.0 834.0 2.0 Pedestrian
15 180 2 890.0 838.5 2.0 Pedestrian
16 192 2 875.0 824.0 2.0 Pedestrian
17 204 2 877.0 824.0 2.0 Pedestrian
18 216 2 879.0 824.0 2.0 Pedestrian
19 228 2 881.0 824.0 2.0 Pedestrian
20 0 4 273.0 523.5 4.0 Pedestrian
21 12 4 259.0 517.5 4.0 Pedestrian
22 24 4 245.0 513.5 4.0 Pedestrian
23 36 4 231.0 513.5 4.0 Pedestrian
24 48 4 217.0 513.5 4.0 Pedestrian
25 60 4 213.0 513.5 4.0 Pedestrian
26 72 4 207.0 509.5 4.0 Pedestrian
27 84 4 187.0 509.5 4.0 Pedestrian
28 96 4 167.0 513.5 4.0 Pedestrian
29 108 4 147.0 517.5 4.0 Pedestrian
30 120 4 133.0 517.5 4.0 Pedestrian
31 132 4 119.0 517.5 4.0 Pedestrian
32 144 4 107.0 513.5 4.0 Pedestrian
33 156 4 93.0 509.5 4.0 Pedestrian
34 168 4 81.0 505.5 4.0 Pedestrian
35 180 4 67.0 505.5 4.0 Pedestrian
36 192 4 54.0 505.5 4.0 Pedestrian
37 204 4 42.0 505.5 4.0 Pedestrian
38 216 4 29.0 505.5 4.0 Pedestrian
39 228 4 27.5 509.5 4.0 Pedestrian
40 0 5 384.5 552.5 5.0 Pedestrian
41 12 5 390.5 552.5 5.0 Pedestrian
42 24 5 400.0 552.5 5.0 Pedestrian
43 36 5 406.0 550.5 5.0 Pedestrian
44 48 5 412.0 550.5 5.0 Pedestrian
45 60 5 418.0 550.5 5.0 Pedestrian
46 72 5 424.0 550.5 5.0 Pedestrian
47 84 5 428.0 550.5 5.0 Pedestrian
48 96 5 432.0 554.5 5.0 Pedestrian
49 108 5 436.0 558.5 5.0 Pedestrian
50 120 5 432.0 562.5 5.0 Pedestrian
51 132 5 416.0 562.5 5.0 Pedestrian
52 144 5 400.0 562.5 5.0 Pedestrian
53 156 5 398.0 562.5 5.0 Pedestrian
54 168 5 400.0 562.5 5.0 Pedestrian
55 180 5 400.0 562.5 5.0 Pedestrian
56 192 5 402.0 562.5 5.0 Pedestrian
57 204 5 402.0 562.5 5.0 Pedestrian
58 216 5 404.0 562.5 5.0 Pedestrian
59 228 5 406.0 558.5 5.0 Pedestrian
60 0 6 51.0 564.5 6.0 Pedestrian
61 12 6 51.0 564.5 6.0 Pedestrian
62 24 6 51.0 564.5 6.0 Pedestrian
63 36 6 51.0 564.5 6.0 Pedestrian
64 48 6 51.0 564.5 6.0 Pedestrian
65 60 6 51.0 564.5 6.0 Pedestrian
66 72 6 51.0 564.5 6.0 Pedestrian
67 84 6 51.0 564.5 6.0 Pedestrian
68 96 6 51.0 564.5 6.0 Pedestrian
69 108 6 51.0 564.5 6.0 Pedestrian
70 120 6 51.0 564.5 6.0 Pedestrian
71 132 6 51.0 564.5 6.0 Pedestrian
72 144 6 51.0 564.5 6.0 Pedestrian
73 156 6 51.0 564.5 6.0 Pedestrian
74 168 6 51.0 564.5 6.0 Pedestrian
75 180 6 51.0 564.5 6.0 Pedestrian
76 192 6 51.0 564.5 6.0 Pedestrian
77 204 6 51.0 564.5 6.0 Pedestrian
78 216 6 51.0 564.5 6.0 Pedestrian
79 228 6 51.0 564.5 6.0 Pedestrian
80 0 7 98.0 881.5 7.0 Pedestrian
81 12 7 127.0 877.0 7.0 Pedestrian
82 24 7 159.0 868.5 7.0 Pedestrian
83 36 7 191.0 864.5 7.0 Pedestrian
84 48 7 229.0 856.5 7.0 Pedestrian
85 60 7 263.0 852.5 7.0 Pedestrian
86 72 7 287.0 852.5 7.0 Pedestrian
87 84 7 330.5 844.5 7.0 Pedestrian
88 96 7 362.5 848.5 7.0 Pedestrian
89 108 7 394.0 844.5 7.0 Pedestrian
90 120 7 424.0 819.5 7.0 Pedestrian
91 132 7 454.0 803.5 7.0 Pedestrian
92 144 7 462.0 779.0 7.0 Pedestrian
93 156 7 480.0 775.0 7.0 Pedestrian
94 168 7 496.0 746.5 7.0 Pedestrian
95 180 7 512.0 717.5 7.0 Pedestrian
96 192 7 532.0 681.5 7.0 Pedestrian
97 204 7 550.0 648.5 7.0 Pedestrian
98 216 7 552.0 615.5 7.0 Pedestrian
99 228 7 564.0 583.5 7.0 Pedestrian
100 0 10 446.0 574.5 10.0 Pedestrian
101 12 10 448.0 579.0 10.0 Pedestrian
102 24 10 451.0 593.5 10.0 Pedestrian
103 36 10 453.0 603.5 10.0 Pedestrian
104 48 10 453.0 612.0 10.0 Pedestrian
105 60 10 452.0 618.0 10.0 Pedestrian
106 72 10 452.0 624.0 10.0 Pedestrian
107 84 10 452.0 620.0 10.0 Pedestrian
108 96 10 452.0 608.0 10.0 Pedestrian
109 108 10 452.0 599.0 10.0 Pedestrian
110 120 10 452.0 595.0 10.0 Pedestrian
111 132 10 452.0 604.0 10.0 Pedestrian
112 144 10 452.0 608.0 10.0 Pedestrian
113 156 10 452.0 612.0 10.0 Pedestrian
114 168 10 452.0 620.0 10.0 Pedestrian
115 180 10 452.0 624.0 10.0 Pedestrian
116 192 10 452.0 632.0 10.0 Pedestrian
117 204 10 450.0 636.0 10.0 Pedestrian
118 216 10 450.0 636.0 10.0 Pedestrian
119 228 10 450.0 636.0 10.0 Pedestrian
120 0 11 645.0 1434.0 11.0 Pedestrian
121 12 11 643.0 1430.0 11.0 Pedestrian
122 24 11 628.0 1426.0 11.0 Pedestrian
123 36 11 614.0 1419.5 11.0 Pedestrian
124 48 11 598.0 1419.5 11.0 Pedestrian
125 60 11 584.0 1419.5 11.0 Pedestrian
126 72 11 586.0 1415.5 11.0 Pedestrian
127 84 11 588.0 1415.5 11.0 Pedestrian
128 96 11 590.0 1411.5 11.0 Pedestrian
129 108 11 592.0 1411.5 11.0 Pedestrian
130 120 11 594.0 1407.5 11.0 Pedestrian
131 132 11 596.0 1403.5 11.0 Pedestrian
132 144 11 598.0 1403.5 11.0 Pedestrian
133 156 11 600.0 1399.5 11.0 Pedestrian
134 168 11 602.0 1399.5 11.0 Pedestrian
135 180 11 604.0 1399.5 11.0 Pedestrian
136 192 11 595.0 1407.5 11.0 Pedestrian
137 204 11 586.0 1415.5 11.0 Pedestrian
138 216 11 576.0 1419.5 11.0 Pedestrian
139 228 11 567.0 1428.0 11.0 Pedestrian
140 0 12 688.0 1425.5 12.0 Pedestrian
141 12 12 686.0 1425.5 12.0 Pedestrian
142 24 12 674.0 1425.5 12.0 Pedestrian
143 36 12 660.0 1428.0 12.0 Pedestrian
144 48 12 650.0 1432.0 12.0 Pedestrian
145 60 12 640.0 1432.0 12.0 Pedestrian
146 72 12 632.0 1432.0 12.0 Pedestrian
147 84 12 626.0 1432.0 12.0 Pedestrian
148 96 12 622.0 1432.0 12.0 Pedestrian
149 108 12 616.0 1432.0 12.0 Pedestrian
150 120 12 612.0 1432.0 12.0 Pedestrian
151 132 12 607.0 1432.0 12.0 Pedestrian
152 144 12 602.0 1432.0 12.0 Pedestrian
153 156 12 597.0 1432.0 12.0 Pedestrian
154 168 12 591.0 1432.0 12.0 Pedestrian
155 180 12 587.0 1432.0 12.0 Pedestrian
156 192 12 581.0 1432.0 12.0 Pedestrian
157 204 12 577.0 1432.0 12.0 Pedestrian
158 216 12 571.0 1432.0 12.0 Pedestrian
159 228 12 567.0 1432.0 12.0 Pedestrian
160 0 14 719.5 1674.5 14.0 Pedestrian
161 12 14 719.5 1658.5 14.0 Pedestrian
162 24 14 719.5 1646.5 14.0 Pedestrian
163 36 14 719.5 1629.5 14.0 Pedestrian
164 48 14 719.5 1617.5 14.0 Pedestrian
165 60 14 719.5 1601.5 14.0 Pedestrian
166 72 14 719.5 1589.5 14.0 Pedestrian
167 84 14 721.5 1572.5 14.0 Pedestrian
168 96 14 725.5 1560.5 14.0 Pedestrian
169 108 14 729.5 1544.5 14.0 Pedestrian
170 120 14 731.5 1532.0 14.0 Pedestrian
171 132 14 727.5 1523.5 14.0 Pedestrian
172 144 14 729.5 1507.5 14.0 Pedestrian
173 156 14 731.5 1487.5 14.0 Pedestrian
174 168 14 737.0 1470.5 14.0 Pedestrian
175 180 14 743.0 1456.5 14.0 Pedestrian
176 192 14 751.0 1454.5 14.0 Pedestrian
177 204 14 762.0 1446.5 14.0 Pedestrian
178 216 14 776.0 1438.5 14.0 Pedestrian
179 228 14 790.0 1425.5 14.0 Pedestrian
180 0 15 739.0 1293.5 15.0 Pedestrian
181 12 15 793.0 1281.5 15.0 Pedestrian
182 24 15 829.0 1268.5 15.0 Pedestrian
183 36 15 877.0 1248.5 15.0 Pedestrian
184 48 15 923.0 1232.5 15.0 Pedestrian
185 60 15 967.0 1211.5 15.0 Pedestrian
186 72 15 1011.0 1195.5 15.0 Pedestrian
187 84 15 1053.0 1191.5 15.0 Pedestrian
188 96 15 1096.5 1187.5 15.0 Pedestrian
189 108 15 1142.0 1183.5 15.0 Pedestrian
190 120 15 1190.0 1178.5 15.0 Pedestrian
191 132 15 1238.0 1178.5 15.0 Pedestrian
192 144 15 1288.0 1166.5 15.0 Pedestrian
193 156 15 1340.0 1154.5 15.0 Pedestrian
194 168 15 1390.0 1154.5 15.0 Pedestrian
195 180 15 1425.0 1154.5 15.0 Pedestrian
196 192 15 1406.0 1158.5 15.0 Pedestrian
197 204 15 1372.0 1162.5 15.0 Pedestrian
198 216 15 1338.0 1170.5 15.0 Pedestrian
199 228 15 1305.0 1178.5 15.0 Pedestrian
200 0 16 118.0 1264.5 16.0 Pedestrian
201 12 16 130.0 1260.5 16.0 Pedestrian
202 24 16 142.0 1256.5 16.0 Pedestrian
203 36 16 156.0 1252.5 16.0 Pedestrian
204 48 16 168.0 1252.5 16.0 Pedestrian
205 60 16 184.0 1248.5 16.0 Pedestrian
206 72 16 198.0 1248.5 16.0 Pedestrian
207 84 16 214.0 1248.5 16.0 Pedestrian
208 96 16 228.0 1244.5 16.0 Pedestrian
209 108 16 242.0 1244.5 16.0 Pedestrian
210 120 16 258.0 1244.5 16.0 Pedestrian
211 132 16 272.0 1240.5 16.0 Pedestrian
212 144 16 288.0 1240.5 16.0 Pedestrian
213 156 16 302.0 1240.5 16.0 Pedestrian
214 168 16 316.0 1240.5 16.0 Pedestrian
215 180 16 330.0 1240.5 16.0 Pedestrian
216 192 16 343.5 1240.5 16.0 Pedestrian
217 204 16 357.5 1240.5 16.0 Pedestrian
218 216 16 371.5 1240.5 16.0 Pedestrian
219 228 16 385.5 1240.5 16.0 Pedestrian
220 0 26 820.0 1362.5 26.0 Pedestrian
221 12 26 809.0 1364.5 26.0 Pedestrian
222 24 26 799.0 1368.5 26.0 Pedestrian
223 36 26 789.0 1374.5 26.0 Pedestrian
224 48 26 779.0 1376.5 26.0 Pedestrian
225 60 26 770.0 1381.0 26.0 Pedestrian
226 72 26 760.0 1381.0 26.0 Pedestrian
227 84 26 750.0 1381.0 26.0 Pedestrian
228 96 26 738.0 1385.5 26.0 Pedestrian
229 108 26 728.5 1389.5 26.0 Pedestrian
230 120 26 718.5 1393.5 26.0 Pedestrian
231 132 26 707.0 1389.5 26.0 Pedestrian
232 144 26 695.0 1389.5 26.0 Pedestrian
233 156 26 685.0 1385.5 26.0 Pedestrian
234 168 26 673.0 1385.5 26.0 Pedestrian
235 180 26 663.0 1385.5 26.0 Pedestrian
236 192 26 653.0 1385.5 26.0 Pedestrian
237 204 26 643.0 1389.5 26.0 Pedestrian
238 216 26 633.0 1389.5 26.0 Pedestrian
239 228 26 621.0 1389.5 26.0 Pedestrian
240 0 27 780.0 1423.5 27.0 Pedestrian
241 12 27 772.0 1423.5 27.0 Pedestrian
242 24 27 764.0 1428.0 27.0 Pedestrian
243 36 27 758.0 1432.0 27.0 Pedestrian
244 48 27 750.0 1436.5 27.0 Pedestrian
245 60 27 742.0 1444.5 27.0 Pedestrian
246 72 27 732.0 1448.5 27.0 Pedestrian
247 84 27 724.5 1448.5 27.0 Pedestrian
248 96 27 714.5 1444.5 27.0 Pedestrian
249 108 27 705.0 1440.5 27.0 Pedestrian
250 120 27 695.0 1440.5 27.0 Pedestrian
251 132 27 684.0 1440.5 27.0 Pedestrian
252 144 27 674.0 1440.5 27.0 Pedestrian
253 156 27 665.0 1442.5 27.0 Pedestrian
254 168 27 654.0 1442.5 27.0 Pedestrian
255 180 27 646.0 1440.5 27.0 Pedestrian
256 192 27 636.0 1440.5 27.0 Pedestrian
257 204 27 626.0 1436.5 27.0 Pedestrian
258 216 27 618.0 1436.5 27.0 Pedestrian
259 228 27 608.0 1436.5 27.0 Pedestrian
260 0 28 750.0 1393.5 28.0 Pedestrian
261 12 28 742.0 1393.5 28.0 Pedestrian
262 24 28 734.0 1397.5 28.0 Pedestrian
263 36 28 728.5 1401.5 28.0 Pedestrian
264 48 28 720.5 1405.5 28.0 Pedestrian
265 60 28 707.0 1401.5 28.0 Pedestrian
266 72 28 691.0 1389.5 28.0 Pedestrian
267 84 28 677.0 1385.5 28.0 Pedestrian
268 96 28 671.0 1389.5 28.0 Pedestrian
269 108 28 663.0 1393.5 28.0 Pedestrian
270 120 28 657.0 1401.5 28.0 Pedestrian
271 132 28 645.0 1397.5 28.0 Pedestrian
272 144 28 635.0 1393.5 28.0 Pedestrian
273 156 28 625.0 1389.5 28.0 Pedestrian
274 168 28 615.0 1385.5 28.0 Pedestrian
275 180 28 607.0 1389.5 28.0 Pedestrian
276 192 28 597.0 1393.5 28.0 Pedestrian
277 204 28 589.0 1401.5 28.0 Pedestrian
278 216 28 581.0 1409.5 28.0 Pedestrian
279 228 28 571.0 1413.5 28.0 Pedestrian
280 144 30 884.0 1309.5 30.0 Pedestrian
281 156 30 874.0 1313.5 30.0 Pedestrian
282 168 30 860.0 1317.5 30.0 Pedestrian
283 180 30 848.0 1321.5 30.0 Pedestrian
284 192 30 834.0 1330.0 30.0 Pedestrian
285 204 30 820.0 1338.5 30.0 Pedestrian
286 216 30 806.0 1350.5 30.0 Pedestrian
287 228 30 790.0 1358.5 30.0 Pedestrian
288 240 30 774.0 1370.5 30.0 Pedestrian
289 252 30 758.0 1370.5 30.0 Pedestrian
290 264 30 740.0 1370.5 30.0 Pedestrian
291 276 30 722.5 1370.5 30.0 Pedestrian
292 288 30 706.5 1378.5 30.0 Pedestrian
293 300 30 693.0 1383.5 30.0 Pedestrian
294 312 30 677.0 1387.5 30.0 Pedestrian
295 324 30 661.0 1391.5 30.0 Pedestrian
296 336 30 647.0 1395.5 30.0 Pedestrian
297 348 30 633.0 1399.5 30.0 Pedestrian
298 360 30 615.0 1399.5 30.0 Pedestrian
299 372 30 599.0 1399.5 30.0 Pedestrian
300 156 17 503.0 1383.5 17.0 Pedestrian
301 168 17 511.0 1378.5 17.0 Pedestrian
302 180 17 517.0 1374.5 17.0 Pedestrian
303 192 17 517.0 1362.5 17.0 Pedestrian
304 204 17 515.0 1350.5 17.0 Pedestrian
305 216 17 515.0 1342.5 17.0 Pedestrian
306 228 17 515.0 1346.5 17.0 Pedestrian
307 240 17 515.0 1350.5 17.0 Pedestrian
308 252 17 517.0 1350.5 17.0 Pedestrian
309 264 17 517.0 1354.5 17.0 Pedestrian
310 276 17 513.0 1358.5 17.0 Pedestrian
311 288 17 507.0 1362.5 17.0 Pedestrian
312 300 17 501.0 1366.5 17.0 Pedestrian
313 312 17 497.0 1366.5 17.0 Pedestrian
314 324 17 491.0 1362.5 17.0 Pedestrian
315 336 17 487.0 1362.5 17.0 Pedestrian
316 348 17 493.0 1374.5 17.0 Pedestrian
317 360 17 499.0 1383.5 17.0 Pedestrian
318 372 17 499.0 1383.5 17.0 Pedestrian
319 384 17 499.0 1383.5 17.0 Pedestrian
