504 10.0 4.086 16.706
516 10.0 4.767 16.706
528 10.0 5.447 16.706
540 10.0 6.083 16.706
552 10.0 6.719 16.706
564 10.0 7.309 16.706
576 10.0 7.899 16.706
588 10.0 8.58 16.524
504 11.0 -11.258 15.208
516 11.0 -11.78 15.208
528 11.0 -12.37 15.208
540 11.0 -12.892 15.208
552 11.0 -13.483 15.208
564 11.0 -14.027 15.208
576 11.0 -14.527 15.208
588 11.0 -15.139 15.208
504 13.0 -20.36 17.296
516 13.0 -21.041 17.296
528 13.0 -21.631 17.296
540 13.0 -22.312 17.455
552 13.0 -22.993 17.455
564 13.0 -23.583 17.455
576 13.0 -24.309 17.296
588 13.0 -24.99 17.114
504 16.0 -0.545 -0.182
516 16.0 -0.84 -0.182
528 16.0 -1.18 -0.182
540 16.0 -1.521 -0.182
552 16.0 -1.816 -0.182
564 16.0 -2.134 -0.182
576 16.0 -2.451 -0.182
588 16.0 -2.815 -0.34
504 28.0 7.173 12.053
516 28.0 6.946 12.552
528 28.0 6.809 12.87
540 28.0 6.582 13.369
552 28.0 6.446 13.71
564 28.0 6.219 14.209
576 28.0 6.06 14.549
588 28.0 5.765 14.867
516 14.0 7.967 10.055
528 14.0 7.967 10.373
540 14.0 7.967 10.713
552 14.0 7.967 11.213
564 14.0 7.967 11.712
576 14.0 7.967 12.053
588 14.0 7.967 12.552
600 14.0 8.103 13.051
516 26.0 8.239 23.197
528 26.0 8.012 22.879
540 26.0 7.853 22.38
552 26.0 7.626 22.017
564 26.0 7.4 21.518
576 26.0 7.195 21.2
588 26.0 7.036 20.7
600 26.0 6.809 20.383
696 20.0 -31.255 10.804
708 20.0 -28.94 11.122
720 20.0 -26.557 11.621
732 20.0 -24.173 11.962
744 20.0 -21.767 12.121
756 20.0 -19.316 11.803
768 20.0 -17.137 11.803
780 20.0 -15.366 11.803
744 12.0 -18.567 18.045
756 12.0 -18.249 18.204
768 12.0 -18.521 18.204
780 12.0 -18.748 18.204
792 12.0 -19.066 18.204
804 12.0 -19.656 18.204
816 12.0 -20.473 18.363
828 12.0 -21.835 18.544
744 17.0 -6.106 -4.676
756 17.0 -6.174 -5.334
768 17.0 -6.265 -5.833
780 17.0 -6.537 -6.174
792 17.0 -6.855 -6.333
804 17.0 -7.218 -6.673
816 17.0 -7.218 -7.173
828 17.0 -7.309 -7.831
744 29.0 4.403 20.36
756 29.0 4.63 20.7
768 29.0 4.63 21.041
780 29.0 4.358 21.2
792 29.0 4.131 21.2
804 29.0 3.813 21.359
816 29.0 3.45 21.54
828 29.0 2.928 21.858
744 31.0 -10.713 -8.648
756 31.0 -10.623 -8.648
768 31.0 -10.486 -8.512
780 31.0 -10.305 -8.33
792 31.0 -10.078 -8.012
804 31.0 -9.715 -7.649
816 31.0 -9.352 -7.15
828 31.0 -9.034 -6.65
756 27.0 7.853 18.204
768 27.0 7.922 18.204
780 27.0 7.49 18.204
792 27.0 7.104 18.204
804 27.0 6.65 18.204
816 27.0 6.287 18.204
828 27.0 5.765 18.204
840 27.0 5.175 18.204
780 30.0 -9.215 -8.489
792 30.0 -9.056 -8.171
804 30.0 -8.988 -7.831
816 30.0 -8.829 -7.331
828 30.0 -8.602 -7.173
840 30.0 -8.307 -6.991
852 30.0 -8.012 -6.673
864 30.0 -7.717 -6.333
