0.0000 109.0000 -16.4850 14.8740
0.0000 116.0000 -5.6080 15.7090
12.0000 109.0000 -16.7630 14.3970
12.0000 116.0000 -5.0910 15.7090
24.0000 109.0000 -16.9820 13.9000
24.0000 116.0000 -4.5140 15.7090
36.0000 109.0000 -17.2200 13.4820
36.0000 116.0000 -3.9970 15.8680
48.0000 116.0000 -3.4200 15.8680
48.0000 17.0000 22.8680 8.7490
48.0000 109.0000 -17.4790 13.0050
60.0000 109.0000 -17.6780 12.6870
60.0000 17.0000 22.3110 8.2720
60.0000 116.0000 -2.8630 16.0270
72.0000 109.0000 -17.9160 12.1700
72.0000 116.0000 -2.3070 16.0270
72.0000 17.0000 21.7340 8.2720
84.0000 109.0000 -18.1550 11.7720
84.0000 17.0000 21.2170 8.2720
84.0000 116.0000 -1.7700 16.1070
96.0000 116.0000 -1.2330 16.1860
96.0000 17.0000 20.7000 8.2720
96.0000 109.0000 -18.3930 11.2950
108.0000 116.0000 -0.6360 16.2660
108.0000 17.0000 20.1830 8.2720
108.0000 109.0000 -18.5920 10.8770
120.0000 116.0000 -0.0800 16.3450
120.0000 109.0000 -18.8710 10.4590
120.0000 17.0000 19.6660 8.2720
132.0000 116.0000 0.4570 16.4250
132.0000 109.0000 -19.0700 10.0620
132.0000 17.0000 19.0890 8.2720
144.0000 17.0000 18.5920 8.2720
144.0000 116.0000 1.0140 16.5040
144.0000 109.0000 -19.3080 9.5650
156.0000 17.0000 18.0750 8.0930
156.0000 111.0000 20.1430 24.6170
156.0000 116.0000 1.5910 16.5840
156.0000 109.0000 -19.5470 9.1470
168.0000 111.0000 20.3020 24.1000
168.0000 17.0000 17.5580 8.0930
168.0000 116.0000 2.1080 16.5840
168.0000 109.0000 -19.7850 8.6700
180.0000 111.0000 20.4620 23.6230
180.0000 116.0000 2.7040 16.7630
180.0000 109.0000 -19.9840 8.3520
180.0000 17.0000 17.0410 8.0930
192.0000 17.0000 16.4450 8.0930
192.0000 116.0000 3.2410 16.7630
192.0000 109.0000 -19.9840 8.0140
192.0000 111.0000 20.5010 23.1460
204.0000 17.0000 15.9280 8.0930
204.0000 111.0000 20.6600 22.6290
204.0000 109.0000 -19.9440 7.6760
204.0000 116.0000 3.7980 16.8420
216.0000 17.0000 15.4310 8.0930
216.0000 111.0000 20.7400 22.1520
216.0000 109.0000 -19.9440 7.1980
216.0000 116.0000 4.3750 16.9220
228.0000 17.0000 14.9340 8.0930
228.0000 116.0000 4.8920 16.9220
228.0000 111.0000 20.8990 21.6740
228.0000 109.0000 -19.9440 7.0190
240.0000 111.0000 21.0180 21.1570
240.0000 110.0000 -19.9440 7.0190
240.0000 117.0000 5.4680 17.1010
240.0000 17.0000 14.4170 8.0930
252.0000 17.0000 13.8200 7.9340
252.0000 111.0000 21.0980 20.5210
252.0000 110.0000 -19.9440 7.0190
252.0000 117.0000 6.0650 17.1010
264.0000 17.0000 13.2230 7.9340
264.0000 111.0000 21.2570 20.0440
264.0000 117.0000 6.6420 17.2600
264.0000 114.0000 -27.4210 9.8230
264.0000 110.0000 -19.9440 7.0190
276.0000 117.0000 7.2380 17.2600
276.0000 114.0000 -26.8450 9.8230
276.0000 17.0000 12.7060 7.9340
276.0000 110.0000 -19.9440 7.0190
276.0000 111.0000 21.3360 19.5270
288.0000 111.0000 21.4560 19.0500
288.0000 117.0000 7.7550 17.2600
288.0000 110.0000 -19.9440 7.0190
288.0000 114.0000 -26.3280 9.8230
288.0000 18.0000 12.1500 7.9340
300.0000 110.0000 -19.9440 7.0190
300.0000 114.0000 -25.8110 9.8230
300.0000 117.0000 8.3320 17.4190
300.0000 18.0000 11.6330 7.9340
300.0000 111.0000 21.6150 18.5720
312.0000 110.0000 -19.9440 7.0190
312.0000 114.0000 -25.2140 9.9820
312.0000 111.0000 21.6940 18.0550
312.0000 117.0000 8.9080 17.4190
312.0000 18.0000 11.0360 7.9340
312.0000 8.0000 23.1060 8.4310
324.0000 114.0000 -24.7170 9.9820
324.0000 8.0000 22.5300 8.4310
324.0000 18.0000 10.4400 7.9340
324.0000 117.0000 9.5050 17.4190
324.0000 111.0000 21.8340 17.5780
324.0000 110.0000 -19.9440 7.0190
336.0000 114.0000 -24.2000 9.9820
336.0000 18.0000 9.9420 7.9340
336.0000 110.0000 -19.9440 7.0190
336.0000 111.0000 22.0520 17.1010
336.0000 117.0000 10.0820 17.5780
336.0000 8.0000 21.9330 8.4310
348.0000 18.0000 9.3660 7.9340
348.0000 117.0000 10.6780 17.5780
348.0000 110.0000 -19.9440 7.0190
348.0000 111.0000 22.4100 16.5840
348.0000 8.0000 21.4360 8.4310
348.0000 114.0000 -23.6230 10.1410
360.0000 110.0000 -19.9440 7.0190
360.0000 8.0000 20.8390 8.4310
360.0000 114.0000 -23.1060 10.1410
360.0000 111.0000 22.7680 16.1070
360.0000 117.0000 11.1750 17.5780
360.0000 18.0000 8.8490 7.9340
372.0000 111.0000 23.0860 15.6290
372.0000 110.0000 -19.9440 7.0190
372.0000 117.0000 11.7720 17.7370
372.0000 18.0000 8.2520 7.9340
372.0000 114.0000 -22.5890 10.1410
372.0000 8.0000 20.2630 8.4310
384.0000 114.0000 -22.0130 10.3000
384.0000 111.0000 23.2850 15.2720
384.0000 18.0000 7.7350 7.9340
384.0000 110.0000 -19.9440 7.0190
384.0000 117.0000 12.3480 17.7370
384.0000 8.0000 19.6660 8.4310
396.0000 110.0000 -19.9440 7.0190
396.0000 117.0000 12.9450 17.8960
396.0000 8.0000 19.1690 8.2720
396.0000 18.0000 7.1590 7.9340
396.0000 114.0000 -21.4960 10.3000
408.0000 18.0000 6.5820 7.9340
408.0000 114.0000 -20.9790 10.3000
408.0000 110.0000 -19.9440 7.0190
408.0000 117.0000 13.5220 17.8960
408.0000 8.0000 18.5720 8.2720
420.0000 18.0000 6.0650 7.9340
420.0000 117.0000 14.1180 17.8960
420.0000 114.0000 -20.4620 10.3000
420.0000 110.0000 -19.9440 7.0190
420.0000 8.0000 17.9960 8.2720
432.0000 8.0000 17.3990 8.2720
432.0000 18.0000 5.4680 7.7550
432.0000 110.0000 -19.9440 7.0190
432.0000 117.0000 14.6950 18.0550
432.0000 114.0000 -19.8850 10.4590
444.0000 110.0000 -19.9440 7.0190
444.0000 114.0000 -19.3680 10.4590
444.0000 8.0000 16.8230 8.2720
444.0000 117.0000 15.2120 18.0550
444.0000 18.0000 4.8920 7.7550
456.0000 8.0000 16.3060 8.2720
456.0000 114.0000 -18.8510 10.4590
456.0000 18.0000 4.3150 7.7550
456.0000 117.0000 15.7890 18.0550
456.0000 110.0000 -19.9440 7.0190
468.0000 18.0000 3.7980 7.7550
468.0000 110.0000 -19.9440 7.0190
468.0000 117.0000 16.3060 18.0550
468.0000 114.0000 -18.3340 10.4590
468.0000 8.0000 15.7290 8.2720
480.0000 8.0000 15.1320 8.2720
480.0000 114.0000 -17.8370 10.4590
480.0000 18.0000 3.2010 7.7550
492.0000 18.0000 2.6250 7.7550
492.0000 8.0000 14.5560 8.2720
492.0000 114.0000 -17.3200 10.3000
504.0000 18.0000 2.0480 7.7550
504.0000 8.0000 13.9590 8.2720
504.0000 115.0000 -16.8030 10.1410
516.0000 18.0000 1.4520 7.8350
516.0000 8.0000 13.3430 8.2720
516.0000 118.0000 23.9020 18.8710
516.0000 115.0000 -16.3650 10.0620
528.0000 118.0000 22.3110 18.0750
528.0000 19.0000 0.8550 7.8350
528.0000 8.0000 12.7260 8.2720
528.0000 115.0000 -15.9280 9.9030
540.0000 115.0000 -15.4510 9.8030
540.0000 118.0000 20.9190 18.0750
540.0000 19.0000 0.2780 8.0140
540.0000 8.0000 12.1300 8.2720
552.0000 19.0000 -0.3380 8.1130
552.0000 9.0000 11.5130 8.2720
552.0000 118.0000 19.5270 18.0750
552.0000 115.0000 -15.0130 9.6440
564.0000 9.0000 10.9370 8.2720
564.0000 118.0000 18.1350 18.0750
564.0000 19.0000 -0.9350 8.2720
564.0000 115.0000 -14.5360 9.5650
576.0000 9.0000 10.3400 8.3520
576.0000 118.0000 16.8230 18.0750
576.0000 115.0000 -14.0590 9.4060
576.0000 19.0000 -1.5310 8.3520
588.0000 118.0000 15.4310 18.0750
588.0000 19.0000 -2.0880 8.3520
588.0000 115.0000 -13.6210 9.2460
588.0000 9.0000 9.7240 8.3520
600.0000 115.0000 -13.1440 9.1670
600.0000 19.0000 -2.6840 8.5110
600.0000 118.0000 14.0390 18.0750
600.0000 9.0000 9.1470 8.3520
612.0000 9.0000 8.5110 8.3520
612.0000 19.0000 -3.2810 8.5900
612.0000 115.0000 -12.7060 9.0080
612.0000 118.0000 12.6470 18.0750
624.0000 9.0000 7.9340 8.3520
624.0000 115.0000 -12.2290 8.9280
624.0000 118.0000 11.2550 18.0750
624.0000 19.0000 -3.8380 8.7490
636.0000 9.0000 7.3180 8.3520
636.0000 115.0000 -11.7920 8.7490
636.0000 118.0000 9.8630 18.0750
636.0000 19.0000 -4.4340 8.8290
648.0000 118.0000 8.4710 18.0750
648.0000 9.0000 6.7210 8.3520
648.0000 115.0000 -11.3540 8.6500
648.0000 19.0000 -5.0310 8.8290
660.0000 9.0000 6.1250 8.3520
660.0000 115.0000 -10.8370 8.3320
660.0000 19.0000 -5.6270 8.9880
660.0000 118.0000 7.1590 18.0750
672.0000 118.0000 5.4680 17.8960
672.0000 9.0000 5.5480 8.3520
672.0000 19.0000 -6.1840 9.1470
672.0000 115.0000 -10.3200 8.0140
684.0000 115.0000 -9.8030 7.6950
684.0000 118.0000 3.8580 17.8960
684.0000 9.0000 4.9710 8.3520
684.0000 19.0000 -6.7010 9.1470
696.0000 19.0000 -7.2980 9.3260
696.0000 9.0000 4.3750 8.1930
696.0000 118.0000 2.2670 17.8960
696.0000 115.0000 -9.3660 7.3770
708.0000 118.0000 0.6360 17.8960
708.0000 115.0000 -8.8690 7.0190
708.0000 19.0000 -7.8150 9.3260
708.0000 9.0000 3.7980 8.1930
720.0000 19.0000 -8.4110 9.4850
720.0000 9.0000 3.2210 8.1930
720.0000 115.0000 -8.3720 6.7010
720.0000 12.0000 -27.6000 9.9030
720.0000 118.0000 -0.9540 17.7370
732.0000 9.0000 2.6250 8.1930
732.0000 12.0000 -27.2420 10.0620
732.0000 19.0000 -8.9680 9.6440
732.0000 115.0000 -7.8550 6.3830
732.0000 118.0000 -2.5650 17.7370
744.0000 19.0000 -9.4850 9.6440
744.0000 12.0000 -26.8050 10.3800
744.0000 9.0000 2.0280 8.1930
744.0000 118.0000 -4.1760 17.7370
756.0000 19.0000 -10.0820 9.6440
756.0000 9.0000 1.5110 8.1930
756.0000 12.0000 -26.3670 10.8770
768.0000 12.0000 -25.9300 11.2150
768.0000 20.0000 -10.5990 9.6440
768.0000 9.0000 0.9350 8.1930
780.0000 12.0000 -25.4920 11.5330
780.0000 9.0000 0.3580 8.1930
780.0000 20.0000 -11.1160 9.6440
792.0000 10.0000 -0.2390 8.1930
792.0000 20.0000 -11.6720 9.8230
792.0000 12.0000 -25.0550 11.8510
792.0000 14.0000 -27.8190 11.3740
804.0000 10.0000 -0.8150 8.1930
804.0000 14.0000 -27.3220 11.3740
804.0000 20.0000 -12.2690 9.8230
804.0000 12.0000 -24.5380 11.8510
816.0000 12.0000 -24.1000 11.8510
816.0000 10.0000 -1.3320 8.1930
816.0000 14.0000 -26.8640 11.3740
816.0000 20.0000 -12.7860 9.8230
828.0000 10.0000 -1.9090 8.1930
828.0000 14.0000 -26.3670 11.5330
828.0000 20.0000 -13.3820 9.9820
828.0000 12.0000 -23.5830 12.0100
840.0000 12.0000 -23.0660 12.0100
840.0000 20.0000 -13.9390 9.9820
840.0000 10.0000 -2.5050 8.1930
840.0000 14.0000 -25.9300 11.5330
852.0000 14.0000 -25.4130 11.6920
852.0000 12.0000 -22.5490 12.0100
852.0000 10.0000 -3.0820 8.1930
852.0000 20.0000 -14.5360 10.1410
864.0000 20.0000 -15.0530 10.1410
864.0000 10.0000 -3.5990 8.1930
864.0000 12.0000 -22.1120 12.1700
864.0000 14.0000 -24.9750 11.6920
876.0000 20.0000 -15.6490 10.1410
876.0000 12.0000 -21.5950 12.1700
876.0000 10.0000 -4.1760 8.1930
876.0000 14.0000 -24.4580 11.8510
888.0000 14.0000 -24.0210 11.8510
888.0000 10.0000 -4.7720 8.1930
888.0000 20.0000 -16.2060 10.3000
888.0000 12.0000 -21.0780 12.1700
900.0000 14.0000 -23.5040 12.0100
900.0000 10.0000 -5.3690 8.1930
900.0000 12.0000 -20.5810 12.3480
900.0000 20.0000 -16.8030 10.3000
912.0000 14.0000 -22.9870 12.0100
912.0000 12.0000 -20.1430 12.3480
912.0000 10.0000 -5.9260 8.1930
912.0000 20.0000 -17.3990 10.4590
924.0000 14.0000 -22.5490 12.1700
924.0000 10.0000 -6.4430 8.1930
924.0000 12.0000 -19.6260 12.3480
924.0000 20.0000 -17.9160 10.4590
936.0000 10.0000 -7.0390 8.1930
936.0000 12.0000 -19.1290 12.5080
936.0000 20.0000 -18.4730 10.4590
936.0000 14.0000 -22.0320 12.1700
948.0000 12.0000 -18.6720 12.5080
948.0000 20.0000 -19.0700 10.6190
948.0000 10.0000 -7.6360 8.1930
948.0000 14.0000 -21.5950 12.3480
960.0000 13.0000 -18.1750 12.5080
960.0000 10.0000 -8.2120 8.1930
960.0000 20.0000 -19.6660 10.6190
960.0000 14.0000 -21.0980 12.3480
972.0000 13.0000 -17.6580 12.6870
972.0000 10.0000 -8.7100 8.1930
972.0000 14.0000 -20.6400 12.3480
972.0000 20.0000 -20.1830 10.7970
984.0000 13.0000 -17.1410 12.6870
984.0000 14.0000 -20.1430 12.5080
984.0000 20.0000 -20.7800 10.7970
984.0000 10.0000 -9.3060 8.1930
996.0000 20.0000 -21.3360 10.7970
996.0000 14.0000 -19.7060 12.5080
996.0000 22.0000 -8.8090 25.5920
996.0000 21.0000 -6.5820 24.2790
996.0000 10.0000 -9.9030 8.1930
996.0000 13.0000 -16.7030 12.6870
1008.0000 21.0000 -7.1190 24.2790
1008.0000 22.0000 -8.4910 25.5920
1008.0000 13.0000 -16.1070 12.7660
1008.0000 14.0000 -19.2290 12.6870
1008.0000 10.0000 -10.4790 8.2720
1020.0000 13.0000 -15.5900 12.6670
1020.0000 22.0000 -7.9140 25.5920
1020.0000 14.0000 -18.7320 12.7660
1020.0000 21.0000 -7.5560 24.2790
1020.0000 10.0000 -11.0560 8.5110
1032.0000 15.0000 -18.2540 12.8460
1032.0000 21.0000 -7.9140 24.2790
1032.0000 22.0000 -7.4170 25.5920
1032.0000 11.0000 -11.6720 8.5900
1032.0000 13.0000 -15.0130 12.5080
1044.0000 21.0000 -8.3520 24.2790
1044.0000 15.0000 -17.7970 12.8460
1044.0000 22.0000 -6.8210 25.5920
1044.0000 13.0000 -14.5160 12.4280
1044.0000 11.0000 -12.3090 8.8290
1056.0000 21.0000 -8.7890 24.2790
1056.0000 15.0000 -17.3200 12.9250
1056.0000 11.0000 -12.9050 9.0080
1056.0000 22.0000 -6.3030 25.5920
1056.0000 13.0000 -13.9190 12.3480
1068.0000 22.0000 -5.7070 25.5920
1068.0000 21.0000 -9.3860 24.4380
1068.0000 13.0000 -13.4020 12.2690
1068.0000 11.0000 -13.5220 9.2460
1068.0000 15.0000 -16.8420 13.0050
1080.0000 11.0000 -14.0590 9.4850
1080.0000 13.0000 -12.8060 12.1890
1080.0000 21.0000 -10.0420 24.4380
1080.0000 15.0000 -16.3250 13.0840
1080.0000 22.0000 -5.2100 25.5920
1092.0000 21.0000 -10.7780 24.4380
1092.0000 11.0000 -14.6550 9.6440
1092.0000 13.0000 -12.3680 12.1890
1092.0000 22.0000 -4.6330 25.4330
1092.0000 15.0000 -15.8880 13.0840
1104.0000 22.0000 -4.1960 25.4330
1104.0000 11.0000 -15.1520 9.8030
1104.0000 13.0000 -11.8710 12.1890
1104.0000 15.0000 -15.3710 13.0840
1104.0000 21.0000 -11.4340 24.4380
1116.0000 22.0000 -3.7580 25.2740
1116.0000 15.0000 -14.8540 13.0840
1116.0000 11.0000 -15.6690 9.9620
1116.0000 99.0000 12.7460 -2.3660
1116.0000 21.0000 -12.0900 24.4380
1116.0000 13.0000 -11.3540 12.3480
1128.0000 99.0000 12.5470 -2.0480
1128.0000 11.0000 -16.1860 10.1210
1128.0000 15.0000 -14.3570 13.0840
1128.0000 13.0000 -10.8570 12.3480
1128.0000 21.0000 -12.8060 24.4380
1128.0000 22.0000 -3.3210 25.2740
1140.0000 11.0000 -16.7030 10.3200
1140.0000 15.0000 -13.8600 13.0840
1140.0000 99.0000 12.3090 -1.7100
1140.0000 13.0000 -10.3400 12.5080
1140.0000 21.0000 -13.4820 24.4380
1140.0000 22.0000 -2.5650 24.9360
1152.0000 22.0000 -1.9290 24.7570
1152.0000 99.0000 12.1100 -1.3720
1152.0000 21.0000 -14.1980 24.4380
1152.0000 13.0000 -9.8230 12.5080
1152.0000 15.0000 -13.3430 13.0840
1152.0000 11.0000 -17.2400 10.4790
1164.0000 22.0000 -1.1730 24.4380
1164.0000 99.0000 11.8710 -0.8950
1164.0000 21.0000 -14.8740 24.4380
1164.0000 13.0000 -9.3860 12.6670
1164.0000 11.0000 -17.7570 10.6380
1164.0000 15.0000 -12.9050 13.0840
1176.0000 22.0000 -0.5970 24.4380
1176.0000 13.0000 -8.8690 12.6670
1176.0000 11.0000 -18.2740 10.7970
1176.0000 21.0000 -15.5900 24.5980
1176.0000 99.0000 11.6720 -0.5770
1176.0000 15.0000 -12.3880 13.0840
1188.0000 15.0000 -11.8710 13.0840
1188.0000 99.0000 11.1550 -0.4180
1188.0000 22.0000 -0.0990 24.4380
1188.0000 13.0000 -8.3520 12.8260
1188.0000 11.0000 -18.8710 10.9570
1188.0000 21.0000 -16.2660 24.5980
1200.0000 99.0000 10.5590 -0.4180
1200.0000 21.0000 -16.9220 24.5980
1200.0000 22.0000 0.4180 24.4380
1200.0000 11.0000 -19.4470 10.9570
1200.0000 15.0000 -11.3540 13.0840
1212.0000 99.0000 9.9620 -0.2390
1212.0000 15.0000 -10.8370 13.0840
1212.0000 11.0000 -20.1040 11.1160
1212.0000 22.0000 0.9350 24.4380
1212.0000 21.0000 -17.6580 24.5980
1224.0000 15.0000 -10.3200 13.0840
1224.0000 22.0000 1.4520 24.4380
1224.0000 99.0000 9.4060 -0.2390
1224.0000 11.0000 -20.7000 11.1160
1224.0000 21.0000 -18.2940 24.5980
1236.0000 23.0000 1.9690 24.4380
1236.0000 11.0000 -21.2770 11.2750
1236.0000 99.0000 8.8090 -0.2390
1236.0000 15.0000 -9.8030 13.0840
1248.0000 11.0000 -21.9330 11.2750
1248.0000 99.0000 8.2920 -0.0600
1248.0000 15.0000 -9.3060 13.0840
1248.0000 23.0000 2.5650 24.4380
1260.0000 23.0000 3.0620 24.4380
1260.0000 15.0000 -8.8090 13.0840
1260.0000 11.0000 -22.5300 11.2750
1260.0000 99.0000 7.6360 -0.0600
1272.0000 16.0000 -8.2920 13.0840
1272.0000 99.0000 6.9800 -0.2390
1272.0000 23.0000 3.5590 24.4380
1284.0000 99.0000 6.3030 -0.2390
1284.0000 16.0000 -7.7750 13.0840
1284.0000 23.0000 4.0760 24.4380
1296.0000 99.0000 5.6670 -0.4180
1296.0000 16.0000 -7.2580 13.0840
1296.0000 23.0000 4.5930 24.4380
1308.0000 23.0000 5.1100 24.4380
1308.0000 16.0000 -6.7410 13.0840
1308.0000 99.0000 5.0710 -0.4180
1320.0000 23.0000 5.6270 24.4380
1320.0000 99.0000 4.4740 -0.4180
1320.0000 16.0000 -6.2240 13.0840
1332.0000 16.0000 -5.7070 13.0840
1332.0000 99.0000 3.9170 -0.4180
1332.0000 23.0000 6.1440 24.4380
1344.0000 16.0000 -5.2100 13.0840
1344.0000 23.0000 6.6610 24.4380
1344.0000 99.0000 3.4000 -0.4180
1356.0000 16.0000 -4.7130 13.0840
1356.0000 23.0000 7.1590 24.4380
1368.0000 23.0000 7.6560 24.4380
1368.0000 16.0000 -4.1960 13.0840
1380.0000 16.0000 -3.6790 13.0840
1380.0000 23.0000 8.2520 24.5980
1392.0000 16.0000 -3.1620 13.0840
1392.0000 23.0000 8.7690 24.5980
1404.0000 23.0000 9.3660 24.5980
1404.0000 16.0000 -2.6450 13.0840
1416.0000 23.0000 9.8830 24.5980
1416.0000 16.0000 -2.2870 13.2430
1428.0000 23.0000 10.4400 24.5980
1428.0000 16.0000 -1.9290 13.4220
1440.0000 23.0000 11.0360 24.5980
1440.0000 16.0000 -1.4910 13.5810
1452.0000 23.0000 11.5530 24.5980
1452.0000 16.0000 -0.8950 13.2430
1464.0000 16.0000 -0.6360 13.0840
1464.0000 23.0000 12.1500 24.5980
1476.0000 16.0000 -0.0990 13.0840
1488.0000 16.0000 0.4180 13.0840
1500.0000 16.0000 0.9350 13.2430
1560.0000 30.0000 -5.3090 4.5140
1572.0000 30.0000 -5.8260 4.8320
1584.0000 30.0000 -6.3430 5.1500
1596.0000 30.0000 -6.8600 5.3090
1608.0000 86.0000 5.1100 13.4220
1608.0000 30.0000 -7.3770 5.6270
1620.0000 30.0000 -7.8740 5.9850
1620.0000 86.0000 5.5480 13.2430
1632.0000 30.0000 -8.3910 6.3030
1632.0000 86.0000 5.9850 13.0840
1644.0000 86.0000 6.4430 12.9050
1644.0000 30.0000 -8.9080 6.6220
1656.0000 30.0000 -9.3460 6.6220
1656.0000 86.0000 6.8800 12.5870
1668.0000 86.0000 7.3180 12.4280
1668.0000 30.0000 -9.7240 6.4630
1680.0000 86.0000 7.7550 12.2690
1680.0000 30.0000 -10.0820 6.3030
1692.0000 86.0000 8.1930 12.1100
1692.0000 30.0000 -10.4400 6.1440
1704.0000 86.0000 8.6300 11.9510
1704.0000 30.0000 -10.7970 5.9850
1716.0000 86.0000 8.9880 11.6130
1716.0000 30.0000 -11.1750 5.8060
1728.0000 30.0000 -11.5530 5.6270
1728.0000 86.0000 9.4250 11.4340
1740.0000 30.0000 -11.8340 5.6270
1740.0000 86.0000 9.8630 11.2750
1752.0000 86.0000 10.3000 11.1160
1752.0000 30.0000 -11.8430 5.6260
1764.0000 86.0000 10.7380 10.9570
1764.0000 30.0000 -11.8530 5.6250
1776.0000 30.0000 -11.8630 5.6240
1776.0000 86.0000 11.1750 10.7970
1788.0000 30.0000 -11.8720 5.6230
1788.0000 86.0000 11.6920 10.6380
1800.0000 86.0000 12.2090 10.6380
1800.0000 31.0000 -11.8820 5.6220
1812.0000 31.0000 -11.8910 5.6210
1812.0000 86.0000 12.6470 10.4790
1824.0000 31.0000 -11.9000 5.6190
1824.0000 86.0000 13.1640 10.3000
1836.0000 86.0000 13.6010 10.3000
1836.0000 31.0000 -11.9100 5.6180
1848.0000 31.0000 -11.9190 5.6170
1848.0000 87.0000 14.1180 10.1410
1860.0000 87.0000 14.5560 9.9620
1860.0000 31.0000 -11.9290 5.6160
1872.0000 31.0000 -11.9380 5.6150
1872.0000 87.0000 15.0730 9.9620
1884.0000 87.0000 15.5100 9.8030
1884.0000 31.0000 -11.9480 5.6140
1896.0000 87.0000 16.0270 9.6440
1896.0000 31.0000 -11.9580 5.6130
1908.0000 87.0000 16.4650 9.6440
1908.0000 31.0000 -11.9670 5.6120
1920.0000 87.0000 16.9020 9.5650
1920.0000 31.0000 -11.9770 5.6110
1932.0000 87.0000 17.3790 9.4060
1932.0000 31.0000 -11.9860 5.6100
1944.0000 87.0000 17.8570 9.4060
1944.0000 31.0000 -11.9960 5.6080
1956.0000 31.0000 -12.0050 5.6080
1956.0000 87.0000 18.3340 9.3260
1968.0000 31.0000 -12.0150 5.6060
1968.0000 87.0000 18.7710 9.2460
1980.0000 31.0000 -12.0240 5.6050
1980.0000 87.0000 19.2090 9.1670
1992.0000 87.0000 19.7260 9.1670
1992.0000 31.0000 -12.0340 5.6040
2004.0000 31.0000 -12.0430 5.6030
2004.0000 38.0000 -21.6150 11.7920
2004.0000 87.0000 20.2830 9.1670
2016.0000 87.0000 21.0780 9.2460
2016.0000 31.0000 -12.0530 5.6020
2016.0000 38.0000 -21.0580 11.7920
2028.0000 87.0000 21.7940 9.4060
2028.0000 26.0000 -12.0900 24.2790
2028.0000 31.0000 -12.0620 5.6010
2028.0000 38.0000 -20.5410 11.5930
2040.0000 24.0000 -27.4210 23.6230
2040.0000 32.0000 -12.0720 5.6000
2040.0000 38.0000 -19.9840 11.5130
2040.0000 87.0000 22.5690 9.4850
2040.0000 26.0000 -11.9510 24.7770
2052.0000 26.0000 -11.7920 25.0950
2052.0000 87.0000 22.8930 9.4790
2052.0000 24.0000 -26.8250 23.6230
2052.0000 32.0000 -12.0810 5.5990
2052.0000 38.0000 -19.4870 11.4340
2064.0000 87.0000 22.9010 9.4690
2064.0000 24.0000 -26.1880 23.6230
2064.0000 26.0000 -11.6330 25.5920
2064.0000 38.0000 -18.9300 11.3540
2064.0000 32.0000 -12.0910 5.5980
2076.0000 32.0000 -12.1000 5.5960
2076.0000 87.0000 22.9100 9.4590
2076.0000 24.0000 -25.5120 23.6230
2076.0000 38.0000 -18.3340 11.2750
2076.0000 26.0000 -11.5130 26.0890
2088.0000 32.0000 -12.1100 5.5950
2088.0000 24.0000 -24.9360 23.7820
2088.0000 26.0000 -11.3540 26.4070
2088.0000 88.0000 22.9180 9.4490
2088.0000 38.0000 -17.8370 11.1160
2100.0000 24.0000 -24.2790 23.7820
2100.0000 38.0000 -17.2800 11.0360
2100.0000 32.0000 -12.1190 5.5940
2100.0000 88.0000 22.9270 9.4390
2100.0000 26.0000 -11.1950 26.9040
2112.0000 24.0000 -23.6830 23.7820
2112.0000 88.0000 22.9360 9.4290
2112.0000 38.0000 -16.7830 10.9570
2112.0000 26.0000 -11.0760 27.3810
2112.0000 32.0000 -12.1290 5.5930
2124.0000 38.0000 -16.2260 10.8770
2124.0000 24.0000 -23.0270 23.9410
2124.0000 26.0000 -10.9170 27.7190
2124.0000 88.0000 22.9440 9.4190
2124.0000 32.0000 -12.1390 5.5920
2136.0000 32.0000 -12.1480 5.5910
2136.0000 88.0000 22.9530 9.4090
2136.0000 38.0000 -15.7090 10.7180
2136.0000 26.0000 -10.7580 28.1970
2136.0000 24.0000 -22.4500 23.9410
2148.0000 88.0000 22.9620 9.3990
2148.0000 32.0000 -12.1570 5.5900
2148.0000 38.0000 -15.1520 10.7180
2148.0000 26.0000 -10.6380 28.6940
2148.0000 24.0000 -21.7740 23.9410
2160.0000 26.0000 -10.4790 29.0320
2160.0000 38.0000 -14.5950 10.6380
2160.0000 32.0000 -12.1670 5.5890
2160.0000 24.0000 -21.1380 23.9410
2160.0000 88.0000 22.9710 9.3890
2172.0000 32.0000 -12.1760 5.5880
2172.0000 24.0000 -20.6210 24.1200
2172.0000 26.0000 -10.4000 29.1910
2172.0000 38.0000 -14.0780 10.6380
2172.0000 88.0000 22.9790 9.3790
2184.0000 32.0000 -12.1860 5.5860
2184.0000 24.0000 -20.1040 24.2790
2184.0000 26.0000 -10.4000 29.1910
2184.0000 38.0000 -13.4820 10.6380
2184.0000 88.0000 22.9880 9.3690
2196.0000 32.0000 -12.1950 5.5850
2196.0000 26.0000 -10.4000 29.1910
2196.0000 88.0000 22.9960 9.3590
2196.0000 38.0000 -12.9250 10.5590
2196.0000 24.0000 -19.5870 24.2790
2208.0000 32.0000 -12.2050 5.5840
2208.0000 26.0000 -10.4000 29.1910
2208.0000 38.0000 -12.3880 10.5590
2208.0000 24.0000 -19.0700 24.4580
2208.0000 88.0000 23.0050 9.3490
2220.0000 24.0000 -18.5530 24.6170
2220.0000 26.0000 -10.4000 29.1910
2220.0000 88.0000 23.0140 9.3390
2220.0000 32.0000 -12.2140 5.5830
2220.0000 38.0000 -11.8310 10.4790
2232.0000 88.0000 23.0220 9.3290
2232.0000 38.0000 -11.2750 10.4790
2232.0000 32.0000 -12.2240 5.5820
2232.0000 24.0000 -18.0550 24.7770
2232.0000 26.0000 -10.4000 29.1910
2244.0000 32.0000 -12.2340 5.5810
2244.0000 39.0000 -10.7180 10.4790
2244.0000 24.0000 -17.5380 24.7770
2244.0000 88.0000 23.0310 9.3190
2244.0000 26.0000 -10.4000 29.1910
2256.0000 88.0000 23.0400 9.3090
2256.0000 32.0000 -12.2430 5.5800
2256.0000 26.0000 -10.4000 29.1910
2256.0000 24.0000 -17.0210 24.9360
2256.0000 39.0000 -10.2010 10.3800
2268.0000 32.0000 -12.2530 5.5790
2268.0000 88.0000 23.0490 9.2990
2268.0000 27.0000 -10.4000 29.1910
2268.0000 24.0000 -16.5840 25.0950
2268.0000 39.0000 -9.6040 10.3800
2280.0000 33.0000 -12.2620 5.5780
2280.0000 27.0000 -10.4000 29.1910
2280.0000 39.0000 -9.0480 10.3800
2280.0000 25.0000 -16.0870 25.2540
2280.0000 88.0000 23.0570 9.2890
2292.0000 39.0000 -8.5110 10.2210
2292.0000 25.0000 -15.5700 25.2540
2292.0000 27.0000 -10.4000 29.1910
2292.0000 88.0000 23.0660 9.2790
2292.0000 33.0000 -12.2720 5.5770
2304.0000 25.0000 -14.8340 25.2540
2304.0000 27.0000 -10.4000 29.1910
2304.0000 33.0000 -12.2810 5.5760
2304.0000 88.0000 23.0740 9.2690
2304.0000 39.0000 -7.9140 10.2210
2316.0000 33.0000 -12.2900 5.5750
2316.0000 25.0000 -14.0980 25.0950
2316.0000 88.0000 23.0830 9.2590
2316.0000 27.0000 -10.4000 29.1910
2316.0000 39.0000 -7.3380 10.0620
2328.0000 27.0000 -10.4000 29.1910
2328.0000 33.0000 -12.3000 5.5730
2328.0000 89.0000 23.0910 9.2490
2328.0000 25.0000 -13.3030 24.9360
2328.0000 39.0000 -6.7410 10.0620
2340.0000 25.0000 -12.5670 24.9360
2340.0000 39.0000 -6.2240 9.8830
2340.0000 89.0000 23.1000 9.2390
2340.0000 33.0000 -12.3100 5.5720
2340.0000 27.0000 -10.4000 29.1910
2352.0000 27.0000 -10.4000 29.1910
2352.0000 25.0000 -11.7520 24.7770
2352.0000 39.0000 -5.6470 9.8830
2352.0000 89.0000 23.1090 9.2290
2352.0000 33.0000 -12.3190 5.5710
2364.0000 33.0000 -12.3290 5.5700
2364.0000 89.0000 23.1180 9.2190
2364.0000 25.0000 -11.0360 24.6170
2364.0000 27.0000 -10.4000 29.1910
2364.0000 39.0000 -5.0710 9.7240
2376.0000 39.0000 -4.4740 9.7240
2376.0000 89.0000 23.1260 9.2090
2376.0000 33.0000 -12.3380 5.5690
2376.0000 27.0000 -10.4000 29.1910
2376.0000 25.0000 -10.3000 24.4580
2388.0000 33.0000 -12.3480 5.5680
2388.0000 89.0000 23.1350 9.1990
2388.0000 27.0000 -10.4000 29.1910
2388.0000 25.0000 -9.7830 24.4580
2388.0000 39.0000 -3.9570 9.5650
2400.0000 33.0000 -11.9910 5.5680
2400.0000 39.0000 -3.4600 9.4060
2400.0000 89.0000 23.1440 9.1890
2400.0000 27.0000 -10.4000 29.1910
2400.0000 25.0000 -9.2070 24.4580
2412.0000 33.0000 -11.5330 5.8860
2412.0000 39.0000 -2.9430 9.2460
2412.0000 27.0000 -10.4000 29.1910
2412.0000 89.0000 23.1520 9.1790
2412.0000 25.0000 -8.6900 24.2790
2424.0000 25.0000 -8.1730 24.2790
2424.0000 39.0000 -2.4260 9.2460
2424.0000 33.0000 -11.0960 6.0450
2424.0000 27.0000 -10.4000 29.1910
2424.0000 89.0000 23.1610 9.1690
2436.0000 89.0000 23.1690 9.1590
2436.0000 33.0000 -10.7380 6.2040
2436.0000 27.0000 -10.4000 29.1910
2436.0000 39.0000 -1.9090 9.0870
2436.0000 25.0000 -7.5760 24.1200
2448.0000 39.0000 -1.4120 8.9080
2448.0000 89.0000 23.1780 9.1490
2448.0000 25.0000 -7.0790 24.1200
2448.0000 27.0000 -10.4000 29.1910
2448.0000 33.0000 -10.3000 6.3830
2460.0000 33.0000 -9.8630 6.5420
2460.0000 89.0000 23.1870 9.1390
2460.0000 25.0000 -6.4820 24.1200
2460.0000 27.0000 -10.4000 29.1910
2460.0000 39.0000 -0.8950 8.7490
2472.0000 33.0000 -9.3460 6.7010
2472.0000 39.0000 -0.2980 8.7490
2472.0000 89.0000 23.1960 9.1290
2472.0000 25.0000 -5.8260 24.1200
2472.0000 27.0000 -10.4000 29.1910
2484.0000 89.0000 23.2040 9.1190
2484.0000 40.0000 0.1990 8.7490
2484.0000 27.0000 -10.4000 29.1910
2484.0000 33.0000 -8.6900 6.8800
2484.0000 25.0000 -5.1700 24.2790
2496.0000 27.0000 -10.4000 29.1910
2496.0000 40.0000 0.7950 8.7490
2496.0000 89.0000 23.2130 9.1090
2496.0000 36.0000 -11.5130 23.6030
2496.0000 25.0000 -4.4340 24.4580
2496.0000 33.0000 -8.0140 7.1980
2508.0000 25.0000 -3.7780 24.4580
2508.0000 40.0000 1.3720 8.7490
2508.0000 36.0000 -11.9910 22.3110
2508.0000 33.0000 -7.4370 7.3570
2508.0000 89.0000 23.2220 9.0990
2520.0000 89.0000 23.2300 9.0890
2520.0000 34.0000 -6.8600 7.4370
2520.0000 36.0000 -12.1890 21.3360
2520.0000 40.0000 1.9290 8.8290
2532.0000 89.0000 23.2390 9.0790
2532.0000 40.0000 2.5250 8.8290
2532.0000 34.0000 -6.2240 7.5960
2532.0000 36.0000 -12.3480 20.5210
2544.0000 89.0000 23.2470 9.0690
2544.0000 40.0000 3.0620 8.9080
2544.0000 36.0000 -12.5470 19.5470
2544.0000 34.0000 -5.6470 7.6160
2556.0000 36.0000 -12.7060 18.7320
2556.0000 34.0000 -5.0310 7.7750
2556.0000 40.0000 3.6390 8.9080
2556.0000 89.0000 23.2560 9.0590
2568.0000 34.0000 -4.2950 7.7750
2568.0000 90.0000 23.2650 9.0490
2568.0000 40.0000 4.1560 8.9880
2568.0000 36.0000 -12.9450 17.7370
2580.0000 90.0000 23.2740 9.0390
2580.0000 34.0000 -3.6390 7.9340
2580.0000 36.0000 -13.0640 16.9220
2580.0000 40.0000 4.7520 9.0670
2592.0000 90.0000 23.2820 9.0290
2592.0000 36.0000 -13.3030 15.9480
2592.0000 34.0000 -2.9630 8.0930
2592.0000 40.0000 5.3090 9.0670
2604.0000 40.0000 5.8660 9.1470
2604.0000 36.0000 -13.7400 15.4510
2604.0000 90.0000 23.2910 9.0190
2604.0000 34.0000 -2.2470 8.0930
2616.0000 40.0000 6.4230 9.2270
2616.0000 36.0000 -14.2570 14.9530
2616.0000 90.0000 23.2990 9.0090
2616.0000 34.0000 -1.5910 8.2520
2628.0000 36.0000 -14.6950 14.3170
2628.0000 34.0000 -0.9350 8.2520
2628.0000 40.0000 6.9400 9.2270
2628.0000 90.0000 23.3080 8.9990
2640.0000 36.0000 -15.1320 13.8200
2640.0000 34.0000 -0.3380 8.0930
2640.0000 40.0000 7.4570 9.2270
2640.0000 90.0000 23.3170 8.9890
2652.0000 40.0000 7.9740 9.2270
2652.0000 36.0000 -15.6490 13.3230
2652.0000 90.0000 23.3250 8.9790
2652.0000 34.0000 0.3180 8.0930
2664.0000 34.0000 0.9740 7.9340
2664.0000 40.0000 8.5500 9.2270
2664.0000 90.0000 23.3340 8.9690
2664.0000 36.0000 -16.0870 12.6670
2676.0000 90.0000 23.3430 8.9590
2676.0000 34.0000 1.5710 7.7750
2676.0000 40.0000 9.0480 9.2270
2676.0000 36.0000 -16.5240 12.1890
2688.0000 34.0000 2.1480 7.6160
2688.0000 90.0000 23.3510 8.9490
2688.0000 36.0000 -17.0410 11.6920
2688.0000 40.0000 9.5650 9.2270
2700.0000 34.0000 2.3660 7.2780
2700.0000 90.0000 23.3600 8.9390
2700.0000 36.0000 -17.3990 11.0360
2700.0000 40.0000 10.0820 9.2270
2712.0000 90.0000 23.3690 8.9290
2712.0000 36.0000 -17.6780 10.2210
2712.0000 34.0000 2.5250 6.9400
2712.0000 40.0000 10.5990 9.2270
2724.0000 36.0000 -17.9960 9.5650
2724.0000 34.0000 2.7240 6.6220
2724.0000 90.0000 23.3770 8.9190
2724.0000 41.0000 11.1160 9.2270
2736.0000 37.0000 -18.1950 8.7490
2736.0000 34.0000 2.9630 6.3030
2736.0000 90.0000 23.3860 8.9090
2736.0000 41.0000 11.6330 9.2270
2748.0000 37.0000 -18.4730 8.0930
2748.0000 41.0000 12.1500 9.2270
2748.0000 34.0000 3.1620 5.9850
2748.0000 90.0000 23.3950 8.8980
2760.0000 41.0000 12.7060 9.2270
2760.0000 35.0000 3.4000 5.8060
2760.0000 37.0000 -18.7910 7.2780
2760.0000 90.0000 23.4030 8.8890
2772.0000 37.0000 -19.0700 6.4630
2772.0000 42.0000 15.1320 29.9270
2772.0000 35.0000 3.4000 5.8060
2772.0000 90.0000 23.4120 8.8790
2772.0000 41.0000 13.2230 9.2270
2784.0000 37.0000 -19.5070 4.9910
2784.0000 35.0000 3.4000 5.8060
2784.0000 42.0000 14.8940 30.0860
2784.0000 90.0000 23.4210 8.8690
2784.0000 41.0000 13.7400 9.2270
2796.0000 35.0000 3.4000 5.8060
2796.0000 42.0000 14.8940 30.4040
2796.0000 37.0000 -19.6660 4.4940
2796.0000 90.0000 23.4290 8.8590
2796.0000 41.0000 14.2570 9.2270
2808.0000 35.0000 3.4000 5.8060
2808.0000 42.0000 14.8940 30.9010
2808.0000 41.0000 14.8540 9.2270
2808.0000 91.0000 23.4380 8.8490
2808.0000 37.0000 -19.6660 4.4940
2820.0000 42.0000 14.8140 31.2390
2820.0000 35.0000 3.4000 5.8060
2820.0000 91.0000 23.4470 8.8380
2820.0000 37.0000 -19.6660 4.4940
2820.0000 41.0000 15.3710 9.2270
2832.0000 37.0000 -19.6660 4.4940
2832.0000 91.0000 23.4550 8.8280
2832.0000 35.0000 3.4000 5.8060
2832.0000 42.0000 14.8140 31.5570
2832.0000 41.0000 15.8680 9.2270
2844.0000 37.0000 -19.6660 4.4940
2844.0000 91.0000 23.4640 8.8190
2844.0000 35.0000 3.4000 5.8060
2844.0000 42.0000 14.8140 31.8750
2844.0000 41.0000 16.4450 9.2270
2856.0000 42.0000 14.8140 32.3730
2856.0000 35.0000 3.4000 5.8060
2856.0000 91.0000 23.4720 8.8090
2856.0000 41.0000 16.9620 9.2270
2856.0000 37.0000 -19.6660 4.4940
2868.0000 37.0000 -19.6660 4.4940
2868.0000 41.0000 17.4790 9.2270
2868.0000 91.0000 23.4810 8.7990
2868.0000 35.0000 3.4000 5.8060
2868.0000 42.0000 14.7350 32.6910
2880.0000 91.0000 23.4900 8.7890
2880.0000 35.0000 3.4000 5.8060
2880.0000 42.0000 14.7350 33.0290
2880.0000 41.0000 18.0750 9.2270
2880.0000 37.0000 -19.6660 4.4940
2892.0000 91.0000 23.4990 8.7780
2892.0000 42.0000 14.7350 33.3470
2892.0000 41.0000 18.5920 9.2270
2892.0000 37.0000 -19.6660 4.4940
2892.0000 35.0000 3.4000 5.8060
2904.0000 37.0000 -19.6660 4.4940
2904.0000 42.0000 14.7350 33.8440
2904.0000 41.0000 19.0890 9.2270
2904.0000 35.0000 3.4000 5.8060
2904.0000 91.0000 23.5070 8.7680
2916.0000 42.0000 14.6550 34.1620
2916.0000 41.0000 19.6660 9.2270
2916.0000 35.0000 3.4000 5.8060
2916.0000 91.0000 23.5160 8.7580
2916.0000 37.0000 -19.6660 4.4940
2928.0000 41.0000 20.1830 9.3860
2928.0000 35.0000 3.4000 5.8060
2928.0000 37.0000 -19.6660 4.4940
2928.0000 42.0000 14.6550 34.5000
2928.0000 91.0000 23.4440 8.5900
2940.0000 37.0000 -19.6660 4.4940
2940.0000 41.0000 20.7000 9.3860
2940.0000 35.0000 3.4000 5.8060
2940.0000 42.0000 14.6550 34.8180
2940.0000 91.0000 22.8480 8.5900
2952.0000 91.0000 22.3310 8.5900
2952.0000 37.0000 -19.6660 4.4940
2952.0000 42.0000 14.5760 35.1560
2952.0000 41.0000 21.1770 9.3860
2952.0000 35.0000 3.4000 5.8060
2964.0000 37.0000 -19.6660 4.4940
2964.0000 42.0000 14.5760 35.6340
2964.0000 35.0000 3.4000 5.8060
2964.0000 91.0000 21.7740 8.5900
2976.0000 42.0000 14.5760 35.9720
2976.0000 35.0000 3.4000 5.8060
2976.0000 91.0000 21.1770 8.5900
2988.0000 42.0000 14.5760 36.2900
2988.0000 35.0000 3.4000 5.8060
2988.0000 91.0000 20.6600 8.5900
3000.0000 91.0000 20.1430 8.4110
3000.0000 42.0000 14.5160 36.6280
3012.0000 91.0000 19.6260 8.4110
3024.0000 91.0000 19.1090 8.4110
3036.0000 91.0000 18.6720 8.4110
3048.0000 92.0000 18.1750 8.4110
3060.0000 92.0000 17.6980 8.5110
3072.0000 92.0000 17.2400 8.5110
3084.0000 92.0000 16.7230 8.5110
3096.0000 92.0000 16.2860 8.5110
3108.0000 96.0000 23.0070 9.3260
3108.0000 92.0000 15.7690 8.5900
3120.0000 92.0000 15.2910 8.5900
3120.0000 96.0000 22.4900 9.3260
3132.0000 92.0000 14.8140 8.5900
3132.0000 96.0000 21.8930 9.3260
3144.0000 96.0000 21.3760 9.3260
3144.0000 92.0000 14.3370 8.5900
3156.0000 92.0000 13.8200 8.6700
3156.0000 96.0000 20.8190 9.3260
3168.0000 92.0000 13.3430 8.6700
3168.0000 100.0000 -27.2820 10.9570
3168.0000 96.0000 20.3020 9.3260
3180.0000 100.0000 -26.8450 10.9570
3180.0000 96.0000 19.7850 9.3260
3180.0000 92.0000 12.8650 8.6700
3192.0000 92.0000 12.3880 8.6700
3192.0000 100.0000 -26.3280 10.9570
3192.0000 96.0000 19.1890 9.3260
3204.0000 96.0000 18.6720 9.3260
3204.0000 100.0000 -25.8110 10.9570
3204.0000 92.0000 11.9110 8.7490
3216.0000 92.0000 11.3940 8.7490
3216.0000 100.0000 -25.3730 11.1160
3216.0000 96.0000 18.1150 9.3260
3228.0000 100.0000 -24.8560 11.1160
3228.0000 92.0000 10.9570 8.7490
3228.0000 96.0000 17.5980 9.3260
3240.0000 96.0000 17.0810 9.3260
3240.0000 100.0000 -24.3390 11.1160
3240.0000 92.0000 10.4400 8.7490
3252.0000 100.0000 -23.8220 11.2750
3252.0000 96.0000 16.4850 9.3260
3252.0000 92.0000 9.9420 8.6700
3264.0000 100.0000 -23.3250 11.2750
3264.0000 96.0000 15.9680 9.3260
3264.0000 92.0000 9.4450 8.6700
3276.0000 100.0000 -22.8080 11.2750
3276.0000 96.0000 15.4510 9.3260
3276.0000 92.0000 8.9280 8.6700
3288.0000 100.0000 -22.3110 11.2750
3288.0000 93.0000 8.4110 8.6700
3288.0000 96.0000 14.8940 9.3260
3300.0000 96.0000 14.3770 9.3260
3300.0000 93.0000 7.8150 8.5110
3300.0000 100.0000 -21.8530 11.4540
3312.0000 100.0000 -21.3560 11.4540
3312.0000 93.0000 7.2980 8.5110
3312.0000 96.0000 13.7800 9.1470
3324.0000 93.0000 6.7810 8.5110
3324.0000 96.0000 13.2630 9.1470
3324.0000 100.0000 -20.8390 11.4540
3336.0000 100.0000 -20.3220 11.6130
3336.0000 96.0000 12.7460 8.9880
3336.0000 93.0000 6.2240 8.3520
3348.0000 100.0000 -19.8050 11.6130
3348.0000 97.0000 12.1890 8.9880
3348.0000 93.0000 5.7070 8.3520
3360.0000 100.0000 -19.2880 11.6130
3360.0000 93.0000 5.1900 8.3520
3360.0000 97.0000 11.6720 8.9880
3372.0000 93.0000 4.6730 8.3520
3372.0000 100.0000 -18.7910 11.7720
3372.0000 97.0000 11.1550 8.8290
3384.0000 93.0000 4.0760 8.1930
3384.0000 97.0000 10.5590 8.8290
3384.0000 100.0000 -18.3340 11.7720
3396.0000 100.0000 -17.8370 11.7720
3396.0000 93.0000 3.5590 8.1930
3396.0000 97.0000 10.0420 8.6700
3408.0000 93.0000 3.0620 8.1930
3408.0000 101.0000 -17.3200 11.7720
3408.0000 97.0000 9.5250 8.6700
3420.0000 101.0000 -16.8030 11.9310
3420.0000 97.0000 8.9680 8.5110
3420.0000 93.0000 2.5650 8.0140
3432.0000 97.0000 8.4510 8.5110
3432.0000 93.0000 1.9690 8.0140
3432.0000 101.0000 -16.3060 11.9310
3444.0000 93.0000 1.4520 8.0140
3444.0000 97.0000 7.9340 8.5110
3444.0000 101.0000 -15.7890 11.9310
3456.0000 97.0000 7.3380 8.3520
3456.0000 93.0000 0.9350 8.0140
3456.0000 101.0000 -15.2720 11.9310
3468.0000 101.0000 -14.7550 11.9310
3468.0000 93.0000 0.4970 8.0140
3468.0000 97.0000 6.8210 8.3520
3480.0000 101.0000 -14.2380 11.9310
3480.0000 97.0000 6.3030 8.1730
3480.0000 93.0000 0.0600 8.1930
3492.0000 93.0000 -0.3780 8.1930
3492.0000 97.0000 5.7470 8.1730
3492.0000 101.0000 -13.7400 11.9310
3504.0000 93.0000 -0.8150 8.3520
3504.0000 101.0000 -13.2230 11.9310
3504.0000 97.0000 5.2300 8.1730
3516.0000 101.0000 -12.7060 11.9310
3516.0000 97.0000 4.6730 8.1730
3516.0000 93.0000 -1.2530 8.3520
3528.0000 101.0000 -12.1700 12.0100
3528.0000 94.0000 -1.7300 8.5110
3528.0000 97.0000 4.1160 8.1730
3540.0000 94.0000 -2.2070 8.5900
3540.0000 97.0000 3.5590 8.1730
3540.0000 101.0000 -11.6530 12.0100
3552.0000 97.0000 3.0420 8.1730
3552.0000 101.0000 -11.0960 12.0900
3552.0000 94.0000 -2.6840 8.7490
3564.0000 94.0000 -3.1220 8.7490
3564.0000 97.0000 2.4860 8.1730
3564.0000 101.0000 -10.5990 12.1700
3576.0000 94.0000 -3.6390 8.8290
3576.0000 101.0000 -10.0820 12.1700
3576.0000 97.0000 1.9290 8.1730
3588.0000 94.0000 -4.0760 8.9880
3588.0000 101.0000 -9.5250 12.2490
3588.0000 98.0000 1.3720 8.1730
3600.0000 94.0000 -4.5930 9.0670
3600.0000 98.0000 0.8350 8.2720
3600.0000 101.0000 -9.0080 12.2490
3612.0000 101.0000 -8.4910 12.3290
3612.0000 94.0000 -5.0310 9.1470
3612.0000 98.0000 0.2390 8.2720
3624.0000 101.0000 -7.9340 12.4280
3624.0000 94.0000 -5.5080 9.2270
3624.0000 64.0000 22.6490 8.1730
3624.0000 98.0000 -0.2590 8.2720
3636.0000 64.0000 22.1320 8.1730
3636.0000 98.0000 -0.8150 8.2720
3636.0000 94.0000 -5.9850 9.4060
3636.0000 101.0000 -7.4570 12.4280
3648.0000 64.0000 21.6150 8.1730
3648.0000 102.0000 -6.8600 12.5080
3648.0000 98.0000 -1.3720 8.3520
3648.0000 94.0000 -6.4630 9.4850
3660.0000 64.0000 21.1770 8.1730
3660.0000 98.0000 -1.9090 8.3520
3660.0000 102.0000 -6.3430 12.5080
3660.0000 94.0000 -6.9000 9.5650
3672.0000 94.0000 -7.4170 9.6440
3672.0000 102.0000 -5.8260 12.5080
3672.0000 98.0000 -2.5050 8.3520
3672.0000 64.0000 20.6600 8.1730
3684.0000 94.0000 -7.8550 9.8230
3684.0000 98.0000 -3.0220 8.3520
3684.0000 102.0000 -5.3090 12.6870
3684.0000 64.0000 20.1430 8.1730
3696.0000 64.0000 19.7060 8.1730
3696.0000 98.0000 -3.5590 8.4310
3696.0000 102.0000 -4.7330 12.6870
3696.0000 94.0000 -8.3320 9.8230
3708.0000 102.0000 -4.2350 12.8460
3708.0000 98.0000 -4.1160 8.4310
3708.0000 94.0000 -8.8290 9.9820
3708.0000 64.0000 19.1890 8.1730
3720.0000 102.0000 -3.7180 12.8460
3720.0000 64.0000 18.6720 8.1730
3720.0000 94.0000 -9.2660 10.0620
3720.0000 98.0000 -4.6530 8.4310
3732.0000 94.0000 -9.7830 10.2210
3732.0000 64.0000 18.1750 8.0140
3732.0000 102.0000 -3.1220 12.8460
3732.0000 98.0000 -5.2500 8.4310
3744.0000 94.0000 -10.2210 10.2210
3744.0000 98.0000 -5.7670 8.4310
3744.0000 64.0000 17.7170 8.0140
3744.0000 102.0000 -2.6050 13.0050
3756.0000 98.0000 -6.3430 8.4310
3756.0000 64.0000 17.2400 8.0140
3756.0000 102.0000 -2.0880 13.0050
3756.0000 94.0000 -10.7380 10.2210
3768.0000 64.0000 16.7230 8.0140
3768.0000 102.0000 -1.5710 13.0050
3768.0000 95.0000 -11.1750 10.2210
3768.0000 98.0000 -6.8800 8.4310
3780.0000 102.0000 -1.0140 13.1640
3780.0000 95.0000 -11.6920 10.2210
3780.0000 98.0000 -7.3970 8.4310
3780.0000 64.0000 16.2060 8.0140
3792.0000 102.0000 -0.4970 13.1640
3792.0000 64.0000 15.7690 8.0140
3792.0000 98.0000 -7.9940 8.4310
3792.0000 95.0000 -12.1890 10.2210
3804.0000 98.0000 -8.4310 8.4310
3804.0000 95.0000 -12.6270 10.2210
3804.0000 102.0000 0.0200 13.1640
3804.0000 64.0000 15.2520 8.0140
3816.0000 64.0000 14.7350 8.0140
3816.0000 98.0000 -8.9480 8.4310
3816.0000 102.0000 0.5370 13.1640
3816.0000 95.0000 -13.1440 10.2210
3828.0000 64.0000 14.2180 7.8550
3828.0000 102.0000 1.0540 13.1640
3828.0000 95.0000 -13.5810 10.2210
3840.0000 95.0000 -14.0980 10.3800
3840.0000 64.0000 13.7010 7.8550
3840.0000 102.0000 1.5710 13.1640
3852.0000 64.0000 13.1840 7.8550
3852.0000 102.0000 2.0880 13.1640
3852.0000 95.0000 -14.6150 10.3800
3864.0000 65.0000 12.6670 7.8550
3864.0000 102.0000 2.6050 13.1640
3864.0000 95.0000 -15.0530 10.3800
3876.0000 65.0000 12.1890 7.8550
3876.0000 102.0000 3.1620 13.3230
3876.0000 95.0000 -15.5700 10.3800
3888.0000 103.0000 3.5990 13.1640
3888.0000 65.0000 11.5930 7.6760
3888.0000 95.0000 -16.0070 10.3800
3900.0000 95.0000 -16.5240 10.3800
3900.0000 103.0000 4.0370 13.0050
3900.0000 65.0000 11.0760 7.6760
3912.0000 103.0000 4.5540 12.8460
3912.0000 65.0000 10.5590 7.6760
3912.0000 95.0000 -17.0210 10.3800
3924.0000 103.0000 4.9910 12.6870
3924.0000 65.0000 10.0420 7.6760
3924.0000 95.0000 -17.4790 10.3800
3936.0000 95.0000 -17.9760 10.3800
3936.0000 65.0000 9.5250 7.6760
3936.0000 103.0000 5.5080 12.5080
3948.0000 65.0000 9.0080 7.5160
3948.0000 103.0000 5.9460 12.3480
3948.0000 95.0000 -18.4130 10.3800
3960.0000 95.0000 -18.9300 10.5390
3960.0000 103.0000 6.4630 12.1700
3960.0000 65.0000 8.4510 7.5160
3972.0000 95.0000 -19.3680 10.5390
3972.0000 65.0000 7.9340 7.5160
3972.0000 103.0000 6.9800 12.0100
3984.0000 103.0000 7.4970 12.0100
3984.0000 95.0000 -19.8050 10.5390
3984.0000 65.0000 7.4170 7.5160
3996.0000 103.0000 8.0140 12.0100
3996.0000 95.0000 -20.2430 10.5390
3996.0000 65.0000 6.9000 7.5160
4008.0000 65.0000 6.4630 7.4370
4008.0000 103.0000 8.5310 11.8510
4020.0000 103.0000 8.9680 11.6920
4020.0000 65.0000 6.0250 7.4370
4032.0000 103.0000 9.4450 11.6130
4032.0000 65.0000 5.5880 7.3570
4044.0000 65.0000 5.1500 7.1980
4044.0000 103.0000 9.9230 11.3740
4056.0000 65.0000 4.7130 6.8600
4056.0000 103.0000 10.3800 11.2150
4068.0000 103.0000 10.8170 11.0560
4068.0000 65.0000 4.1960 6.8600
4080.0000 103.0000 11.3940 10.8570
4080.0000 65.0000 3.5990 6.8600
4092.0000 65.0000 2.9630 7.0390
4092.0000 103.0000 11.9110 10.6980
4104.0000 103.0000 12.4280 10.5390
4104.0000 66.0000 2.3660 7.0390
4116.0000 103.0000 12.9450 10.5390
4116.0000 66.0000 1.7700 7.0390
4116.0000 69.0000 23.1660 8.2720
4128.0000 66.0000 1.4910 6.8600
4128.0000 104.0000 13.3030 10.5390
4128.0000 69.0000 22.4900 7.9340
4140.0000 104.0000 13.7400 10.2210
4140.0000 69.0000 21.8340 7.7550
4140.0000 66.0000 0.8150 6.3830
4152.0000 104.0000 14.3370 9.9030
4152.0000 66.0000 0.0200 5.5680
4152.0000 69.0000 21.1770 7.7550
4164.0000 104.0000 14.7740 9.9030
4164.0000 69.0000 20.3820 7.5960
4164.0000 66.0000 -0.2590 6.2240
4176.0000 104.0000 15.2120 9.9030
4176.0000 69.0000 19.5070 7.4370
4176.0000 66.0000 -0.5770 7.0390
4188.0000 66.0000 -1.0740 7.3570
4188.0000 104.0000 15.8080 9.7440
4188.0000 69.0000 18.9100 7.2780
4200.0000 104.0000 16.3250 9.3860
4200.0000 69.0000 18.3140 7.1190
4200.0000 66.0000 -1.5710 7.6950
4212.0000 69.0000 17.7170 6.9600
4212.0000 66.0000 -2.0880 7.8550
4212.0000 104.0000 16.8230 9.2270
4224.0000 69.0000 16.8030 6.9600
4224.0000 66.0000 -2.5250 7.6950
4224.0000 104.0000 17.3200 9.0670
4236.0000 104.0000 17.6980 9.0670
4236.0000 69.0000 15.9680 7.1190
4236.0000 66.0000 -2.9630 7.6950
4248.0000 66.0000 -3.4800 8.0140
4248.0000 104.0000 17.6380 9.3860
4248.0000 69.0000 15.4510 7.2780
4260.0000 66.0000 -3.9970 8.1730
4260.0000 104.0000 17.5580 9.7440
4260.0000 69.0000 14.8940 7.2780
4272.0000 66.0000 -4.4340 8.3320
4272.0000 104.0000 19.1490 8.7490
4272.0000 69.0000 14.1380 7.4370
4284.0000 104.0000 19.6660 8.7490
4284.0000 66.0000 -4.9510 8.6700
4284.0000 69.0000 13.4220 7.4370
4296.0000 104.0000 20.1830 8.7490
4296.0000 69.0000 12.6270 7.4370
4296.0000 66.0000 -5.3890 8.8290
4308.0000 69.0000 11.7920 7.4370
4308.0000 66.0000 -5.8260 8.9880
4308.0000 104.0000 20.7000 8.7490
4320.0000 69.0000 10.9960 7.4370
4320.0000 66.0000 -6.2640 9.1670
4320.0000 104.0000 21.2970 8.7490
4332.0000 104.0000 21.6550 8.5900
4332.0000 66.0000 -6.8600 9.3260
4332.0000 69.0000 10.2800 7.5960
4344.0000 69.0000 9.6040 7.7550
4344.0000 104.0000 22.0920 8.5900
4344.0000 67.0000 -7.4570 9.6440
4356.0000 70.0000 8.9680 7.5960
4356.0000 104.0000 22.6890 8.7490
4356.0000 67.0000 -8.0140 9.6440
4368.0000 70.0000 8.2920 7.4370
4368.0000 67.0000 -8.5310 9.6440
4380.0000 70.0000 7.5760 7.4370
4380.0000 67.0000 -9.1270 9.8030
4392.0000 67.0000 -9.6440 9.8030
4392.0000 70.0000 6.8210 7.4370
4404.0000 67.0000 -10.2410 9.9820
4404.0000 70.0000 6.0250 7.4370
4416.0000 67.0000 -10.7180 10.1410
4416.0000 70.0000 5.3090 7.4370
4428.0000 70.0000 4.5540 7.4370
4428.0000 67.0000 -11.3140 10.3000
4440.0000 67.0000 -11.8310 10.4590
4440.0000 105.0000 23.1060 7.8550
4440.0000 70.0000 3.8380 7.4370
4452.0000 105.0000 22.5300 7.6760
4452.0000 70.0000 3.0420 7.5960
4452.0000 67.0000 -12.4280 10.4590
4464.0000 105.0000 22.0130 7.6760
4464.0000 67.0000 -12.9450 10.6380
4464.0000 70.0000 2.2870 7.5960
4476.0000 67.0000 -13.5020 10.7970
4476.0000 70.0000 1.5710 7.5960
4476.0000 105.0000 21.4960 7.5160
4488.0000 67.0000 -14.0190 10.9570
4488.0000 70.0000 0.8150 7.5960
4488.0000 105.0000 20.9190 7.3570
4500.0000 67.0000 -14.5360 11.1160
4500.0000 105.0000 20.4020 7.1980
4500.0000 70.0000 0.0990 7.7550
4512.0000 67.0000 -15.0130 11.6130
4512.0000 105.0000 19.7460 7.3570
4512.0000 70.0000 -0.6160 7.8350
4524.0000 105.0000 19.1290 7.6160
4524.0000 67.0000 -15.4900 11.8710
4524.0000 70.0000 -1.3320 8.0140
4536.0000 105.0000 18.5330 7.6160
4536.0000 70.0000 -1.9880 8.1930
4536.0000 67.0000 -16.0070 11.8710
4548.0000 105.0000 17.9560 7.6160
4548.0000 70.0000 -2.6840 8.3520
4548.0000 67.0000 -16.5040 11.8710
4560.0000 70.0000 -3.3800 8.4310
4560.0000 105.0000 17.4390 7.6160
4560.0000 67.0000 -17.0210 11.8710
4572.0000 105.0000 16.8620 7.6160
4572.0000 67.0000 -17.5380 11.8710
4572.0000 70.0000 -4.0760 8.5900
4584.0000 105.0000 16.2660 7.6160
4584.0000 68.0000 -18.0550 11.8710
4584.0000 70.0000 -4.7720 8.7490
4596.0000 71.0000 -5.4290 8.9880
4596.0000 105.0000 15.6890 7.6160
4596.0000 68.0000 -18.4930 11.8710
4608.0000 105.0000 15.1120 7.6160
4608.0000 71.0000 -6.1640 9.0670
4608.0000 68.0000 -19.0100 11.8710
4620.0000 68.0000 -19.5270 11.8710
4620.0000 105.0000 14.5950 7.6160
4620.0000 71.0000 -6.8210 9.2270
4632.0000 71.0000 -7.5160 9.4060
4632.0000 68.0000 -20.0240 11.8710
4632.0000 105.0000 13.9990 7.6160
4644.0000 68.0000 -20.5410 11.8710
4644.0000 71.0000 -8.2120 9.5650
4644.0000 105.0000 13.4220 7.6160
4656.0000 68.0000 -21.0580 11.8710
4656.0000 71.0000 -8.8690 9.6440
4656.0000 105.0000 12.8260 7.6160
4668.0000 105.0000 12.3290 7.6160
4668.0000 71.0000 -9.6040 9.8230
4668.0000 68.0000 -21.5550 11.6920
4680.0000 106.0000 11.8120 7.6160
4680.0000 71.0000 -10.3400 9.8230
4680.0000 68.0000 -21.9930 11.6920
4692.0000 71.0000 -11.0560 9.8230
4692.0000 68.0000 -22.4900 11.6920
4692.0000 106.0000 11.2150 7.6160
4704.0000 68.0000 -22.9670 11.5930
4704.0000 106.0000 10.6980 7.6160
4704.0000 71.0000 -11.7320 9.9820
4716.0000 68.0000 -23.4040 11.5930
4716.0000 106.0000 10.2010 7.6160
4716.0000 71.0000 -12.4480 9.9820
4728.0000 106.0000 9.6840 7.6160
4728.0000 68.0000 -23.8820 11.5130
4728.0000 71.0000 -13.1840 10.1410
4740.0000 71.0000 -13.9190 10.1410
4740.0000 106.0000 9.1670 7.6160
4740.0000 68.0000 -24.3190 11.5130
4752.0000 106.0000 8.5900 7.6160
4752.0000 68.0000 -24.7960 11.4340
4752.0000 71.0000 -14.6350 10.1410
4764.0000 106.0000 8.0730 7.6160
4764.0000 68.0000 -25.2340 11.4340
4764.0000 71.0000 -15.3910 10.3000
4776.0000 71.0000 -16.0270 10.3000
4776.0000 68.0000 -25.7110 11.3540
4776.0000 106.0000 7.5560 7.6160
4788.0000 71.0000 -16.7830 10.3000
4788.0000 106.0000 7.1190 7.4370
4788.0000 68.0000 -26.1880 11.2750
4800.0000 71.0000 -17.4990 10.4590
4800.0000 106.0000 6.6020 7.2780
4800.0000 68.0000 -26.6260 11.2750
4812.0000 106.0000 6.1050 7.2780
4812.0000 71.0000 -18.2340 10.4590
4812.0000 68.0000 -27.0830 11.2750
4824.0000 106.0000 5.2100 7.4370
4824.0000 71.0000 -18.9700 10.4590
4836.0000 106.0000 4.5740 7.6160
4848.0000 106.0000 4.1160 7.6160
4860.0000 106.0000 3.6790 7.6160
4872.0000 106.0000 3.2410 7.6160
4884.0000 106.0000 2.8040 7.6160
4896.0000 106.0000 2.2870 7.4370
4908.0000 106.0000 1.7100 7.4370
4920.0000 107.0000 1.1140 7.4370
4932.0000 107.0000 0.5370 7.4370
4944.0000 107.0000 -0.0400 7.4370
4956.0000 107.0000 -0.6360 7.4370
4968.0000 107.0000 -1.2130 7.4370
4980.0000 107.0000 -1.8100 7.4370
4992.0000 107.0000 -2.3860 7.4370
5004.0000 107.0000 -2.9030 7.4370
5016.0000 107.0000 -3.3410 7.6160
5028.0000 107.0000 -3.8580 7.8550
5040.0000 107.0000 -4.2950 8.0930
5052.0000 107.0000 -4.8120 8.2520
5064.0000 107.0000 -5.2890 8.4910
5076.0000 107.0000 -5.7670 8.6700
5088.0000 107.0000 -6.2240 8.8290
5100.0000 107.0000 -6.6610 9.1670
5112.0000 107.0000 -7.2580 9.1670
5124.0000 107.0000 -7.8350 9.1670
5136.0000 107.0000 -8.4310 9.3260
5148.0000 107.0000 -8.9480 9.3260
5160.0000 108.0000 -9.5250 9.4850
5172.0000 108.0000 -10.1210 9.4850
5184.0000 108.0000 -10.6190 9.6440
5196.0000 108.0000 -11.2150 9.6440
5208.0000 108.0000 -11.7920 9.8030
5220.0000 108.0000 -12.3880 9.8030
5232.0000 108.0000 -12.9650 9.9620
5244.0000 108.0000 -13.5420 9.9620
5256.0000 108.0000 -14.1380 10.1410
5268.0000 108.0000 -14.7150 10.3000
5280.0000 108.0000 -15.3110 10.3000
5292.0000 108.0000 -15.8880 10.4790
5304.0000 108.0000 -16.4850 10.4790
5316.0000 108.0000 -17.0610 10.4790
5328.0000 108.0000 -17.7170 10.4790
5340.0000 108.0000 -18.3140 10.4790
5352.0000 108.0000 -18.8910 10.4790
5364.0000 108.0000 -19.4870 10.4790
5376.0000 108.0000 -20.1430 10.4790
5388.0000 108.0000 -20.6600 10.4790
6012.0000 112.0000 -27.4610 25.1940
6024.0000 112.0000 -26.7250 25.1940
6036.0000 112.0000 -25.9890 25.1940
6048.0000 112.0000 -25.2540 25.1940
6060.0000 112.0000 -24.5380 25.1940
6072.0000 112.0000 -23.8020 25.0350
6084.0000 112.0000 -23.0660 25.0350
6096.0000 112.0000 -22.3310 25.0350
6108.0000 112.0000 -21.5950 25.0350
6120.0000 112.0000 -20.8790 25.0350
6132.0000 112.0000 -20.2030 25.0350
6144.0000 112.0000 -19.4870 25.0350
6156.0000 112.0000 -18.7510 25.0350
6168.0000 112.0000 -18.0160 25.0350
6180.0000 112.0000 -17.2800 25.0350
6192.0000 112.0000 -16.5440 25.0350
6204.0000 112.0000 -15.8280 25.0350
6216.0000 112.0000 -15.0930 25.0350
6228.0000 112.0000 -14.3570 25.0350
6240.0000 112.0000 -13.6210 25.0350
6252.0000 113.0000 -12.8850 25.0350
6264.0000 113.0000 -12.1700 25.0350
6276.0000 113.0000 -11.4340 25.0350
6288.0000 55.0000 -12.6470 5.6270
6288.0000 113.0000 -10.6980 25.0350
6300.0000 113.0000 -9.9620 25.0350
6300.0000 55.0000 -12.4080 5.8060
6312.0000 113.0000 -9.2270 25.0350
6312.0000 55.0000 -12.2090 5.9850
6324.0000 55.0000 -11.9110 6.3030
6324.0000 113.0000 -8.5110 25.0350
6336.0000 113.0000 -7.9140 25.0350
6336.0000 55.0000 -11.6130 6.6220
6348.0000 113.0000 -7.3380 25.0350
6348.0000 55.0000 -11.3940 6.7810
6360.0000 55.0000 -11.0960 7.0990
6360.0000 113.0000 -6.8210 25.0350
6372.0000 55.0000 -10.8170 7.2780
6372.0000 113.0000 -6.3030 25.0350
6384.0000 55.0000 -10.5190 7.6160
6384.0000 113.0000 -5.7270 25.0350
6396.0000 55.0000 -10.3000 7.9340
6396.0000 113.0000 -5.2100 25.0350
6408.0000 55.0000 -10.0020 8.0930
6408.0000 113.0000 -4.6130 25.0350
6420.0000 113.0000 -4.1160 24.8360
6420.0000 55.0000 -9.7040 8.4110
6432.0000 113.0000 -3.5200 24.8360
6432.0000 55.0000 -9.4850 8.5700
6444.0000 113.0000 -3.0220 24.8360
6444.0000 55.0000 -9.1870 8.9280
6456.0000 113.0000 -2.5050 24.8360
6456.0000 55.0000 -8.9080 9.2460
6468.0000 55.0000 -8.6100 9.4060
6468.0000 113.0000 -1.9090 24.8360
6480.0000 55.0000 -8.3910 9.7240
6480.0000 113.0000 -1.3920 24.8360
6492.0000 55.0000 -8.0930 9.8830
6504.0000 55.0000 -7.7950 10.2210
6516.0000 55.0000 -7.4370 10.4790
6528.0000 56.0000 -7.0390 10.7180
6540.0000 56.0000 -6.6610 10.9570
6552.0000 56.0000 -6.3030 11.1160
6564.0000 56.0000 -5.9460 11.4340
6576.0000 56.0000 -5.5680 11.6130
6588.0000 56.0000 -5.2100 11.8510
6600.0000 56.0000 -4.7920 12.1100
6612.0000 56.0000 -4.4340 12.3480
6624.0000 56.0000 -4.0760 12.5080
6636.0000 56.0000 -3.7180 12.8260
6648.0000 56.0000 -3.3410 13.0050
6660.0000 56.0000 -2.9230 13.3230
6672.0000 56.0000 -2.6450 13.0050
6684.0000 56.0000 -2.3660 12.8260
6696.0000 56.0000 -2.0480 12.6670
6708.0000 56.0000 -1.7700 12.5080
6720.0000 56.0000 -1.4910 12.3480
6732.0000 56.0000 -1.1730 12.0300
6744.0000 56.0000 -1.1730 11.8510
6756.0000 56.0000 -1.1730 11.6920
6768.0000 57.0000 -1.1730 11.5330
6780.0000 57.0000 -1.0940 11.3540
6792.0000 57.0000 -1.0940 11.1950
6804.0000 57.0000 -1.0940 11.0360
6816.0000 57.0000 -1.0940 10.8770
6828.0000 57.0000 -1.0540 10.5590
6840.0000 57.0000 -1.0540 10.3800
6852.0000 57.0000 -1.0540 10.2210
6864.0000 57.0000 -1.0540 10.0620
6876.0000 57.0000 -1.0940 9.8830
6888.0000 57.0000 -1.2530 9.7240
6900.0000 57.0000 -1.4910 9.4060
6912.0000 57.0000 -1.6900 9.2460
6924.0000 57.0000 -1.8490 9.0870
6936.0000 57.0000 -2.0480 8.7490
6948.0000 57.0000 -2.2070 8.5900
6960.0000 57.0000 -2.4260 8.4110
6972.0000 57.0000 -2.6450 8.0930
6984.0000 57.0000 -2.8040 7.9340
6996.0000 57.0000 -3.1620 7.9340
7008.0000 58.0000 -3.5990 7.6950
7020.0000 58.0000 -3.9570 7.5960
7032.0000 58.0000 -4.3150 7.4370
7044.0000 58.0000 -4.6930 7.3570
7056.0000 58.0000 -5.0910 7.1190
7068.0000 58.0000 -5.4680 6.9600
7080.0000 58.0000 -5.8460 6.8800
7092.0000 58.0000 -6.2840 6.6220
7104.0000 58.0000 -6.7210 6.4630
7116.0000 58.0000 -7.1590 6.1250
7116.0000 43.0000 23.1260 8.4910
7128.0000 58.0000 -7.5160 6.1250
7128.0000 43.0000 22.3900 8.1730
7140.0000 58.0000 -7.9540 6.1250
7140.0000 43.0000 21.7140 8.0140
7152.0000 58.0000 -8.1730 6.1250
7152.0000 43.0000 21.0580 8.0140
7164.0000 58.0000 -8.3910 6.1250
7164.0000 43.0000 20.4020 8.0140
7176.0000 43.0000 19.7460 8.0140
7176.0000 58.0000 -8.6300 6.1250
7188.0000 43.0000 19.0100 8.0140
7188.0000 58.0000 -8.8290 6.1250
7200.0000 43.0000 18.3540 8.0140
7200.0000 58.0000 -8.9880 5.9650
7212.0000 47.0000 22.8870 16.9220
7212.0000 43.0000 17.6980 8.0140
7212.0000 58.0000 -9.0670 5.9650
7224.0000 58.0000 -9.1070 5.9650
7224.0000 43.0000 17.0410 8.0140
7224.0000 47.0000 22.3110 16.9220
7236.0000 43.0000 16.3850 8.0140
7236.0000 58.0000 -9.2660 5.9650
7236.0000 47.0000 21.7140 16.7630
7248.0000 43.0000 15.7290 8.0140
7248.0000 59.0000 -9.3460 5.9650
7248.0000 47.0000 21.2170 16.7630
7260.0000 43.0000 15.0730 8.0140
7260.0000 59.0000 -9.4250 5.9650
7260.0000 47.0000 20.6210 16.7630
7272.0000 59.0000 -9.7040 5.8060
7272.0000 47.0000 20.1230 16.7630
7272.0000 72.0000 12.1100 19.6260
7272.0000 43.0000 14.3370 8.0140
7284.0000 43.0000 13.6810 8.0140
7284.0000 47.0000 19.5270 16.7630
7284.0000 72.0000 11.4340 19.1290
7284.0000 59.0000 -10.0620 5.8060
7296.0000 47.0000 19.0100 16.7630
7296.0000 43.0000 13.0050 8.0140
7296.0000 72.0000 10.8570 18.8110
7296.0000 59.0000 -10.3800 5.8060
7308.0000 72.0000 10.2010 18.3140
7308.0000 47.0000 18.5720 16.7630
7308.0000 43.0000 12.4280 8.0140
7308.0000 59.0000 -10.7380 5.8060
7320.0000 47.0000 18.2150 16.7630
7320.0000 72.0000 9.6040 17.9960
7320.0000 43.0000 11.7720 8.0140
7320.0000 59.0000 -11.0960 5.8060
7332.0000 59.0000 -11.3740 5.8060
7332.0000 43.0000 11.1160 8.0140
7332.0000 47.0000 17.8370 16.7630
7332.0000 72.0000 9.0280 17.6580
7344.0000 72.0000 8.3720 17.1610
7344.0000 52.0000 14.1180 23.6230
7344.0000 47.0000 17.5580 16.7630
7344.0000 59.0000 -11.6920 5.8060
7344.0000 43.0000 10.4590 8.0140
7356.0000 72.0000 7.8550 16.6830
7356.0000 52.0000 13.6010 23.4640
7356.0000 44.0000 9.8030 8.0140
7356.0000 47.0000 17.2600 16.9220
7356.0000 59.0000 -11.9710 5.8060
7368.0000 44.0000 9.0670 7.8550
7368.0000 52.0000 13.0250 23.4640
7368.0000 47.0000 17.1210 17.0810
7368.0000 59.0000 -12.2890 5.8060
7368.0000 72.0000 7.3380 16.3450
7380.0000 44.0000 8.3320 7.8550
7380.0000 52.0000 12.1300 23.4640
7380.0000 59.0000 -12.5670 5.6470
7380.0000 72.0000 6.8210 15.8680
7380.0000 47.0000 17.0410 17.0810
7392.0000 44.0000 7.5960 7.6950
7392.0000 52.0000 11.3340 23.6230
7392.0000 72.0000 6.3230 15.3710
7392.0000 59.0000 -12.9250 5.6470
7392.0000 47.0000 16.9020 17.2400
7404.0000 47.0000 16.9020 17.4190
7404.0000 59.0000 -13.2040 5.4880
7404.0000 72.0000 5.7270 15.0530
7404.0000 44.0000 6.8600 7.6950
7404.0000 52.0000 10.5190 23.6230
7416.0000 47.0000 16.9020 17.4190
7416.0000 72.0000 5.0710 14.8740
7416.0000 59.0000 -13.5220 5.4880
7416.0000 44.0000 6.0650 7.8550
7416.0000 52.0000 9.8630 23.4640
7428.0000 44.0000 5.3290 8.3320
7428.0000 52.0000 9.1270 23.3050
7428.0000 59.0000 -13.8800 5.6470
7428.0000 47.0000 16.9020 17.4190
7428.0000 72.0000 4.3550 14.7150
7440.0000 59.0000 -14.2380 5.6470
7440.0000 72.0000 3.6790 14.5560
7440.0000 52.0000 8.4110 23.1460
7440.0000 47.0000 16.9020 17.4190
7440.0000 44.0000 4.7520 8.1730
7452.0000 59.0000 -14.5950 5.8060
7452.0000 48.0000 16.9020 17.4190
7452.0000 52.0000 7.7350 22.8080
7452.0000 72.0000 2.9630 14.3970
7452.0000 44.0000 4.1560 8.0140
7464.0000 44.0000 3.5000 7.6950
7464.0000 52.0000 7.1590 22.4900
7464.0000 48.0000 16.9020 17.4190
7464.0000 59.0000 -14.9930 5.9650
7464.0000 72.0000 2.2870 14.2180
7476.0000 48.0000 16.9020 17.4190
7476.0000 44.0000 2.8440 7.5160
7476.0000 72.0000 1.5710 14.0590
7476.0000 59.0000 -15.4310 5.9650
7476.0000 52.0000 6.5020 22.3110
7488.0000 72.0000 0.8950 13.9000
7488.0000 60.0000 -15.8680 6.1250
7488.0000 44.0000 2.0280 7.5160
7488.0000 52.0000 5.9850 21.9930
7488.0000 48.0000 16.9020 17.4190
7500.0000 72.0000 0.2390 13.7400
7500.0000 28.0000 2.7440 21.7340
7500.0000 60.0000 -16.3060 6.3030
7500.0000 48.0000 16.9020 17.4190
7500.0000 52.0000 5.5480 21.8340
7500.0000 44.0000 1.3120 7.5160
7512.0000 52.0000 4.9310 21.3360
7512.0000 28.0000 2.1480 21.0980
7512.0000 44.0000 0.6360 7.5960
7512.0000 73.0000 -0.5970 13.4020
7512.0000 60.0000 -16.7830 6.2040
7512.0000 48.0000 16.9020 17.3200
7524.0000 28.0000 1.5510 20.6010
7524.0000 60.0000 -17.1810 6.1250
7524.0000 48.0000 16.9420 17.3200
7524.0000 73.0000 -1.3720 13.1640
7524.0000 44.0000 -0.0200 7.6760
7524.0000 52.0000 4.3550 21.0180
7536.0000 48.0000 17.0020 17.3200
7536.0000 28.0000 1.0540 19.9440
7536.0000 44.0000 -0.6760 7.7550
7536.0000 52.0000 3.7580 20.6010
7536.0000 60.0000 -17.6180 6.1250
7536.0000 73.0000 -2.1480 12.8260
7548.0000 60.0000 -18.0160 6.0450
7548.0000 48.0000 17.0410 17.3200
7548.0000 73.0000 -2.7840 12.7460
7548.0000 44.0000 -1.2530 7.8350
7548.0000 28.0000 0.4570 19.4670
7548.0000 52.0000 3.1620 20.2030
7560.0000 60.0000 -18.4530 5.9650
7560.0000 52.0000 2.5450 19.8650
7560.0000 48.0000 17.0610 17.3990
7560.0000 73.0000 -3.2210 12.7460
7560.0000 28.0000 -0.1190 18.7910
7560.0000 44.0000 -1.9880 7.8350
7572.0000 48.0000 17.1410 17.3990
7572.0000 52.0000 2.0080 19.4470
7572.0000 44.0000 -2.7240 8.0140
7572.0000 60.0000 -18.8710 5.9650
7572.0000 28.0000 -0.6360 18.3140
7572.0000 73.0000 -3.8180 12.7460
7584.0000 28.0000 -1.2330 17.8370
7584.0000 60.0000 -19.2880 5.8860
7584.0000 53.0000 1.3720 19.0500
7584.0000 48.0000 17.1810 17.3200
7584.0000 44.0000 -3.4200 8.1930
7584.0000 73.0000 -4.4140 12.5870
7596.0000 73.0000 -5.2100 12.2690
7596.0000 60.0000 -19.7260 5.9650
7596.0000 53.0000 0.7950 18.6520
7596.0000 28.0000 -1.8100 17.1610
7596.0000 45.0000 -4.0760 8.3520
7596.0000 48.0000 17.1810 17.3200
7596.0000 77.0000 -27.0230 15.0530
7608.0000 73.0000 -5.8060 12.1100
7608.0000 28.0000 -2.3070 16.6830
7608.0000 45.0000 -4.7720 8.4310
7608.0000 77.0000 -26.4270 14.8940
7608.0000 53.0000 0.1990 18.3140
7608.0000 60.0000 -20.1040 5.9650
7608.0000 48.0000 17.2600 17.3990
7620.0000 45.0000 -5.4290 8.5110
7620.0000 73.0000 -6.3630 12.1100
7620.0000 77.0000 -25.9300 14.8940
7620.0000 53.0000 -0.3780 17.8960
7620.0000 60.0000 -20.5410 5.8060
7620.0000 48.0000 17.3000 17.3990
7620.0000 28.0000 -2.9030 16.0270
7632.0000 60.0000 -20.7600 5.6470
7632.0000 77.0000 -25.4130 14.7350
7632.0000 48.0000 17.3400 17.3990
7632.0000 73.0000 -7.1190 11.6130
7632.0000 28.0000 -3.5000 15.6890
7632.0000 53.0000 -0.9940 17.4990
7632.0000 45.0000 -6.0850 8.6700
