504.0000 10.0000 4.0860 16.7060
504.0000 11.0000 -11.2580 15.2080
504.0000 28.0000 7.1730 12.0530
504.0000 16.0000 -0.5450 -0.1820
504.0000 13.0000 -20.3600 17.2960
516.0000 10.0000 4.7670 16.7060
516.0000 26.0000 8.2390 23.1970
516.0000 14.0000 7.9670 10.0550
516.0000 28.0000 6.9460 12.5520
516.0000 11.0000 -11.7800 15.2080
516.0000 16.0000 -0.8400 -0.1820
516.0000 13.0000 -21.0410 17.2960
528.0000 26.0000 8.0120 22.8790
528.0000 14.0000 7.9670 10.3730
528.0000 28.0000 6.8090 12.8700
528.0000 13.0000 -21.6310 17.2960
528.0000 16.0000 -1.1800 -0.1820
528.0000 11.0000 -12.3700 15.2080
528.0000 10.0000 5.4470 16.7060
540.0000 28.0000 6.5820 13.3690
540.0000 14.0000 7.9670 10.7130
540.0000 13.0000 -22.3120 17.4550
540.0000 26.0000 7.8530 22.3800
540.0000 10.0000 6.0830 16.7060
540.0000 11.0000 -12.8920 15.2080
540.0000 16.0000 -1.5210 -0.1820
552.0000 28.0000 6.4460 13.7100
552.0000 14.0000 7.9670 11.2130
552.0000 16.0000 -1.8160 -0.1820
552.0000 11.0000 -13.4830 15.2080
552.0000 26.0000 7.6260 22.0170
552.0000 13.0000 -22.9930 17.4550
552.0000 10.0000 6.7190 16.7060
564.0000 16.0000 -2.1340 -0.1820
564.0000 26.0000 7.4000 21.5180
564.0000 14.0000 7.9670 11.7120
564.0000 13.0000 -23.5830 17.4550
564.0000 28.0000 6.2190 14.2090
564.0000 11.0000 -14.0270 15.2080
564.0000 10.0000 7.3090 16.7060
576.0000 14.0000 7.9670 12.0530
576.0000 11.0000 -14.5270 15.2080
576.0000 28.0000 6.0600 14.5490
576.0000 10.0000 7.8990 16.7060
576.0000 16.0000 -2.4510 -0.1820
576.0000 13.0000 -24.3090 17.2960
576.0000 26.0000 7.1950 21.2000
588.0000 11.0000 -15.1390 15.2080
588.0000 10.0000 8.5800 16.5240
588.0000 14.0000 7.9670 12.5520
588.0000 26.0000 7.0360 20.7000
588.0000 16.0000 -2.8150 -0.3400
588.0000 13.0000 -24.9900 17.1140
588.0000 28.0000 5.7650 14.8670
600.0000 26.0000 6.8090 20.3830
600.0000 14.0000 8.1030 13.0510
696.0000 20.0000 -31.2550 10.8040
708.0000 20.0000 -28.9400 11.1220
720.0000 20.0000 -26.5570 11.6210
732.0000 20.0000 -24.1730 11.9620
744.0000 29.0000 4.4030 20.3600
744.0000 12.0000 -18.5670 18.0450
744.0000 31.0000 -10.7130 -8.6480
744.0000 20.0000 -21.7670 12.1210
744.0000 17.0000 -6.1060 -4.6760
756.0000 17.0000 -6.1740 -5.3340
756.0000 12.0000 -18.2490 18.2040
756.0000 31.0000 -10.6230 -8.6480
756.0000 29.0000 4.6300 20.7000
756.0000 27.0000 7.8530 18.2040
756.0000 20.0000 -19.3160 11.8030
768.0000 17.0000 -6.2650 -5.8330
768.0000 29.0000 4.6300 21.0410
768.0000 27.0000 7.9220 18.2040
768.0000 12.0000 -18.5210 18.2040
768.0000 20.0000 -17.1370 11.8030
768.0000 31.0000 -10.4860 -8.5120
780.0000 31.0000 -10.3050 -8.3300
780.0000 30.0000 -9.2150 -8.4890
780.0000 27.0000 7.4900 18.2040
780.0000 29.0000 4.3580 21.2000
780.0000 12.0000 -18.7480 18.2040
780.0000 17.0000 -6.5370 -6.1740
780.0000 20.0000 -15.3660 11.8030
792.0000 27.0000 7.1040 18.2040
792.0000 29.0000 4.1310 21.2000
792.0000 17.0000 -6.8550 -6.3330
792.0000 30.0000 -9.0560 -8.1710
792.0000 31.0000 -10.0780 -8.0120
792.0000 12.0000 -19.0660 18.2040
