0 0 7 442.0 601.5 13.0 Pedestrian
1 12 7 447.0 598.5 13.0 Pedestrian
2 24 7 455.0 597.5 13.0 Pedestrian
3 36 7 462.0 597.5 13.0 Pedestrian
4 48 7 469.0 597.5 13.0 Pedestrian
5 60 7 476.5 595.5 13.0 Pedestrian
6 72 7 484.0 595.5 13.0 Pedestrian
7 84 7 491.0 595.5 13.0 Pedestrian
8 96 7 500.0 594.0 13.0 Pedestrian
9 108 7 509.5 594.0 13.0 Pedestrian
10 120 7 518.5 594.0 13.0 Pedestrian
11 132 7 526.0 592.5 13.0 Pedestrian
12 144 7 531.0 592.5 13.0 Pedestrian
13 156 7 530.38 592.55 13.0 Pedestrian
14 168 7 529.31 592.65 13.0 Pedestrian
15 180 7 528.24 592.74 13.0 Pedestrian
16 192 7 527.17 592.84 13.0 Pedestrian
17 204 7 526.1 592.93 13.0 Pedestrian
18 216 7 525.04 593.03 13.0 Pedestrian
19 228 7 523.97 593.12 13.0 Pedestrian
20 0 55 919.5 558.0 373.0 Pedestrian
21 12 55 919.5 558.0 373.0 Pedestrian
22 24 55 919.5 558.0 373.0 Pedestrian
23 36 55 921.5 556.5 373.0 Pedestrian
24 48 55 921.5 556.5 373.0 Pedestrian
25 60 55 921.5 556.5 373.0 Pedestrian
26 72 55 921.5 556.5 373.0 Pedestrian
27 84 55 918.0 555.0 373.0 Pedestrian
28 96 55 908.5 555.0 373.0 Pedestrian
29 108 55 914.5 555.0 373.0 Pedestrian
30 120 55 916.0 556.0 373.0 Pedestrian
31 132 55 916.0 556.0 373.0 Pedestrian
32 144 55 916.0 556.0 373.0 Pedestrian
33 156 55 916.0 556.0 373.0 Pedestrian
34 168 55 916.0 556.0 373.0 Pedestrian
35 180 55 917.0 556.0 373.0 Pedestrian
36 192 55 917.0 556.0 373.0 Pedestrian
37 204 55 917.0 556.0 373.0 Pedestrian
38 216 55 918.0 556.0 373.0 Pedestrian
39 228 55 918.0 556.0 373.0 Pedestrian
40 0 68 902.5 583.5 373.0 Pedestrian
41 12 68 902.5 583.5 373.0 Pedestrian
42 24 68 902.5 583.5 373.0 Pedestrian
43 36 68 902.5 583.5 373.0 Pedestrian
44 48 68 902.5 583.5 373.0 Pedestrian
45 60 68 902.5 583.5 373.0 Pedestrian
46 72 68 902.5 583.5 373.0 Pedestrian
47 84 68 902.5 583.5 373.0 Pedestrian
48 96 68 902.5 583.5 373.0 Pedestrian
49 108 68 902.5 583.5 373.0 Pedestrian
50 120 68 902.5 583.5 373.0 Pedestrian
51 132 68 902.5 583.5 373.0 Pedestrian
52 144 68 902.5 583.5 373.0 Pedestrian
53 156 68 902.5 583.5 373.0 Pedestrian
54 168 68 902.5 583.5 373.0 Pedestrian
55 180 68 902.5 583.5 373.0 Pedestrian
56 192 68 902.5 583.5 373.0 Pedestrian
57 204 68 902.5 583.5 373.0 Pedestrian
58 216 68 902.5 583.5 373.0 Pedestrian
59 228 68 902.5 583.5 373.0 Pedestrian
60 96 60 851.0 503.5 373.0 Pedestrian
61 108 60 857.0 508.0 373.0 Pedestrian
62 120 60 868.0 516.0 373.0 Pedestrian
63 132 60 877.0 522.5 373.0 Pedestrian
64 144 60 884.0 527.0 373.0 Pedestrian
65 156 60 888.0 536.5 373.0 Pedestrian
66 168 60 888.0 544.0 373.0 Pedestrian
67 180 60 891.5 549.0 373.0 Pedestrian
68 192 60 893.0 553.5 373.0 Pedestrian
69 204 60 897.0 558.0 373.0 Pedestrian
70 216 60 901.0 563.0 373.0 Pedestrian
71 228 60 901.0 566.0 373.0 Pedestrian
72 240 60 901.0 566.0 373.0 Pedestrian
73 252 60 901.0 566.0 373.0 Pedestrian
74 264 60 901.0 566.0 373.0 Pedestrian
75 276 60 901.0 566.0 373.0 Pedestrian
76 288 60 901.0 566.0 373.0 Pedestrian
77 300 60 899.0 566.0 373.0 Pedestrian
78 312 60 899.0 566.0 373.0 Pedestrian
79 324 60 899.0 566.0 373.0 Pedestrian
80 240 8 522.9 593.21 83.0 Pedestrian
81 252 8 521.83 593.31 83.0 Pedestrian
82 264 8 520.76 593.4 83.0 Pedestrian
83 276 8 519.7 593.5 83.0 Pedestrian
84 288 8 518.63 593.59 83.0 Pedestrian
85 300 8 517.56 593.69 83.0 Pedestrian
86 312 8 516.49 593.78 83.0 Pedestrian
87 324 8 515.42 593.87 83.0 Pedestrian
88 336 8 514.36 593.97 83.0 Pedestrian
89 348 8 513.29 594.06 83.0 Pedestrian
90 360 8 512.22 594.16 83.0 Pedestrian
91 372 8 511.15 594.25 83.0 Pedestrian
92 384 8 510.08 594.35 83.0 Pedestrian
93 396 8 509.02 594.44 83.0 Pedestrian
94 408 8 507.95 594.53 83.0 Pedestrian
95 420 8 506.88 594.63 83.0 Pedestrian
96 432 8 505.81 594.72 83.0 Pedestrian
97 444 8 504.74 594.82 83.0 Pedestrian
98 456 8 503.68 594.91 83.0 Pedestrian
99 468 8 502.61 595.01 83.0 Pedestrian
100 240 56 918.0 556.0 375.0 Pedestrian
101 252 56 918.5 556.0 375.0 Pedestrian
102 264 56 918.5 556.0 375.0 Pedestrian
103 276 56 918.5 556.0 375.0 Pedestrian
104 288 56 918.5 556.0 375.0 Pedestrian
105 300 56 918.5 556.0 375.0 Pedestrian
106 312 56 918.5 556.0 375.0 Pedestrian
107 324 56 918.5 556.0 375.0 Pedestrian
108 336 56 917.0 556.0 375.0 Pedestrian
109 348 56 915.5 556.0 375.0 Pedestrian
110 360 56 915.5 556.0 375.0 Pedestrian
111 372 56 913.5 556.0 375.0 Pedestrian
112 384 56 911.5 556.0 375.0 Pedestrian
113 396 56 909.5 556.0 375.0 Pedestrian
114 408 56 909.5 556.0 375.0 Pedestrian
115 420 56 907.5 556.0 375.0 Pedestrian
116 432 56 907.5 556.0 375.0 Pedestrian
117 444 56 907.5 556.0 375.0 Pedestrian
118 456 56 907.0 555.0 375.0 Pedestrian
119 468 56 907.0 555.0 375.0 Pedestrian
120 240 69 902.5 583.5 373.0 Pedestrian
121 252 69 902.5 583.5 373.0 Pedestrian
122 264 69 902.5 583.5 373.0 Pedestrian
123 276 69 902.5 583.5 373.0 Pedestrian
124 288 69 902.5 583.5 373.0 Pedestrian
125 300 69 902.5 583.5 373.0 Pedestrian
126 312 69 902.5 583.5 373.0 Pedestrian
127 324 69 902.5 583.5 373.0 Pedestrian
128 336 69 902.5 583.5 373.0 Pedestrian
129 348 69 902.5 583.5 373.0 Pedestrian
130 360 69 902.5 583.5 373.0 Pedestrian
131 372 69 902.5 583.5 373.0 Pedestrian
132 384 69 902.5 583.5 373.0 Pedestrian
133 396 69 902.5 583.5 373.0 Pedestrian
134 408 69 902.5 583.5 373.0 Pedestrian
135 420 69 902.5 583.5 373.0 Pedestrian
136 432 69 902.5 583.5 373.0 Pedestrian
137 444 69 902.5 583.5 373.0 Pedestrian
138 456 69 902.5 583.5 373.0 Pedestrian
139 468 69 902.5 583.5 373.0 Pedestrian
140 336 61 899.0 566.0 375.0 Pedestrian
141 348 61 899.0 566.0 375.0 Pedestrian
142 360 61 899.0 566.0 375.0 Pedestrian
143 372 61 897.0 566.0 375.0 Pedestrian
144 384 61 897.0 566.0 375.0 Pedestrian
145 396 61 897.0 566.0 375.0 Pedestrian
146 408 61 897.0 566.0 375.0 Pedestrian
147 420 61 897.0 566.0 375.0 Pedestrian
148 432 61 897.0 564.5 375.0 Pedestrian
149 444 61 897.0 563.0 375.0 Pedestrian
150 456 61 897.0 560.0 375.0 Pedestrian
151 468 61 897.0 558.0 375.0 Pedestrian
152 480 61 897.0 556.5 375.0 Pedestrian
153 492 61 901.0 555.0 375.0 Pedestrian
154 504 61 904.0 555.0 375.0 Pedestrian
155 516 61 904.0 555.0 375.0 Pedestrian
156 528 61 904.0 555.0 375.0 Pedestrian
157 540 61 905.0 555.0 375.0 Pedestrian
158 552 61 905.0 555.0 375.0 Pedestrian
159 564 61 906.0 555.0 375.0 Pedestrian
160 480 57 907.0 555.0 90.0 Pedestrian
161 492 57 907.0 555.0 90.0 Pedestrian
162 504 57 906.5 555.0 90.0 Pedestrian
163 516 57 906.5 556.5 90.0 Pedestrian
164 528 57 907.0 559.0 90.0 Pedestrian
165 540 57 908.0 561.0 90.0 Pedestrian
166 552 57 909.0 562.0 90.0 Pedestrian
167 564 57 909.0 562.0 90.0 Pedestrian
168 576 57 909.0 562.0 90.0 Pedestrian
169 588 57 909.0 562.0 90.0 Pedestrian
170 600 57 909.0 560.5 90.0 Pedestrian
171 612 57 909.0 560.5 90.0 Pedestrian
172 624 57 909.0 560.5 90.0 Pedestrian
173 636 57 909.0 560.5 90.0 Pedestrian
174 648 57 909.0 559.0 90.0 Pedestrian
175 660 57 909.0 559.0 90.0 Pedestrian
176 672 57 909.0 559.0 90.0 Pedestrian
177 684 57 909.0 559.0 90.0 Pedestrian
178 696 57 909.0 557.5 90.0 Pedestrian
179 708 57 909.0 557.5 90.0 Pedestrian
180 480 70 902.5 583.5 90.0 Pedestrian
181 492 70 902.5 583.5 90.0 Pedestrian
182 504 70 902.5 582.5 90.0 Pedestrian
183 516 70 902.5 582.5 90.0 Pedestrian
184 528 70 902.5 582.5 90.0 Pedestrian
185 540 70 902.5 582.5 90.0 Pedestrian
186 552 70 902.5 582.5 90.0 Pedestrian
187 564 70 902.5 582.5 90.0 Pedestrian
188 576 70 902.5 582.5 90.0 Pedestrian
189 588 70 902.5 582.5 90.0 Pedestrian
190 600 70 902.5 582.5 90.0 Pedestrian
191 612 70 902.5 582.5 90.0 Pedestrian
192 624 70 902.5 582.5 90.0 Pedestrian
193 636 70 902.5 582.5 90.0 Pedestrian
194 648 70 902.5 582.5 90.0 Pedestrian
195 660 70 902.5 582.5 90.0 Pedestrian
196 672 70 902.5 581.5 90.0 Pedestrian
197 684 70 902.5 581.5 90.0 Pedestrian
198 696 70 902.5 581.5 90.0 Pedestrian
199 708 70 902.5 581.5 90.0 Pedestrian
200 576 62 906.0 555.0 83.0 Pedestrian
201 588 62 907.0 556.0 83.0 Pedestrian
202 600 62 907.0 556.5 83.0 Pedestrian
203 612 62 907.0 556.5 83.0 Pedestrian
204 624 62 908.0 556.5 83.0 Pedestrian
205 636 62 909.0 556.5 83.0 Pedestrian
206 648 62 909.0 556.5 83.0 Pedestrian
207 660 62 910.0 556.5 83.0 Pedestrian
208 672 62 910.0 557.0 83.0 Pedestrian
209 684 62 910.0 557.0 83.0 Pedestrian
210 696 62 911.5 557.0 83.0 Pedestrian
211 708 62 911.5 558.0 83.0 Pedestrian
212 720 62 911.5 558.0 83.0 Pedestrian
213 732 62 912.5 558.0 83.0 Pedestrian
214 744 62 912.5 558.0 83.0 Pedestrian
215 756 62 913.0 559.0 83.0 Pedestrian
216 768 62 913.0 559.0 83.0 Pedestrian
217 780 62 914.0 559.0 83.0 Pedestrian
218 792 62 914.0 559.0 83.0 Pedestrian
219 804 62 914.0 560.0 83.0 Pedestrian
220 720 58 909.0 557.5 149.0 Pedestrian
221 732 58 909.0 557.5 149.0 Pedestrian
222 744 58 909.0 555.5 149.0 Pedestrian
223 756 58 909.0 555.5 149.0 Pedestrian
224 768 58 909.0 555.5 149.0 Pedestrian
225 780 58 909.0 555.5 149.0 Pedestrian
226 792 58 909.0 554.5 149.0 Pedestrian
227 804 58 909.0 554.5 149.0 Pedestrian
228 816 58 909.0 554.5 149.0 Pedestrian
229 828 58 909.0 554.5 149.0 Pedestrian
230 840 58 909.0 552.5 149.0 Pedestrian
231 852 58 909.0 552.5 149.0 Pedestrian
232 864 58 909.0 552.5 149.0 Pedestrian
233 876 58 909.0 552.5 149.0 Pedestrian
234 888 58 905.0 549.5 149.0 Pedestrian
235 900 58 901.5 546.5 149.0 Pedestrian
236 912 58 896.0 541.5 149.0 Pedestrian
237 924 58 892.5 534.0 149.0 Pedestrian
238 936 58 888.5 527.5 149.0 Pedestrian
239 948 58 885.0 521.5 149.0 Pedestrian
240 720 71 902.5 581.5 102.0 Pedestrian
241 732 71 902.5 581.5 102.0 Pedestrian
242 744 71 902.5 581.5 102.0 Pedestrian
243 756 71 902.5 581.5 102.0 Pedestrian
244 768 71 902.5 581.5 102.0 Pedestrian
245 780 71 902.5 581.5 102.0 Pedestrian
246 792 71 902.5 581.5 102.0 Pedestrian
247 804 71 902.5 581.5 102.0 Pedestrian
248 816 71 902.5 581.5 102.0 Pedestrian
249 828 71 902.5 581.5 102.0 Pedestrian
250 840 71 902.5 581.0 102.0 Pedestrian
251 852 71 902.5 581.0 102.0 Pedestrian
252 864 71 902.5 581.0 102.0 Pedestrian
253 876 71 902.5 581.0 102.0 Pedestrian
254 888 71 902.5 581.0 102.0 Pedestrian
255 900 71 902.5 581.0 102.0 Pedestrian
256 912 71 902.5 581.0 102.0 Pedestrian
257 924 71 902.5 581.0 102.0 Pedestrian
258 936 71 902.5 581.0 102.0 Pedestrian
259 948 71 902.5 581.0 102.0 Pedestrian
260 816 63 916.0 560.0 119.0 Pedestrian
261 828 63 916.0 560.0 119.0 Pedestrian
262 840 63 916.0 560.5 119.0 Pedestrian
263 852 63 917.0 560.5 119.0 Pedestrian
264 864 63 917.0 560.5 119.0 Pedestrian
265 876 63 918.0 560.5 119.0 Pedestrian
266 888 63 919.0 560.5 119.0 Pedestrian
267 900 63 919.0 561.0 119.0 Pedestrian
268 912 63 919.0 561.0 119.0 Pedestrian
269 924 63 919.5 562.0 119.0 Pedestrian
270 936 63 919.5 562.0 119.0 Pedestrian
271 948 63 920.5 562.0 119.0 Pedestrian
272 960 63 920.5 562.0 119.0 Pedestrian
273 972 63 921.5 562.0 119.0 Pedestrian
274 984 63 921.5 562.0 119.0 Pedestrian
275 996 63 921.5 562.0 119.0 Pedestrian
276 1008 63 921.5 564.0 119.0 Pedestrian
277 1020 63 921.5 564.0 119.0 Pedestrian
278 1032 63 921.5 564.0 119.0 Pedestrian
279 1044 63 920.5 564.0 119.0 Pedestrian
280 852 59 1296.5 90.0 164.0 Pedestrian
281 864 59 1296.5 99.0 164.0 Pedestrian
282 876 59 1296.5 110.0 164.0 Pedestrian
283 888 59 1296.5 119.5 164.0 Pedestrian
284 900 59 1295.5 132.0 164.0 Pedestrian
285 912 59 1295.5 147.5 164.0 Pedestrian
286 924 59 1295.5 160.0 164.0 Pedestrian
287 936 59 1295.5 171.0 164.0 Pedestrian
288 948 59 1295.5 180.5 164.0 Pedestrian
289 960 59 1295.5 191.0 164.0 Pedestrian
290 972 59 1295.5 202.0 164.0 Pedestrian
291 984 59 1297.5 214.5 164.0 Pedestrian
292 996 59 1297.5 228.5 164.0 Pedestrian
293 1008 59 1303.0 234.5 164.0 Pedestrian
294 1020 59 1304.5 246.5 164.0 Pedestrian
295 1032 59 1304.5 257.5 164.0 Pedestrian
296 1044 59 1304.5 270.0 164.0 Pedestrian
297 1056 59 1304.5 281.0 164.0 Pedestrian
298 1068 59 1304.5 290.0 164.0 Pedestrian
299 1080 59 1304.5 299.5 164.0 Pedestrian
300 960 72 902.5 581.0 328.0 Pedestrian
301 972 72 902.5 581.0 328.0 Pedestrian
302 984 72 902.5 581.0 328.0 Pedestrian
303 996 72 902.5 581.0 328.0 Pedestrian
304 1008 72 901.5 579.0 328.0 Pedestrian
305 1020 72 901.5 579.0 328.0 Pedestrian
306 1032 72 901.5 579.0 328.0 Pedestrian
307 1044 72 901.5 578.5 328.0 Pedestrian
308 1056 72 901.5 578.5 328.0 Pedestrian
309 1068 72 900.5 578.0 328.0 Pedestrian
310 1080 72 900.5 577.0 328.0 Pedestrian
311 1092 72 900.5 577.0 328.0 Pedestrian
312 1104 72 900.5 577.0 328.0 Pedestrian
313 1116 72 900.5 577.0 328.0 Pedestrian
314 1128 72 899.5 575.5 328.0 Pedestrian
315 1140 72 899.5 575.5 328.0 Pedestrian
316 1152 72 899.5 575.5 328.0 Pedestrian
317 1164 72 899.5 574.5 328.0 Pedestrian
318 1176 72 899.5 574.5 328.0 Pedestrian
319 1188 72 898.5 574.0 328.0 Pedestrian
320 996 53 942.5 558.5 328.0 Pedestrian
321 1008 53 932.5 558.5 328.0 Pedestrian
322 1020 53 932.5 558.5 328.0 Pedestrian
323 1032 53 932.5 558.5 328.0 Pedestrian
324 1044 53 932.5 559.5 328.0 Pedestrian
325 1056 53 932.5 559.5 328.0 Pedestrian
326 1068 53 930.5 559.5 328.0 Pedestrian
327 1080 53 930.5 559.5 328.0 Pedestrian
328 1092 53 930.5 561.5 328.0 Pedestrian
329 1104 53 930.5 561.5 328.0 Pedestrian
330 1116 53 929.0 561.5 328.0 Pedestrian
331 1128 53 929.0 561.5 328.0 Pedestrian
332 1140 53 929.0 562.5 328.0 Pedestrian
333 1152 53 929.0 562.5 328.0 Pedestrian
334 1164 53 929.0 562.5 328.0 Pedestrian
335 1176 53 927.0 562.5 328.0 Pedestrian
336 1188 53 927.0 562.5 328.0 Pedestrian
337 1200 53 927.0 561.5 328.0 Pedestrian
338 1212 53 927.0 561.5 328.0 Pedestrian
339 1224 53 927.0 561.5 328.0 Pedestrian
340 1056 64 919.5 564.0 328.0 Pedestrian
341 1068 64 919.5 564.0 328.0 Pedestrian
342 1080 64 919.0 564.0 328.0 Pedestrian
343 1092 64 919.0 564.0 328.0 Pedestrian
344 1104 64 917.0 564.0 328.0 Pedestrian
345 1116 64 917.0 564.0 328.0 Pedestrian
346 1128 64 917.0 564.0 328.0 Pedestrian
347 1140 64 916.0 564.0 328.0 Pedestrian
348 1152 64 915.0 564.0 328.0 Pedestrian
349 1164 64 915.0 564.0 328.0 Pedestrian
350 1176 64 914.0 564.0 328.0 Pedestrian
351 1188 64 914.0 564.0 328.0 Pedestrian
352 1200 64 913.5 564.5 328.0 Pedestrian
353 1212 64 912.5 564.5 328.0 Pedestrian
354 1224 64 912.5 564.5 328.0 Pedestrian
355 1236 64 912.5 564.5 328.0 Pedestrian
356 1248 64 910.5 564.5 328.0 Pedestrian
357 1260 64 910.5 564.5 328.0 Pedestrian
358 1272 64 910.5 564.5 328.0 Pedestrian
359 1284 64 910.0 564.5 328.0 Pedestrian
360 1200 73 898.5 573.0 337.0 Biker
361 1212 73 898.5 573.0 337.0 Biker
362 1224 73 898.5 573.0 337.0 Biker
363 1236 73 898.5 572.5 337.0 Biker
364 1248 73 898.5 572.5 337.0 Biker
365 1260 73 897.5 571.5 337.0 Biker
366 1272 73 897.5 570.5 337.0 Biker
367 1284 73 897.5 570.5 337.0 Biker
368 1296 73 897.5 570.5 337.0 Biker
369 1308 73 897.5 570.5 337.0 Biker
370 1320 73 896.0 566.0 337.0 Biker
371 1332 73 894.5 559.5 337.0 Biker
372 1344 73 892.5 555.0 337.0 Biker
373 1356 73 890.5 550.5 337.0 Biker
374 1368 73 887.0 544.5 337.0 Biker
375 1380 73 884.5 538.0 337.0 Biker
376 1392 73 891.5 527.0 337.0 Biker
377 1404 73 893.5 525.5 337.0 Biker
378 1416 73 895.5 522.5 337.0 Biker
379 1428 73 895.5 516.0 337.0 Biker
380 1236 54 925.5 559.5 340.0 Pedestrian
381 1248 54 925.5 559.5 340.0 Pedestrian
382 1260 54 925.5 558.5 340.0 Pedestrian
383 1272 54 925.5 558.5 340.0 Pedestrian
384 1284 54 925.5 556.5 340.0 Pedestrian
385 1296 54 925.5 556.5 340.0 Pedestrian
386 1308 54 925.5 556.5 340.0 Pedestrian
387 1320 54 925.5 555.5 340.0 Pedestrian
388 1332 54 925.5 555.5 340.0 Pedestrian
389 1344 54 925.5 555.5 340.0 Pedestrian
390 1356 54 923.5 553.5 340.0 Pedestrian
391 1368 54 919.5 553.5 340.0 Pedestrian
392 1380 54 918.0 553.5 340.0 Pedestrian
393 1392 54 914.5 551.5 340.0 Pedestrian
394 1404 54 910.5 551.5 340.0 Pedestrian
395 1416 54 907.0 544.5 340.0 Pedestrian
396 1428 54 901.5 537.5 340.0 Pedestrian
397 1440 54 898.5 534.5 340.0 Pedestrian
398 1452 54 895.5 531.5 340.0 Pedestrian
399 1464 54 891.5 528.5 340.0 Pedestrian
400 1296 65 909.0 564.5 337.0 Biker
401 1308 65 909.0 564.5 337.0 Biker
402 1320 65 908.0 564.5 337.0 Biker
403 1332 65 908.0 564.5 337.0 Biker
404 1344 65 907.0 564.5 337.0 Biker
405 1356 65 906.0 564.5 337.0 Biker
406 1368 65 906.0 564.5 337.0 Biker
407 1380 65 906.0 565.5 337.0 Biker
408 1392 65 900.5 562.0 337.0 Biker
409 1404 65 897.0 559.0 337.0 Biker
410 1416 65 893.0 555.5 337.0 Biker
411 1428 65 890.0 552.5 337.0 Biker
412 1440 65 886.0 549.5 337.0 Biker
413 1452 65 884.0 546.5 337.0 Biker
414 1464 65 890.0 545.0 337.0 Biker
415 1476 65 895.0 542.5 337.0 Biker
416 1488 65 900.5 541.0 337.0 Biker
417 1500 65 906.0 539.5 337.0 Biker
418 1512 65 912.0 535.5 337.0 Biker
419 1524 65 920.0 532.5 337.0 Biker
420 1440 74 896.5 511.5 10.0 Pedestrian
421 1452 74 896.5 506.5 10.0 Pedestrian
422 1464 74 896.5 505.5 10.0 Pedestrian
423 1476 74 898.5 503.5 10.0 Pedestrian
424 1488 74 898.5 503.5 10.0 Pedestrian
425 1500 74 898.5 503.5 10.0 Pedestrian
426 1512 74 897.5 502.0 10.0 Pedestrian
427 1524 74 897.5 502.0 10.0 Pedestrian
428 1536 74 897.5 502.0 10.0 Pedestrian
429 1548 74 897.5 502.0 10.0 Pedestrian
430 1560 74 898.5 502.0 10.0 Pedestrian
431 1572 74 898.5 502.0 10.0 Pedestrian
432 1584 74 898.5 502.0 10.0 Pedestrian
433 1596 74 898.5 502.0 10.0 Pedestrian
434 1608 74 898.5 502.0 10.0 Pedestrian
435 1620 74 899.5 502.0 10.0 Pedestrian
436 1632 74 899.5 502.0 10.0 Pedestrian
437 1644 74 899.0 502.0 10.0 Pedestrian
438 1656 74 899.0 502.0 10.0 Pedestrian
439 1668 74 899.0 502.0 10.0 Pedestrian
440 1680 28 1148.0 177.0 96.0 Pedestrian
441 1692 28 1148.0 177.0 96.0 Pedestrian
442 1704 28 1155.5 180.0 96.0 Pedestrian
443 1716 28 1165.0 182.0 96.0 Pedestrian
444 1728 28 1172.0 185.0 96.0 Pedestrian
445 1740 28 1179.0 188.0 96.0 Pedestrian
446 1752 28 1186.5 193.0 96.0 Pedestrian
447 1764 28 1196.0 204.0 96.0 Pedestrian
448 1776 28 1203.0 213.0 96.0 Pedestrian
449 1788 28 1212.0 224.0 96.0 Pedestrian
450 1800 28 1219.5 232.0 96.0 Pedestrian
451 1812 28 1225.0 238.0 96.0 Pedestrian
452 1824 28 1230.5 246.0 96.0 Pedestrian
453 1836 28 1232.0 258.0 96.0 Pedestrian
454 1848 28 1234.0 269.0 96.0 Pedestrian
455 1860 28 1238.0 281.5 96.0 Pedestrian
456 1872 28 1236.0 292.5 96.0 Pedestrian
457 1884 28 1236.0 305.0 96.0 Pedestrian
458 1896 28 1236.0 317.5 96.0 Pedestrian
459 1908 28 1232.0 330.0 96.0 Pedestrian
460 1680 75 900.0 502.0 85.0 Pedestrian
461 1692 75 900.0 502.0 85.0 Pedestrian
462 1704 75 900.0 501.5 85.0 Pedestrian
463 1716 75 900.0 501.5 85.0 Pedestrian
464 1728 75 900.0 501.5 85.0 Pedestrian
465 1740 75 901.0 501.5 85.0 Pedestrian
466 1752 75 901.0 501.5 85.0 Pedestrian
467 1764 75 901.0 501.5 85.0 Pedestrian
468 1776 75 900.0 501.5 85.0 Pedestrian
469 1788 75 900.5 501.5 85.0 Pedestrian
470 1800 75 900.5 501.5 85.0 Pedestrian
471 1812 75 900.5 501.5 85.0 Pedestrian
472 1824 75 900.5 501.5 85.0 Pedestrian
473 1836 75 900.5 501.5 85.0 Pedestrian
474 1848 75 901.5 501.5 85.0 Pedestrian
475 1860 75 901.5 501.5 85.0 Pedestrian
476 1872 75 901.5 501.5 85.0 Pedestrian
477 1884 75 901.5 501.5 85.0 Pedestrian
478 1896 75 901.5 501.5 85.0 Pedestrian
479 1908 75 902.5 501.5 85.0 Pedestrian
480 1920 29 1229.0 344.0 166.0 Pedestrian
481 1932 29 1223.0 358.0 166.0 Pedestrian
482 1944 29 1219.5 370.5 166.0 Pedestrian
483 1956 29 1218.0 380.0 166.0 Pedestrian
484 1968 29 1216.0 389.0 166.0 Pedestrian
485 1980 29 1214.0 398.5 166.0 Pedestrian
486 1992 29 1208.5 409.0 166.0 Pedestrian
487 2004 29 1206.0 420.0 166.0 Pedestrian
488 2016 29 1205.0 431.0 166.0 Pedestrian
489 2028 29 1204.0 443.0 166.0 Pedestrian
490 2040 29 1203.0 454.0 166.0 Pedestrian
491 2052 29 1201.5 466.0 166.0 Pedestrian
492 2064 29 1200.5 477.0 166.0 Pedestrian
493 2076 29 1199.5 488.0 166.0 Pedestrian
494 2088 29 1198.5 499.5 166.0 Pedestrian
495 2100 29 1197.5 510.5 166.0 Pedestrian
496 2112 29 1196.5 523.0 166.0 Pedestrian
497 2124 29 1196.5 532.5 166.0 Pedestrian
498 2136 29 1198.5 543.5 166.0 Pedestrian
499 2148 29 1200.5 554.5 166.0 Pedestrian
500 1920 76 902.5 501.5 80.0 Pedestrian
501 1932 76 902.5 501.5 80.0 Pedestrian
502 1944 76 902.5 501.5 80.0 Pedestrian
503 1956 76 902.5 501.5 80.0 Pedestrian
504 1968 76 902.5 501.5 80.0 Pedestrian
505 1980 76 902.5 501.5 80.0 Pedestrian
506 1992 76 902.5 501.5 80.0 Pedestrian
507 2004 76 901.5 501.5 80.0 Pedestrian
508 2016 76 901.5 501.5 80.0 Pedestrian
509 2028 76 901.5 501.5 80.0 Pedestrian
510 2040 76 901.5 501.5 80.0 Pedestrian
511 2052 76 901.5 501.5 80.0 Pedestrian
512 2064 76 901.5 501.5 80.0 Pedestrian
513 2076 76 900.5 501.5 80.0 Pedestrian
514 2088 76 900.5 501.5 80.0 Pedestrian
515 2100 76 900.5 501.5 80.0 Pedestrian
516 2112 76 900.5 501.5 80.0 Pedestrian
517 2124 76 900.5 501.5 80.0 Pedestrian
518 2136 76 900.0 501.5 80.0 Pedestrian
519 2148 76 900.0 501.5 80.0 Pedestrian
520 2004 66 920.5 500.5 83.0 Pedestrian
521 2016 66 920.5 500.5 83.0 Pedestrian
522 2028 66 920.5 500.5 83.0 Pedestrian
523 2040 66 920.5 500.5 83.0 Pedestrian
524 2052 66 920.5 500.5 83.0 Pedestrian
525 2064 66 920.5 500.5 83.0 Pedestrian
526 2076 66 920.5 500.5 83.0 Pedestrian
527 2088 66 920.5 500.5 83.0 Pedestrian
528 2100 66 920.5 500.5 83.0 Pedestrian
529 2112 66 920.5 500.5 83.0 Pedestrian
530 2124 66 920.5 500.5 83.0 Pedestrian
531 2136 66 920.5 500.5 83.0 Pedestrian
532 2148 66 920.5 500.5 83.0 Pedestrian
533 2160 66 920.5 500.5 83.0 Pedestrian
534 2172 66 920.5 500.5 83.0 Pedestrian
535 2184 66 920.5 500.5 83.0 Pedestrian
536 2196 66 920.5 500.5 83.0 Pedestrian
537 2208 66 920.5 500.5 83.0 Pedestrian
538 2220 66 920.5 500.5 83.0 Pedestrian
539 2232 66 920.5 500.5 83.0 Pedestrian
540 2160 30 1204.0 565.0 38.0 Pedestrian
541 2172 30 1206.0 576.0 38.0 Pedestrian
542 2184 30 1206.0 587.0 38.0 Pedestrian
543 2196 30 1207.5 598.0 38.0 Pedestrian
544 2208 30 1209.5 609.0 38.0 Pedestrian
545 2220 30 1217.0 619.5 38.0 Pedestrian
546 2232 30 1226.0 627.5 38.0 Pedestrian
547 2244 30 1237.0 637.0 38.0 Pedestrian
548 2256 30 1248.0 644.5 38.0 Pedestrian
549 2268 30 1257.0 652.5 38.0 Pedestrian
550 2280 30 1262.5 658.5 38.0 Pedestrian
551 2292 30 1269.0 666.5 38.0 Pedestrian
552 2304 30 1276.0 672.5 38.0 Pedestrian
553 2316 30 1282.0 677.5 38.0 Pedestrian
554 2328 30 1289.0 679.0 38.0 Pedestrian
555 2340 30 1296.0 680.5 38.0 Pedestrian
556 2352 30 1300.0 679.0 38.0 Pedestrian
557 2364 30 1302.0 679.0 38.0 Pedestrian
558 2376 30 1302.0 679.0 38.0 Pedestrian
559 2388 30 1302.0 680.5 38.0 Pedestrian
560 2160 77 900.0 501.5 83.0 Pedestrian
561 2172 77 900.0 501.5 83.0 Pedestrian
562 2184 77 901.0 501.5 83.0 Pedestrian
563 2196 77 901.0 501.5 83.0 Pedestrian
564 2208 77 900.0 501.5 83.0 Pedestrian
565 2220 77 900.0 501.5 83.0 Pedestrian
566 2232 77 900.0 501.5 83.0 Pedestrian
567 2244 77 900.0 501.5 83.0 Pedestrian
568 2256 77 900.0 501.5 83.0 Pedestrian
569 2268 77 899.0 502.5 83.0 Pedestrian
570 2280 77 899.0 502.5 83.0 Pedestrian
571 2292 77 899.0 502.5 83.0 Pedestrian
572 2304 77 899.0 502.5 83.0 Pedestrian
573 2316 77 899.0 502.5 83.0 Pedestrian
574 2328 77 899.0 502.5 83.0 Pedestrian
575 2340 77 898.0 502.5 83.0 Pedestrian
576 2352 77 898.0 502.5 83.0 Pedestrian
577 2364 77 898.5 502.5 83.0 Pedestrian
578 2376 77 898.5 502.5 83.0 Pedestrian
579 2388 77 898.5 502.5 83.0 Pedestrian
580 2244 67 920.5 500.5 315.0 Pedestrian
581 2256 67 920.5 500.5 315.0 Pedestrian
582 2268 67 920.5 500.5 315.0 Pedestrian
583 2280 67 920.5 500.5 315.0 Pedestrian
584 2292 67 920.5 500.5 315.0 Pedestrian
585 2304 67 920.5 500.5 315.0 Pedestrian
586 2316 67 920.5 500.5 315.0 Pedestrian
587 2328 67 920.5 500.5 315.0 Pedestrian
588 2340 67 920.5 500.5 315.0 Pedestrian
589 2352 67 920.5 500.5 315.0 Pedestrian
590 2364 67 920.5 500.5 315.0 Pedestrian
591 2376 67 920.5 500.5 315.0 Pedestrian
592 2388 67 920.5 500.5 315.0 Pedestrian
593 2400 67 920.5 500.5 315.0 Pedestrian
594 2412 67 920.5 500.5 315.0 Pedestrian
595 2424 67 920.5 500.5 315.0 Pedestrian
596 2436 67 920.5 500.5 315.0 Pedestrian
597 2448 67 920.5 500.5 315.0 Pedestrian
598 2460 67 920.5 500.5 315.0 Pedestrian
599 2472 67 920.5 500.5 315.0 Pedestrian
600 2256 9 1162.0 731.5 124.0 Biker
601 2268 9 1165.5 731.5 124.0 Biker
602 2280 9 1171.0 727.5 124.0 Biker
603 2292 9 1176.5 721.0 124.0 Biker
604 2304 9 1182.0 711.5 124.0 Biker
605 2316 9 1185.5 700.5 124.0 Biker
606 2328 9 1187.5 696.5 124.0 Biker
607 2340 9 1193.0 686.5 124.0 Biker
608 2352 9 1196.5 674.5 124.0 Biker
609 2364 9 1198.5 664.5 124.0 Biker
610 2376 9 1198.5 657.5 124.0 Biker
611 2388 9 1196.5 646.5 124.0 Biker
612 2400 9 1196.5 640.0 124.0 Biker
613 2412 9 1198.5 636.5 124.0 Biker
614 2424 9 1198.5 627.5 124.0 Biker
615 2436 9 1196.5 604.5 124.0 Biker
616 2448 9 1196.5 588.5 124.0 Biker
617 2460 9 1196.5 579.5 124.0 Biker
618 2472 9 1196.5 568.5 124.0 Biker
619 2484 9 1195.0 557.5 124.0 Biker
620 2400 31 1302.0 680.5 121.0 Biker
621 2412 31 1302.0 682.0 121.0 Biker
622 2424 31 1302.0 683.5 121.0 Biker
623 2436 31 1302.0 685.0 121.0 Biker
624 2448 31 1302.0 686.5 121.0 Biker
625 2460 31 1302.0 686.5 121.0 Biker
626 2472 31 1302.0 688.5 121.0 Biker
627 2484 31 1302.0 690.0 121.0 Biker
628 2496 31 1303.0 691.5 121.0 Biker
629 2508 31 1301.0 691.0 121.0 Biker
630 2520 31 1301.0 691.0 121.0 Biker
631 2532 31 1301.0 691.0 121.0 Biker
632 2544 31 1300.0 691.0 121.0 Biker
633 2556 31 1300.0 691.0 121.0 Biker
634 2568 31 1300.0 691.5 121.0 Biker
635 2580 31 1299.0 691.5 121.0 Biker
636 2592 31 1299.0 691.5 121.0 Biker
637 2604 31 1298.0 691.5 121.0 Biker
638 2616 31 1298.0 691.5 121.0 Biker
639 2628 31 1298.0 692.5 121.0 Biker
640 2496 10 1193.0 546.5 263.0 Pedestrian
641 2508 10 1190.0 536.5 263.0 Pedestrian
642 2520 10 1187.5 527.0 263.0 Pedestrian
643 2532 10 1186.0 517.0 263.0 Pedestrian
644 2544 10 1186.0 506.0 263.0 Pedestrian
645 2556 10 1186.0 493.5 263.0 Pedestrian
646 2568 10 1186.0 482.5 263.0 Pedestrian
647 2580 10 1189.0 471.5 263.0 Pedestrian
648 2592 10 1191.0 459.5 263.0 Pedestrian
649 2604 10 1193.0 450.0 263.0 Pedestrian
650 2616 10 1195.0 439.0 263.0 Pedestrian
651 2628 10 1197.0 428.0 263.0 Pedestrian
652 2640 10 1200.0 418.5 263.0 Pedestrian
653 2652 10 1202.0 409.5 263.0 Pedestrian
654 2664 10 1209.5 400.0 263.0 Pedestrian
655 2676 10 1217.0 390.5 263.0 Pedestrian
656 2688 10 1220.5 381.5 263.0 Pedestrian
657 2700 10 1224.0 369.0 263.0 Pedestrian
658 2712 10 1226.0 358.0 263.0 Pedestrian
659 2724 10 1230.0 345.5 263.0 Pedestrian
660 2640 32 1297.5 692.5 120.0 Biker
661 2652 32 1297.5 692.5 120.0 Biker
662 2664 32 1297.5 692.5 120.0 Biker
663 2676 32 1296.5 692.5 120.0 Biker
664 2688 32 1296.5 693.0 120.0 Biker
665 2700 32 1296.5 693.0 120.0 Biker
666 2712 32 1295.5 693.0 120.0 Biker
667 2724 32 1295.5 693.0 120.0 Biker
668 2736 32 1295.5 693.0 120.0 Biker
669 2748 32 1294.5 693.0 120.0 Biker
670 2760 32 1294.5 694.0 120.0 Biker
671 2772 32 1294.5 694.0 120.0 Biker
672 2784 32 1293.5 694.0 120.0 Biker
673 2796 32 1293.5 694.0 120.0 Biker
674 2808 32 1293.5 694.0 120.0 Biker
675 2820 32 1293.5 694.5 120.0 Biker
676 2832 32 1293.5 694.5 120.0 Biker
677 2844 32 1293.47 694.45 120.0 Biker
678 2856 32 1293.38 694.28 120.0 Biker
679 2868 32 1293.29 694.12 120.0 Biker
680 2736 11 1231.0 336.0 143.0 Pedestrian
681 2748 11 1231.0 326.5 143.0 Pedestrian
682 2760 11 1231.0 317.5 143.0 Pedestrian
683 2772 11 1231.0 308.0 143.0 Pedestrian
684 2784 11 1231.0 298.5 143.0 Pedestrian
685 2796 11 1235.0 286.5 143.0 Pedestrian
686 2808 11 1239.0 273.5 143.0 Pedestrian
687 2820 11 1240.5 259.5 143.0 Pedestrian
688 2832 11 1240.5 245.5 143.0 Pedestrian
689 2844 11 1242.0 235.0 143.0 Pedestrian
690 2856 11 1242.0 228.5 143.0 Pedestrian
691 2868 11 1242.0 220.5 143.0 Pedestrian
692 2880 11 1240.5 213.0 143.0 Pedestrian
693 2892 11 1239.0 203.5 143.0 Pedestrian
694 2904 11 1237.0 191.0 143.0 Pedestrian
695 2916 11 1237.0 175.5 143.0 Pedestrian
696 2928 11 1235.0 164.5 143.0 Pedestrian
697 2940 11 1235.0 155.5 143.0 Pedestrian
698 2952 11 1235.0 146.0 143.0 Pedestrian
699 2964 11 1235.0 136.5 143.0 Pedestrian
700 2880 33 1293.2 693.95 204.0 Pedestrian
701 2892 33 1293.11 693.79 204.0 Pedestrian
702 2904 33 1293.02 693.63 204.0 Pedestrian
703 2916 33 1292.92 693.46 204.0 Pedestrian
704 2928 33 1292.83 693.3 204.0 Pedestrian
705 2940 33 1292.74 693.14 204.0 Pedestrian
706 2952 33 1292.65 692.97 204.0 Pedestrian
707 2964 33 1292.56 692.81 204.0 Pedestrian
708 2976 33 1292.47 692.65 204.0 Pedestrian
709 2988 33 1292.38 692.48 204.0 Pedestrian
710 3000 33 1292.29 692.32 204.0 Pedestrian
711 3012 33 1292.2 692.15 204.0 Pedestrian
712 3024 33 1292.11 691.99 204.0 Pedestrian
713 3036 33 1292.02 691.83 204.0 Pedestrian
714 3048 33 1291.92 691.66 204.0 Pedestrian
715 3060 33 1291.83 691.5 204.0 Pedestrian
716 3072 33 1291.74 691.34 204.0 Pedestrian
717 3084 33 1291.65 691.17 204.0 Pedestrian
718 3096 33 1291.56 691.01 204.0 Pedestrian
719 3108 33 1291.47 690.85 204.0 Pedestrian
720 3000 15 892.5 506.0 362.0 Pedestrian
721 3012 15 892.5 506.0 362.0 Pedestrian
722 3024 15 892.5 506.0 362.0 Pedestrian
723 3036 15 892.5 506.0 362.0 Pedestrian
724 3048 15 892.5 506.0 362.0 Pedestrian
725 3060 15 892.5 506.0 362.0 Pedestrian
726 3072 15 892.5 506.0 362.0 Pedestrian
727 3084 15 892.5 506.0 362.0 Pedestrian
728 3096 15 892.5 506.0 362.0 Pedestrian
729 3108 15 892.5 506.0 362.0 Pedestrian
730 3120 15 892.5 506.0 362.0 Pedestrian
731 3132 15 892.5 506.0 362.0 Pedestrian
732 3144 15 892.5 506.0 362.0 Pedestrian
733 3156 15 892.5 506.0 362.0 Pedestrian
734 3168 15 892.5 506.0 362.0 Pedestrian
735 3180 15 892.5 506.0 362.0 Pedestrian
736 3192 15 892.5 506.0 362.0 Pedestrian
737 3204 15 892.5 506.0 362.0 Pedestrian
738 3216 15 892.5 506.0 362.0 Pedestrian
739 3228 15 892.5 506.0 362.0 Pedestrian
740 3120 34 1291.38 690.68 146.0 Skater
741 3132 34 1291.29 690.52 146.0 Skater
742 3144 34 1291.2 690.35 146.0 Skater
743 3156 34 1291.11 690.19 146.0 Skater
744 3168 34 1291.02 690.03 146.0 Skater
745 3180 34 1289.0 688.5 146.0 Skater
746 3192 34 1287.0 686.5 146.0 Skater
747 3204 34 1285.0 686.5 146.0 Skater
748 3216 34 1285.0 685.0 146.0 Skater
749 3228 34 1283.5 683.5 146.0 Skater
750 3240 34 1282.0 683.5 146.0 Skater
751 3252 34 1280.0 682.0 146.0 Skater
752 3264 34 1280.0 680.5 146.0 Skater
753 3276 34 1278.0 680.5 146.0 Skater
754 3288 34 1271.0 677.5 146.0 Skater
755 3300 34 1263.0 672.5 146.0 Skater
756 3312 34 1254.0 665.0 146.0 Skater
757 3324 34 1247.0 654.0 146.0 Skater
758 3336 34 1238.0 646.5 146.0 Skater
759 3348 34 1227.0 635.5 146.0 Skater
760 3240 16 892.5 506.0 204.0 Pedestrian
761 3252 16 892.5 506.0 204.0 Pedestrian
762 3264 16 892.5 506.0 204.0 Pedestrian
763 3276 16 892.5 506.0 204.0 Pedestrian
764 3288 16 892.5 506.0 204.0 Pedestrian
765 3300 16 892.5 506.0 204.0 Pedestrian
766 3312 16 892.5 506.0 204.0 Pedestrian
767 3324 16 892.5 506.0 204.0 Pedestrian
768 3336 16 892.5 506.0 204.0 Pedestrian
769 3348 16 892.5 506.0 204.0 Pedestrian
770 3360 16 892.5 506.0 204.0 Pedestrian
771 3372 16 892.5 506.0 204.0 Pedestrian
772 3384 16 892.5 506.0 204.0 Pedestrian
773 3396 16 892.5 506.0 204.0 Pedestrian
774 3408 16 892.5 506.0 204.0 Pedestrian
775 3420 16 892.5 506.0 204.0 Pedestrian
776 3432 16 892.5 506.0 204.0 Pedestrian
777 3444 16 892.5 506.0 204.0 Pedestrian
778 3456 16 892.5 506.0 204.0 Pedestrian
779 3468 16 892.5 506.0 204.0 Pedestrian
780 3360 35 1220.0 624.5 300.0 Pedestrian
781 3372 35 1212.0 615.0 300.0 Pedestrian
782 3384 35 1205.0 605.5 300.0 Pedestrian
783 3396 35 1198.0 594.5 300.0 Pedestrian
784 3408 35 1190.0 585.5 300.0 Pedestrian
785 3420 35 1183.0 576.0 300.0 Pedestrian
786 3432 35 1187.0 557.5 300.0 Pedestrian
787 3444 35 1187.0 549.5 300.0 Pedestrian
788 3456 35 1187.0 540.5 300.0 Pedestrian
789 3468 35 1187.0 524.5 300.0 Pedestrian
790 3480 35 1185.0 513.5 300.0 Pedestrian
791 3492 35 1187.0 501.5 300.0 Pedestrian
792 3504 35 1187.0 484.0 300.0 Pedestrian
793 3516 35 1189.5 470.0 300.0 Pedestrian
794 3528 35 1191.5 456.5 300.0 Pedestrian
795 3540 35 1193.0 442.5 300.0 Pedestrian
796 3552 35 1196.5 436.5 300.0 Pedestrian
797 3564 35 1200.5 431.5 300.0 Pedestrian
798 3576 35 1204.0 421.5 300.0 Pedestrian
799 3588 35 1213.5 408.5 300.0 Pedestrian
800 3480 17 892.5 506.0 301.0 Pedestrian
801 3492 17 892.5 506.0 301.0 Pedestrian
802 3504 17 892.5 504.5 301.0 Pedestrian
803 3516 17 892.5 504.5 301.0 Pedestrian
804 3528 17 892.5 504.5 301.0 Pedestrian
805 3540 17 892.5 504.5 301.0 Pedestrian
806 3552 17 892.5 504.5 301.0 Pedestrian
807 3564 17 892.5 504.5 301.0 Pedestrian
808 3576 17 892.5 504.5 301.0 Pedestrian
809 3588 17 892.5 504.5 301.0 Pedestrian
810 3600 17 892.5 503.5 301.0 Pedestrian
811 3612 17 892.5 503.5 301.0 Pedestrian
812 3624 17 892.5 503.5 301.0 Pedestrian
813 3636 17 892.5 503.5 301.0 Pedestrian
814 3648 17 892.5 503.5 301.0 Pedestrian
815 3660 17 892.5 503.5 301.0 Pedestrian
816 3672 17 892.5 503.5 301.0 Pedestrian
817 3684 17 893.5 502.0 301.0 Pedestrian
818 3696 17 893.5 502.0 301.0 Pedestrian
819 3708 17 893.5 502.0 301.0 Pedestrian
820 3576 26 644.5 729.5 247.0 Pedestrian
821 3588 26 643.0 729.5 247.0 Pedestrian
822 3600 26 641.0 731.0 247.0 Pedestrian
823 3612 26 648.5 723.5 247.0 Pedestrian
824 3624 26 657.5 717.0 247.0 Pedestrian
825 3636 26 666.5 709.5 247.0 Pedestrian
826 3648 26 677.5 701.5 247.0 Pedestrian
827 3660 26 690.5 693.5 247.0 Pedestrian
828 3672 26 697.5 687.5 247.0 Pedestrian
829 3684 26 705.0 681.5 247.0 Pedestrian
830 3696 26 714.0 675.0 247.0 Pedestrian
831 3708 26 723.5 669.0 247.0 Pedestrian
832 3720 26 732.5 662.5 247.0 Pedestrian
833 3732 26 741.5 656.5 247.0 Pedestrian
834 3744 26 750.5 650.0 247.0 Pedestrian
835 3756 26 760.0 642.5 247.0 Pedestrian
836 3768 26 771.0 637.5 247.0 Pedestrian
837 3780 26 782.0 634.5 247.0 Pedestrian
838 3792 26 793.0 630.0 247.0 Pedestrian
839 3804 26 800.0 625.0 247.0 Pedestrian
840 3600 36 1222.5 402.5 93.0 Pedestrian
841 3612 36 1233.5 394.5 93.0 Pedestrian
842 3624 36 1242.5 385.5 93.0 Pedestrian
843 3636 36 1249.5 378.5 93.0 Pedestrian
844 3648 36 1255.5 372.5 93.0 Pedestrian
845 3660 36 1260.5 363.5 93.0 Pedestrian
846 3672 36 1266.5 354.5 93.0 Pedestrian
847 3684 36 1269.5 332.5 93.0 Pedestrian
848 3696 36 1273.5 321.5 93.0 Pedestrian
849 3708 36 1277.0 321.5 93.0 Pedestrian
850 3720 36 1279.0 307.5 93.0 Pedestrian
851 3732 36 1279.0 288.5 93.0 Pedestrian
852 3744 36 1272.5 270.5 93.0 Pedestrian
853 3756 36 1269.0 261.5 93.0 Pedestrian
854 3768 36 1269.0 253.5 93.0 Pedestrian
855 3780 36 1269.0 242.5 93.0 Pedestrian
856 3792 36 1267.0 230.0 93.0 Pedestrian
857 3804 36 1263.5 219.5 93.0 Pedestrian
858 3816 36 1252.5 210.0 93.0 Pedestrian
859 3828 36 1241.5 200.5 93.0 Pedestrian
860 3696 38 1194.0 8.5 93.0 Pedestrian
861 3708 38 1206.5 9.0 93.0 Pedestrian
862 3720 38 1214.0 9.0 93.0 Pedestrian
863 3732 38 1221.5 9.0 93.0 Pedestrian
864 3744 38 1230.5 16.0 93.0 Pedestrian
865 3756 38 1236.5 24.5 93.0 Pedestrian
866 3768 38 1240.5 33.5 93.0 Pedestrian
867 3780 38 1246.0 41.5 93.0 Pedestrian
868 3792 38 1249.5 50.5 93.0 Pedestrian
869 3804 38 1257.0 61.5 93.0 Pedestrian
870 3816 38 1268.0 66.5 93.0 Pedestrian
871 3828 38 1275.5 74.5 93.0 Pedestrian
872 3840 38 1281.5 82.5 93.0 Pedestrian
873 3852 38 1285.5 89.5 93.0 Pedestrian
874 3864 38 1290.0 96.5 93.0 Pedestrian
875 3876 38 1294.5 103.5 93.0 Pedestrian
876 3888 38 1299.0 110.5 93.0 Pedestrian
877 3900 38 1301.0 121.5 93.0 Pedestrian
878 3912 38 1302.0 131.5 93.0 Pedestrian
879 3924 38 1302.0 141.5 93.0 Pedestrian
880 3720 18 893.5 502.0 315.0 Pedestrian
881 3732 18 893.5 502.0 315.0 Pedestrian
882 3744 18 893.5 502.0 315.0 Pedestrian
883 3756 18 893.5 502.0 315.0 Pedestrian
884 3768 18 894.5 501.0 315.0 Pedestrian
885 3780 18 894.5 501.0 315.0 Pedestrian
886 3792 18 894.5 501.0 315.0 Pedestrian
887 3804 18 894.5 501.0 315.0 Pedestrian
888 3816 18 894.5 501.0 315.0 Pedestrian
889 3828 18 894.5 501.0 315.0 Pedestrian
890 3840 18 894.5 501.0 315.0 Pedestrian
891 3852 18 894.5 501.0 315.0 Pedestrian
892 3864 18 895.5 500.0 315.0 Pedestrian
893 3876 18 895.5 500.0 315.0 Pedestrian
894 3888 18 895.5 500.0 315.0 Pedestrian
895 3900 18 895.5 500.0 315.0 Pedestrian
896 3912 18 895.5 500.0 315.0 Pedestrian
897 3924 18 895.5 500.0 315.0 Pedestrian
898 3936 18 895.5 500.0 315.0 Pedestrian
899 3948 18 895.5 499.0 315.0 Pedestrian
900 3816 27 805.5 620.5 315.0 Pedestrian
901 3828 27 813.0 616.0 315.0 Pedestrian
902 3840 27 822.0 611.0 315.0 Pedestrian
903 3852 27 833.0 605.0 315.0 Pedestrian
904 3864 27 844.0 598.5 315.0 Pedestrian
905 3876 27 855.0 592.5 315.0 Pedestrian
906 3888 27 866.0 584.5 315.0 Pedestrian
907 3900 27 875.0 580.0 315.0 Pedestrian
908 3912 27 884.0 574.0 315.0 Pedestrian
909 3924 27 893.5 567.5 315.0 Pedestrian
910 3936 27 902.5 564.5 315.0 Pedestrian
911 3948 27 911.5 558.0 315.0 Pedestrian
912 3960 27 920.5 552.0 315.0 Pedestrian
913 3972 27 928.0 544.0 315.0 Pedestrian
914 3984 27 939.0 544.0 315.0 Pedestrian
915 3996 27 946.5 536.5 315.0 Pedestrian
916 4008 27 953.5 528.5 315.0 Pedestrian
917 4020 27 963.0 524.0 315.0 Pedestrian
918 4032 27 972.0 518.5 315.0 Pedestrian
919 4044 27 980.0 513.5 315.0 Pedestrian
920 3840 37 1230.5 197.5 93.0 Pedestrian
921 3852 37 1221.5 196.0 93.0 Pedestrian
922 3864 37 1212.5 196.0 93.0 Pedestrian
923 3876 37 1201.5 194.5 93.0 Pedestrian
924 3888 37 1192.0 190.0 93.0 Pedestrian
925 3900 37 1182.0 187.0 93.0 Pedestrian
926 3912 37 1173.0 184.0 93.0 Pedestrian
927 3924 37 1164.0 181.0 93.0 Pedestrian
928 3936 37 1154.5 179.5 93.0 Pedestrian
929 3948 37 1147.5 181.0 93.0 Pedestrian
930 3960 37 1142.0 183.0 93.0 Pedestrian
931 3972 37 1140.0 183.0 93.0 Pedestrian
932 3984 37 1136.5 179.5 93.0 Pedestrian
933 3996 37 1134.5 178.0 93.0 Pedestrian
934 4008 37 1138.5 181.0 93.0 Pedestrian
935 4020 37 1140.0 183.0 93.0 Pedestrian
936 4032 37 1140.0 183.0 93.0 Pedestrian
937 4044 37 1140.0 183.0 93.0 Pedestrian
938 4056 37 1140.0 183.0 93.0 Pedestrian
939 4068 37 1140.0 183.0 93.0 Pedestrian
940 3936 39 1303.0 150.5 93.0 Pedestrian
941 3948 39 1304.0 160.0 93.0 Pedestrian
942 3960 39 1304.5 169.5 93.0 Pedestrian
943 3972 39 1305.5 179.5 93.0 Pedestrian
944 3984 39 1304.5 186.5 93.0 Pedestrian
945 3996 39 1304.0 194.0 93.0 Pedestrian
946 4008 39 1302.0 203.5 93.0 Pedestrian
947 4020 39 1301.0 213.0 93.0 Pedestrian
948 4032 39 1298.0 222.5 93.0 Pedestrian
949 4044 39 1298.0 230.5 93.0 Pedestrian
950 4056 39 1298.0 238.0 93.0 Pedestrian
951 4068 39 1298.0 245.5 93.0 Pedestrian
952 4080 39 1298.0 253.5 93.0 Pedestrian
953 4092 39 1298.0 262.5 93.0 Pedestrian
954 4104 39 1298.0 273.5 93.0 Pedestrian
955 4116 39 1296.5 283.5 93.0 Pedestrian
956 4128 39 1294.5 292.5 93.0 Pedestrian
957 4140 39 1294.5 301.5 93.0 Pedestrian
958 4152 39 1294.5 311.5 93.0 Pedestrian
959 4164 39 1294.5 320.5 93.0 Pedestrian
960 5496 3 897.0 501.0 141.0 Pedestrian
961 5508 3 897.0 501.0 141.0 Pedestrian
962 5520 3 897.0 501.0 141.0 Pedestrian
963 5532 3 897.0 501.0 141.0 Pedestrian
964 5544 3 897.0 501.0 141.0 Pedestrian
965 5556 3 897.0 501.0 141.0 Pedestrian
966 5568 3 897.0 501.0 141.0 Pedestrian
967 5580 3 897.0 501.0 141.0 Pedestrian
968 5592 3 897.0 501.0 141.0 Pedestrian
969 5604 3 897.0 501.0 141.0 Pedestrian
970 5616 3 897.0 501.0 141.0 Pedestrian
971 5628 3 897.0 501.0 141.0 Pedestrian
972 5640 3 897.0 501.0 141.0 Pedestrian
973 5652 3 897.0 501.0 141.0 Pedestrian
974 5664 3 897.0 501.0 141.0 Pedestrian
975 5676 3 897.0 501.0 141.0 Pedestrian
976 5688 3 897.0 501.0 141.0 Pedestrian
977 5700 3 897.0 501.0 141.0 Pedestrian
978 5712 3 897.0 501.0 141.0 Pedestrian
979 5724 3 897.0 501.0 141.0 Pedestrian
980 5592 1 1295.5 404.0 29.0 Pedestrian
981 5604 1 1296.5 395.0 29.0 Pedestrian
982 5616 1 1290.5 383.0 29.0 Pedestrian
983 5628 1 1286.5 371.0 29.0 Pedestrian
984 5640 1 1284.5 365.5 29.0 Pedestrian
985 5652 1 1281.0 348.5 29.0 Pedestrian
986 5664 1 1277.0 331.5 29.0 Pedestrian
987 5676 1 1273.5 315.5 29.0 Pedestrian
988 5688 1 1271.5 308.0 29.0 Pedestrian
989 5700 1 1269.5 299.5 29.0 Pedestrian
990 5712 1 1268.0 287.0 29.0 Pedestrian
991 5724 1 1266.5 274.5 29.0 Pedestrian
992 5736 1 1257.0 260.5 29.0 Pedestrian
993 5748 1 1249.5 253.0 29.0 Pedestrian
994 5760 1 1243.5 245.5 29.0 Pedestrian
995 5772 1 1236.0 238.0 29.0 Pedestrian
996 5784 1 1229.5 230.5 29.0 Pedestrian
997 5796 1 1222.5 222.5 29.0 Pedestrian
998 5808 1 1215.0 215.5 29.0 Pedestrian
999 5820 1 1208.5 208.5 29.0 Pedestrian
1000 5736 4 897.0 501.0 228.0 Pedestrian
1001 5748 4 897.0 501.0 228.0 Pedestrian
1002 5760 4 897.0 501.0 228.0 Pedestrian
1003 5772 4 897.0 501.0 228.0 Pedestrian
1004 5784 4 897.0 501.0 228.0 Pedestrian
1005 5796 4 897.0 501.0 228.0 Pedestrian
1006 5808 4 897.0 501.0 228.0 Pedestrian
1007 5820 4 897.0 501.0 228.0 Pedestrian
1008 5832 4 897.0 501.0 228.0 Pedestrian
1009 5844 4 897.0 501.0 228.0 Pedestrian
1010 5856 4 897.0 501.0 228.0 Pedestrian
1011 5868 4 897.0 501.0 228.0 Pedestrian
1012 5880 4 897.0 501.0 228.0 Pedestrian
1013 5892 4 897.0 501.0 228.0 Pedestrian
1014 5904 4 897.0 501.0 228.0 Pedestrian
1015 5916 4 897.0 501.0 228.0 Pedestrian
1016 5928 4 897.0 501.0 228.0 Pedestrian
1017 5940 4 897.0 501.0 228.0 Pedestrian
1018 5952 4 897.0 501.0 228.0 Pedestrian
1019 5964 4 897.0 501.0 228.0 Pedestrian
1020 5976 5 897.0 501.0 226.0 Pedestrian
1021 5988 5 897.0 501.0 226.0 Pedestrian
1022 6000 5 897.0 501.0 226.0 Pedestrian
1023 6012 5 895.0 500.5 226.0 Pedestrian
1024 6024 5 895.0 500.5 226.0 Pedestrian
1025 6036 5 895.0 500.5 226.0 Pedestrian
1026 6048 5 895.0 500.5 226.0 Pedestrian
1027 6060 5 895.0 500.5 226.0 Pedestrian
1028 6072 5 895.0 500.5 226.0 Pedestrian
1029 6084 5 895.0 500.5 226.0 Pedestrian
1030 6096 5 895.0 500.5 226.0 Pedestrian
1031 6108 5 895.0 500.5 226.0 Pedestrian
1032 6120 5 895.0 500.5 226.0 Pedestrian
1033 6132 5 895.0 500.5 226.0 Pedestrian
1034 6144 5 895.0 500.5 226.0 Pedestrian
1035 6156 5 895.0 500.5 226.0 Pedestrian
1036 6168 5 895.0 500.5 226.0 Pedestrian
1037 6180 5 895.0 500.5 226.0 Pedestrian
1038 6192 5 895.0 500.5 226.0 Pedestrian
1039 6204 5 895.0 500.5 226.0 Pedestrian
1040 6216 6 895.0 500.5 17.0 Pedestrian
1041 6228 6 895.0 500.5 17.0 Pedestrian
1042 6240 6 895.0 500.5 17.0 Pedestrian
1043 6252 6 895.0 500.5 17.0 Pedestrian
1044 6264 6 895.0 500.5 17.0 Pedestrian
1045 6276 6 893.5 499.5 17.0 Pedestrian
1046 6288 6 893.5 499.5 17.0 Pedestrian
1047 6300 6 893.5 499.5 17.0 Pedestrian
1048 6312 6 893.5 499.5 17.0 Pedestrian
1049 6324 6 893.5 499.5 17.0 Pedestrian
1050 6336 6 893.5 499.5 17.0 Pedestrian
1051 6348 6 893.5 499.5 17.0 Pedestrian
1052 6360 6 893.5 499.5 17.0 Pedestrian
1053 6372 6 893.5 499.5 17.0 Pedestrian
1054 6384 6 893.5 499.5 17.0 Pedestrian
1055 6396 6 893.5 499.5 17.0 Pedestrian
1056 6408 6 893.5 499.5 17.0 Pedestrian
1057 6420 6 893.5 499.5 17.0 Pedestrian
1058 6432 6 893.5 499.5 17.0 Pedestrian
1059 6444 6 893.5 499.5 17.0 Pedestrian
1060 6816 13 15.5 667.0 238.0 Pedestrian
1061 6828 13 18.0 669.0 238.0 Pedestrian
1062 6840 13 25.0 667.0 238.0 Pedestrian
1063 6852 13 30.5 664.0 238.0 Pedestrian
1064 6864 13 47.0 658.0 238.0 Pedestrian
1065 6876 13 58.0 658.0 238.0 Pedestrian
1066 6888 13 69.0 655.0 238.0 Pedestrian
1067 6900 13 82.0 653.0 238.0 Pedestrian
1068 6912 13 94.5 650.0 238.0 Pedestrian
1069 6924 13 107.0 649.0 238.0 Pedestrian
1070 6936 13 120.0 645.0 238.0 Pedestrian
1071 6948 13 133.0 642.0 238.0 Pedestrian
1072 6960 13 146.0 641.0 238.0 Pedestrian
1073 6972 13 157.0 638.0 238.0 Pedestrian
1074 6984 13 169.5 636.0 238.0 Pedestrian
1075 6996 13 182.0 633.0 238.0 Pedestrian
1076 7008 13 196.0 630.5 238.0 Pedestrian
1077 7020 13 209.5 628.0 238.0 Pedestrian
1078 7032 13 224.5 626.0 238.0 Pedestrian
1079 7044 13 238.0 623.0 238.0 Pedestrian
1080 7056 14 252.0 620.5 361.0 Biker
1081 7068 14 265.0 618.0 361.0 Biker
1082 7080 14 279.0 615.5 361.0 Biker
1083 7092 14 292.0 614.5 361.0 Biker
1084 7104 14 299.5 617.5 361.0 Biker
1085 7116 14 304.5 622.5 361.0 Biker
1086 7128 14 315.5 620.5 361.0 Biker
1087 7140 14 326.5 615.5 361.0 Biker
1088 7152 14 335.5 617.5 361.0 Biker
1089 7164 14 346.5 620.5 361.0 Biker
1090 7176 14 357.5 623.5 361.0 Biker
1091 7188 14 368.5 625.5 361.0 Biker
1092 7200 14 379.5 626.5 361.0 Biker
1093 7212 14 392.5 628.5 361.0 Biker
1094 7224 14 405.5 629.5 361.0 Biker
1095 7236 14 419.5 629.5 361.0 Biker
1096 7248 14 434.5 626.5 361.0 Biker
1097 7260 14 451.0 624.5 361.0 Biker
1098 7272 14 452.5 621.5 361.0 Biker
1099 7284 14 454.5 618.0 361.0 Biker
1100 7308 40 892.5 503.0 194.0 Pedestrian
1101 7320 40 898.0 500.0 194.0 Pedestrian
1102 7332 40 890.5 498.0 194.0 Pedestrian
1103 7344 40 890.5 504.5 194.0 Pedestrian
1104 7356 40 892.5 510.5 194.0 Pedestrian
1105 7368 40 892.5 517.0 194.0 Pedestrian
1106 7380 40 890.5 523.0 194.0 Pedestrian
1107 7392 40 885.0 531.0 194.0 Pedestrian
1108 7404 40 881.5 537.0 194.0 Pedestrian
1109 7416 40 876.0 545.0 194.0 Pedestrian
1110 7428 40 872.5 553.0 194.0 Pedestrian
1111 7440 40 868.5 563.5 194.0 Pedestrian
1112 7452 40 864.0 574.5 194.0 Pedestrian
1113 7464 40 859.5 587.0 194.0 Pedestrian
1114 7476 40 855.0 598.0 194.0 Pedestrian
1115 7488 40 858.5 606.0 194.0 Pedestrian
1116 7500 40 866.0 610.5 194.0 Pedestrian
1117 7512 40 871.5 614.5 194.0 Pedestrian
1118 7524 40 877.0 618.5 194.0 Pedestrian
1119 7536 40 882.5 622.5 194.0 Pedestrian
1120 7548 41 890.5 629.0 65.0 Pedestrian
1121 7560 41 898.0 636.5 65.0 Pedestrian
1122 7572 41 907.0 643.5 65.0 Pedestrian
1123 7584 41 912.5 649.5 65.0 Pedestrian
1124 7596 41 917.0 652.5 65.0 Pedestrian
1125 7608 41 913.5 660.5 65.0 Pedestrian
1126 7620 41 908.0 671.5 65.0 Pedestrian
1127 7632 41 902.5 680.5 65.0 Pedestrian
1128 7644 41 895.0 686.5 65.0 Pedestrian
1129 7656 41 888.0 691.5 65.0 Pedestrian
1130 7668 41 880.5 694.5 65.0 Pedestrian
1131 7680 41 875.0 697.5 65.0 Pedestrian
1132 7692 41 869.5 699.5 65.0 Pedestrian
1133 7704 41 869.5 699.5 65.0 Pedestrian
1134 7716 41 867.5 699.5 65.0 Pedestrian
1135 7728 41 867.5 700.5 65.0 Pedestrian
1136 7740 41 867.5 700.5 65.0 Pedestrian
1137 7752 41 867.5 700.5 65.0 Pedestrian
1138 7764 41 867.5 700.5 65.0 Pedestrian
1139 7776 41 867.5 700.5 65.0 Pedestrian
1140 7788 42 867.5 700.5 65.0 Pedestrian
1141 7800 42 867.5 700.5 65.0 Pedestrian
1142 7812 42 867.5 700.5 65.0 Pedestrian
1143 7824 42 867.5 700.5 65.0 Pedestrian
1144 7836 42 867.5 700.5 65.0 Pedestrian
1145 7848 42 867.5 700.5 65.0 Pedestrian
1146 7860 42 867.5 700.5 65.0 Pedestrian
1147 7872 42 867.5 700.5 65.0 Pedestrian
1148 7884 42 867.5 700.5 65.0 Pedestrian
1149 7896 42 867.5 700.5 65.0 Pedestrian
1150 7908 42 867.5 700.5 65.0 Pedestrian
1151 7920 42 867.5 700.5 65.0 Pedestrian
1152 7932 42 867.5 700.5 65.0 Pedestrian
1153 7944 42 867.5 700.5 65.0 Pedestrian
1154 7956 42 867.5 700.5 65.0 Pedestrian
1155 7968 42 867.5 700.5 65.0 Pedestrian
1156 7980 42 867.5 700.5 65.0 Pedestrian
1157 7992 42 867.5 700.5 65.0 Pedestrian
1158 8004 42 867.5 699.5 65.0 Pedestrian
1159 8016 42 867.5 699.5 65.0 Pedestrian
