0 0 1.0 1173.0 797.5 1.0 Pedestrian
1 12 1.0 1170.0 797.5 1.0 Pedestrian
2 24 1.0 1170.0 797.5 1.0 Pedestrian
3 36 1.0 1167.0 797.5 1.0 Pedestrian
4 48 1.0 1167.0 797.5 1.0 Pedestrian
5 60 1.0 1164.5 797.5 1.0 Pedestrian
6 72 1.0 1162.0 797.5 1.0 Pedestrian
7 84 1.0 1162.0 797.5 1.0 Pedestrian
8 96 1.0 1159.0 797.5 1.0 Pedestrian
9 108 1.0 1159.0 797.5 1.0 Pedestrian
10 120 1.0 1159.0 795.0 1.0 Pedestrian
11 132 1.0 1159.0 793.0 1.0 Pedestrian
12 144 1.0 1159.0 793.0 1.0 Pedestrian
13 156 1.0 1159.0 790.5 1.0 Pedestrian
14 168 1.0 1156.0 790.5 1.0 Pedestrian
15 180 1.0 1156.0 790.5 1.0 Pedestrian
16 192 1.0 1156.0 790.5 1.0 Pedestrian
17 204 1.0 1156.0 790.5 1.0 Pedestrian
18 216 1.0 1156.0 793.0 1.0 Pedestrian
19 228 1.0 1153.5 793.0 1.0 Pedestrian
20 0 3.0 128.5 848.5 2.0 Pedestrian
21 12 3.0 183.0 855.0 2.0 Pedestrian
22 24 3.0 232.0 869.0 2.0 Pedestrian
23 36 3.0 290.0 878.0 2.0 Pedestrian
24 48 3.0 339.5 893.5 2.0 Pedestrian
25 60 3.0 389.0 909.5 2.0 Pedestrian
26 72 3.0 439.0 934.5 2.0 Pedestrian
27 84 3.0 488.5 961.5 2.0 Pedestrian
28 96 3.0 535.0 989.0 2.0 Pedestrian
29 108 3.0 585.0 1016.0 2.0 Pedestrian
30 120 3.0 626.0 1052.5 2.0 Pedestrian
31 132 3.0 642.5 1066.0 2.0 Pedestrian
32 144 3.0 634.0 1061.5 2.0 Pedestrian
33 156 3.0 626.0 1054.5 2.0 Pedestrian
34 168 3.0 618.0 1050.0 2.0 Pedestrian
35 180 3.0 609.5 1045.5 2.0 Pedestrian
36 192 3.0 604.0 1041.0 2.0 Pedestrian
37 204 3.0 596.0 1036.5 2.0 Pedestrian
38 216 3.0 587.5 1032.0 2.0 Pedestrian
39 228 3.0 579.0 1027.5 2.0 Pedestrian
40 0 5.0 833.0 804.5 3.0 Pedestrian
41 12 5.0 777.5 797.5 3.0 Pedestrian
42 24 5.0 736.0 795.5 3.0 Pedestrian
43 36 5.0 695.0 792.5 3.0 Pedestrian
44 48 5.0 654.0 788.5 3.0 Pedestrian
45 60 5.0 612.0 786.0 3.0 Pedestrian
46 72 5.0 571.0 786.0 3.0 Pedestrian
47 84 5.0 530.0 783.5 3.0 Pedestrian
48 96 5.0 486.0 783.5 3.0 Pedestrian
49 108 5.0 444.0 779.5 3.0 Pedestrian
50 120 5.0 403.0 774.5 3.0 Pedestrian
51 132 5.0 362.0 770.5 3.0 Pedestrian
52 144 5.0 320.0 765.5 3.0 Pedestrian
53 156 5.0 279.0 761.5 3.0 Pedestrian
54 168 5.0 240.5 756.5 3.0 Pedestrian
55 180 5.0 199.0 752.0 3.0 Pedestrian
56 192 5.0 158.0 749.5 3.0 Pedestrian
57 204 5.0 116.5 745.5 3.0 Pedestrian
58 216 5.0 78.0 740.5 3.0 Pedestrian
59 228 5.0 42.0 734.0 3.0 Pedestrian
60 0 7.0 985.5 922.0 4.0 Pedestrian
61 12 7.0 991.0 917.5 4.0 Pedestrian
62 24 7.0 999.5 913.0 4.0 Pedestrian
63 36 7.0 1004.5 911.0 4.0 Pedestrian
64 48 7.0 1013.0 906.0 4.0 Pedestrian
65 60 7.0 1018.5 904.0 4.0 Pedestrian
66 72 7.0 1027.0 899.5 4.0 Pedestrian
67 84 7.0 1035.0 897.0 4.0 Pedestrian
68 96 7.0 1040.5 892.5 4.0 Pedestrian
69 108 7.0 1049.0 890.0 4.0 Pedestrian
70 120 7.0 1057.0 886.0 4.0 Pedestrian
71 132 7.0 1065.5 881.0 4.0 Pedestrian
72 144 7.0 1073.5 877.0 4.0 Pedestrian
73 156 7.0 1082.0 872.0 4.0 Pedestrian
74 168 7.0 1090.0 868.0 4.0 Pedestrian
75 180 7.0 1101.0 865.5 4.0 Pedestrian
76 192 7.0 1109.5 861.0 4.0 Pedestrian
77 204 7.0 1117.5 856.0 4.0 Pedestrian
78 216 7.0 1126.0 854.0 4.0 Pedestrian
79 228 7.0 1134.0 849.5 4.0 Pedestrian
80 0 9.0 984.5 650.0 5.0 Pedestrian
81 12 9.0 1006.5 661.5 5.0 Pedestrian
82 24 9.0 1031.0 672.5 5.0 Pedestrian
83 36 9.0 1055.5 684.0 5.0 Pedestrian
84 48 9.0 1080.5 697.5 5.0 Pedestrian
85 60 9.0 1105.5 709.0 5.0 Pedestrian
86 72 9.0 1130.0 720.5 5.0 Pedestrian
87 84 9.0 1154.5 731.5 5.0 Pedestrian
88 96 9.0 1179.5 740.5 5.0 Pedestrian
89 108 9.0 1204.5 752.0 5.0 Pedestrian
90 120 9.0 1229.5 761.5 5.0 Pedestrian
91 132 9.0 1254.0 772.5 5.0 Pedestrian
92 144 9.0 1278.5 781.5 5.0 Pedestrian
93 156 9.0 1303.5 790.5 5.0 Pedestrian
94 168 9.0 1328.5 797.5 5.0 Pedestrian
95 180 9.0 1356.0 806.5 5.0 Pedestrian
96 192 9.0 1380.5 813.5 5.0 Pedestrian
97 204 9.0 1408.5 822.5 5.0 Pedestrian
98 216 9.0 1435.5 829.5 5.0 Pedestrian
99 228 9.0 1466.5 836.0 5.0 Pedestrian
100 192 0.0 28.5 850.5 0.0 Pedestrian
101 204 0.0 64.5 857.5 0.0 Pedestrian
102 216 0.0 102.5 864.0 0.0 Pedestrian
103 228 0.0 141.5 871.0 0.0 Pedestrian
104 240 0.0 182.5 878.0 0.0 Pedestrian
105 252 0.0 221.5 887.0 0.0 Pedestrian
106 264 0.0 265.5 891.5 0.0 Pedestrian
107 276 0.0 309.5 894.0 0.0 Pedestrian
108 288 0.0 353.5 896.0 0.0 Pedestrian
109 300 0.0 397.5 900.5 0.0 Pedestrian
110 312 0.0 441.5 903.0 0.0 Pedestrian
111 324 0.0 485.5 907.5 0.0 Pedestrian
112 336 0.0 529.5 909.5 0.0 Pedestrian
113 348 0.0 573.5 912.0 0.0 Pedestrian
114 360 0.0 620.5 912.0 0.0 Pedestrian
115 372 0.0 667.5 912.0 0.0 Pedestrian
116 384 0.0 714.5 914.0 0.0 Pedestrian
117 396 0.0 761.0 914.0 0.0 Pedestrian
118 408 0.0 810.5 916.5 0.0 Pedestrian
119 420 0.0 854.5 918.5 0.0 Pedestrian
120 240 2.0 1153.5 793.0 1.0 Pedestrian
121 252 2.0 1153.5 793.0 1.0 Pedestrian
122 264 2.0 1153.5 795.0 1.0 Pedestrian
123 276 2.0 1153.5 795.0 1.0 Pedestrian
124 288 2.0 1151.0 795.0 1.0 Pedestrian
125 300 2.0 1151.0 795.0 1.0 Pedestrian
126 312 2.0 1151.0 797.5 1.0 Pedestrian
127 324 2.0 1151.0 797.5 1.0 Pedestrian
128 336 2.0 1151.0 797.5 1.0 Pedestrian
129 348 2.0 1148.0 797.5 1.0 Pedestrian
130 360 2.0 1148.0 800.0 1.0 Pedestrian
131 372 2.0 1148.0 800.0 1.0 Pedestrian
132 384 2.0 1148.0 800.0 1.0 Pedestrian
133 396 2.0 1148.0 800.0 1.0 Pedestrian
134 408 2.0 1145.0 802.0 1.0 Pedestrian
135 420 2.0 1145.0 806.5 1.0 Pedestrian
136 432 2.0 1142.5 811.0 1.0 Pedestrian
137 444 2.0 1140.0 815.5 1.0 Pedestrian
138 456 2.0 1134.0 820.0 1.0 Pedestrian
139 468 2.0 1126.0 824.5 1.0 Pedestrian
140 240 4.0 567.06 1018.07 2.0 Pedestrian
141 252 4.0 559.58 1013.41 2.0 Pedestrian
142 264 4.0 552.1 1008.75 2.0 Pedestrian
143 276 4.0 544.62 1004.09 2.0 Pedestrian
144 288 4.0 537.14 999.43 2.0 Pedestrian
145 300 4.0 529.66 994.77 2.0 Pedestrian
146 312 4.0 522.18 990.11 2.0 Pedestrian
147 324 4.0 514.7 985.45 2.0 Pedestrian
148 336 4.0 510.5 982.0 2.0 Pedestrian
149 348 4.0 502.0 977.5 2.0 Pedestrian
150 360 4.0 494.0 973.0 2.0 Pedestrian
151 372 4.0 485.5 968.5 2.0 Pedestrian
152 384 4.0 480.0 964.0 2.0 Pedestrian
153 396 4.0 472.0 959.5 2.0 Pedestrian
154 408 4.0 463.5 952.5 2.0 Pedestrian
155 420 4.0 455.0 948.0 2.0 Pedestrian
156 432 4.0 447.0 943.5 2.0 Pedestrian
157 444 4.0 439.0 939.0 2.0 Pedestrian
158 456 4.0 433.0 934.5 2.0 Pedestrian
159 468 4.0 425.0 930.0 2.0 Pedestrian
160 240 6.0 52.96 735.9 3.0 Pedestrian
161 252 6.0 85.89 738.75 3.0 Pedestrian
162 264 6.0 118.83 741.59 3.0 Pedestrian
163 276 6.0 151.76 744.44 3.0 Pedestrian
164 288 6.0 184.7 747.29 3.0 Pedestrian
165 300 6.0 217.63 750.14 3.0 Pedestrian
166 312 6.0 250.57 752.99 3.0 Pedestrian
167 324 6.0 283.5 755.83 3.0 Pedestrian
168 336 6.0 298.0 756.5 3.0 Pedestrian
169 348 6.0 334.0 758.5 3.0 Pedestrian
170 360 6.0 367.0 761.5 3.0 Pedestrian
171 372 6.0 400.0 765.5 3.0 Pedestrian
172 384 6.0 436.0 768.0 3.0 Pedestrian
173 396 6.0 469.0 770.5 3.0 Pedestrian
174 408 6.0 505.0 774.5 3.0 Pedestrian
175 420 6.0 538.0 777.0 3.0 Pedestrian
176 432 6.0 571.0 779.5 3.0 Pedestrian
177 444 6.0 607.0 783.5 3.0 Pedestrian
178 456 6.0 640.0 786.0 3.0 Pedestrian
179 468 6.0 673.0 788.5 3.0 Pedestrian
180 240 8.0 1145.5 847.0 4.0 Pedestrian
181 252 8.0 1153.5 845.0 4.0 Pedestrian
182 264 8.0 1161.5 840.5 4.0 Pedestrian
183 276 8.0 1172.5 838.0 4.0 Pedestrian
184 288 8.0 1181.0 836.0 4.0 Pedestrian
185 300 8.0 1192.0 834.0 4.0 Pedestrian
186 312 8.0 1203.0 831.5 4.0 Pedestrian
187 324 8.0 1214.0 829.0 4.0 Pedestrian
188 336 8.0 1222.5 824.5 4.0 Pedestrian
189 348 8.0 1233.5 822.0 4.0 Pedestrian
190 360 8.0 1244.5 820.0 4.0 Pedestrian
191 372 8.0 1252.5 815.5 4.0 Pedestrian
192 384 8.0 1263.5 811.0 4.0 Pedestrian
193 396 8.0 1274.5 809.0 4.0 Pedestrian
194 408 8.0 1283.0 804.0 4.0 Pedestrian
195 420 8.0 1294.0 800.0 4.0 Pedestrian
196 432 8.0 1302.5 797.5 4.0 Pedestrian
197 444 8.0 1313.5 797.5 4.0 Pedestrian
198 456 8.0 1321.5 795.0 4.0 Pedestrian
199 468 8.0 1332.5 795.0 4.0 Pedestrian
200 240 10.0 1496.5 842.5 5.0 Pedestrian
201 252 10.0 1526.5 847.5 5.0 Pedestrian
202 264 10.0 1557.0 854.0 5.0 Pedestrian
203 276 10.0 1584.5 860.5 5.0 Pedestrian
204 288 10.0 1614.5 867.5 5.0 Pedestrian
205 300 10.0 1645.5 874.5 5.0 Pedestrian
206 312 10.0 1675.5 879.0 5.0 Pedestrian
207 324 10.0 1708.5 883.5 5.0 Pedestrian
208 336 10.0 1741.5 885.5 5.0 Pedestrian
209 348 10.0 1771.5 890.5 5.0 Pedestrian
210 360 10.0 1804.5 892.5 5.0 Pedestrian
211 372 10.0 1835.5 897.5 5.0 Pedestrian
212 384 10.0 1868.5 901.5 5.0 Pedestrian
213 396 10.0 1901.5 904.0 5.0 Pedestrian
214 408 10.0 1927.0 906.5 5.0 Pedestrian
215 420 10.0 1958.0 915.5 5.0 Pedestrian
216 432 10.0 1850.0 890.5 5.0 Pedestrian
217 444 10.0 1737.0 863.5 5.0 Pedestrian
218 456 10.0 1622.0 836.0 5.0 Pedestrian
219 468 10.0 1507.5 808.5 5.0 Pedestrian
220 276 11.0 1925.0 64.0 7.0 Pedestrian
221 288 11.0 1922.0 68.5 7.0 Pedestrian
222 300 11.0 1922.0 77.5 7.0 Pedestrian
223 312 11.0 1922.0 87.0 7.0 Pedestrian
224 324 11.0 1919.0 98.0 7.0 Pedestrian
225 336 11.0 1919.0 107.0 7.0 Pedestrian
226 348 11.0 1919.0 116.5 7.0 Pedestrian
227 360 11.0 1919.0 125.5 7.0 Pedestrian
228 372 11.0 1922.0 136.5 7.0 Pedestrian
229 384 11.0 1922.0 148.0 7.0 Pedestrian
230 396 11.0 1925.0 155.0 7.0 Pedestrian
231 408 11.0 1925.0 159.5 7.0 Pedestrian
232 420 11.0 1925.0 164.0 7.0 Pedestrian
233 432 11.0 1925.0 168.5 7.0 Pedestrian
234 444 11.0 1922.0 173.0 7.0 Pedestrian
235 456 11.0 1922.0 173.0 7.0 Pedestrian
236 468 11.0 1922.0 173.0 7.0 Pedestrian
237 480 11.0 1922.0 173.0 7.0 Pedestrian
238 492 11.0 1922.0 173.0 7.0 Pedestrian
239 504 11.0 1922.0 173.0 7.0 Pedestrian
