0 504 10.0 802.0 912.0 10.0 Pedestrian
1 516 10.0 817.0 912.0 10.0 Pedestrian
2 528 10.0 832.0 912.0 10.0 Pedestrian
3 540 10.0 846.0 912.0 10.0 Pedestrian
4 552 10.0 860.0 912.0 10.0 Pedestrian
5 564 10.0 873.0 912.0 10.0 Pedestrian
6 576 10.0 886.0 912.0 10.0 Pedestrian
7 588 10.0 901.0 908.0 10.0 Pedestrian
8 600 10.0 917.0 905.0 10.0 Pedestrian
9 612 10.0 934.0 905.0 10.0 Pedestrian
10 624 10.0 948.0 901.0 10.0 Pedestrian
11 636 10.0 963.0 901.0 10.0 Pedestrian
12 648 10.0 976.0 908.0 10.0 Pedestrian
13 660 10.0 989.0 912.0 10.0 Pedestrian
14 672 10.0 1001.0 916.0 10.0 Pedestrian
15 684 10.0 1012.5 919.0 10.0 Pedestrian
16 696 10.0 1055.0 923.0 10.0 Pedestrian
17 708 10.0 1108.0 934.0 10.0 Pedestrian
18 720 10.0 1133.0 941.0 10.0 Pedestrian
19 732 10.0 1149.0 945.0 10.0 Pedestrian
20 504 11.0 464.0 879.0 11.0 Pedestrian
21 516 11.0 452.5 879.0 11.0 Pedestrian
22 528 11.0 439.5 879.0 11.0 Pedestrian
23 540 11.0 428.0 879.0 11.0 Pedestrian
24 552 11.0 415.0 879.0 11.0 Pedestrian
25 564 11.0 403.0 879.0 11.0 Pedestrian
26 576 11.0 392.0 879.0 11.0 Pedestrian
27 588 11.0 378.5 879.0 11.0 Pedestrian
28 600 11.0 367.0 879.0 11.0 Pedestrian
29 612 11.0 354.0 879.0 11.0 Pedestrian
30 624 11.0 341.0 882.5 11.0 Pedestrian
31 636 11.0 327.5 882.5 11.0 Pedestrian
32 648 11.0 314.5 886.5 11.0 Pedestrian
33 660 11.0 301.0 886.5 11.0 Pedestrian
34 672 11.0 286.5 890.0 11.0 Pedestrian
35 684 11.0 257.0 890.0 11.0 Pedestrian
36 696 11.0 257.0 901.0 11.0 Pedestrian
37 708 11.0 283.0 934.0 11.0 Pedestrian
38 720 11.0 291.5 937.5 11.0 Pedestrian
39 732 11.0 296.0 937.5 11.0 Pedestrian
40 504 13.0 263.5 925.0 12.0 Pedestrian
41 516 13.0 248.5 925.0 12.0 Pedestrian
42 528 13.0 235.5 925.0 12.0 Pedestrian
43 540 13.0 220.5 928.5 12.0 Pedestrian
44 552 13.0 205.5 928.5 12.0 Pedestrian
45 564 13.0 192.5 928.5 12.0 Pedestrian
46 576 13.0 176.5 925.0 12.0 Pedestrian
47 588 13.0 161.5 921.0 12.0 Pedestrian
48 600 13.0 145.0 914.0 12.0 Pedestrian
49 612 13.0 128.5 914.0 12.0 Pedestrian
50 624 13.0 108.5 917.5 12.0 Pedestrian
51 636 13.0 89.5 921.0 12.0 Pedestrian
52 648 13.0 71.0 928.5 12.0 Pedestrian
53 660 13.0 54.5 928.5 12.0 Pedestrian
54 672 13.0 39.0 928.5 12.0 Pedestrian
55 684 13.0 25.0 928.5 12.0 Pedestrian
56 696 13.0 24.5 947.0 12.0 Pedestrian
57 708 13.0 34.0 969.0 12.0 Pedestrian
58 720 13.0 42.5 987.0 12.0 Pedestrian
59 732 13.0 38.0 991.0 12.0 Pedestrian
60 504 16.0 700.0 540.0 16.0 Pedestrian
61 516 16.0 693.5 540.0 16.0 Pedestrian
62 528 16.0 686.0 540.0 16.0 Pedestrian
63 540 16.0 678.5 540.0 16.0 Pedestrian
64 552 16.0 672.0 540.0 16.0 Pedestrian
65 564 16.0 665.0 540.0 16.0 Pedestrian
66 576 16.0 658.0 540.0 16.0 Pedestrian
67 588 16.0 650.0 536.5 16.0 Pedestrian
68 600 16.0 640.0 529.0 16.0 Pedestrian
69 612 16.0 632.0 522.0 16.0 Pedestrian
70 624 16.0 623.5 518.0 16.0 Pedestrian
71 636 16.0 615.0 507.0 16.0 Pedestrian
72 648 16.0 612.0 496.0 16.0 Pedestrian
73 660 16.0 607.0 485.0 16.0 Pedestrian
74 672 16.0 604.0 470.5 16.0 Pedestrian
75 684 16.0 599.0 459.5 16.0 Pedestrian
76 696 16.0 591.0 441.0 16.0 Pedestrian
77 708 16.0 586.0 430.0 16.0 Pedestrian
78 720 16.0 582.5 437.5 16.0 Pedestrian
79 732 16.0 579.0 445.0 16.0 Pedestrian
80 504 28.0 870.0 809.5 27.0 Pedestrian
81 516 28.0 865.0 820.5 27.0 Pedestrian
82 528 28.0 862.0 827.5 27.0 Pedestrian
83 540 28.0 857.0 838.5 27.0 Pedestrian
84 552 28.0 854.0 846.0 27.0 Pedestrian
85 564 28.0 849.0 857.0 27.0 Pedestrian
86 576 28.0 845.5 864.5 27.0 Pedestrian
87 588 28.0 839.0 871.5 27.0 Pedestrian
88 600 28.0 829.0 879.0 27.0 Pedestrian
89 612 28.0 819.0 882.5 27.0 Pedestrian
90 624 28.0 809.0 890.0 27.0 Pedestrian
91 636 28.0 799.5 897.5 27.0 Pedestrian
92 648 28.0 790.0 901.0 27.0 Pedestrian
93 660 28.0 775.0 908.5 27.0 Pedestrian
94 672 28.0 760.0 915.5 27.0 Pedestrian
95 684 28.0 744.0 930.5 27.0 Pedestrian
96 696 28.0 765.0 952.5 27.0 Pedestrian
97 708 28.0 788.0 963.5 27.0 Pedestrian
98 720 28.0 798.0 978.0 27.0 Pedestrian
99 732 28.0 804.5 985.5 27.0 Pedestrian
100 516 14.0 885.5 761.5 14.0 Pedestrian
101 528 14.0 887.5 772.5 14.0 Pedestrian
102 540 14.0 887.5 780.0 14.0 Pedestrian
103 552 14.0 887.5 791.0 14.0 Pedestrian
104 564 14.0 887.5 802.0 14.0 Pedestrian
105 576 14.0 887.5 809.5 14.0 Pedestrian
106 588 14.0 887.5 820.5 14.0 Pedestrian
107 600 14.0 890.5 831.5 14.0 Pedestrian
108 612 14.0 895.5 842.5 14.0 Pedestrian
109 624 14.0 899.0 849.5 14.0 Pedestrian
110 636 14.0 904.0 860.5 14.0 Pedestrian
111 648 14.0 907.5 871.5 14.0 Pedestrian
112 660 14.0 915.5 882.5 14.0 Pedestrian
113 672 14.0 935.5 893.5 14.0 Pedestrian
114 684 14.0 956.5 908.5 14.0 Pedestrian
115 696 14.0 976.5 919.5 14.0 Pedestrian
116 708 14.0 1002.5 926.5 14.0 Pedestrian
117 720 14.0 1033.5 934.0 14.0 Pedestrian
118 732 14.0 1066.5 937.5 14.0 Pedestrian
119 744 14.0 1094.5 941.5 14.0 Pedestrian
120 516 26.0 893.5 1055.0 26.0 Pedestrian
121 528 26.0 888.5 1048.0 26.0 Pedestrian
122 540 26.0 885.0 1037.0 26.0 Pedestrian
123 552 26.0 880.0 1029.0 26.0 Pedestrian
124 564 26.0 875.0 1018.0 26.0 Pedestrian
125 576 26.0 870.5 1011.0 26.0 Pedestrian
126 588 26.0 867.0 1000.0 26.0 Pedestrian
127 600 26.0 862.0 993.0 26.0 Pedestrian
128 612 26.0 857.0 982.0 26.0 Pedestrian
129 624 26.0 854.0 974.0 26.0 Pedestrian
130 636 26.0 845.5 967.0 26.0 Pedestrian
131 648 26.0 837.5 960.0 26.0 Pedestrian
132 660 26.0 831.0 952.0 26.0 Pedestrian
133 672 26.0 822.5 945.0 26.0 Pedestrian
134 684 26.0 816.0 941.0 26.0 Pedestrian
135 696 26.0 844.0 941.0 26.0 Pedestrian
136 708 26.0 868.5 945.0 26.0 Pedestrian
137 720 26.0 872.0 945.0 26.0 Pedestrian
138 732 26.0 877.0 945.0 26.0 Pedestrian
139 744 26.0 880.0 945.0 26.0 Pedestrian
140 696 20.0 23.5 782.0 20.0 Pedestrian
141 708 20.0 74.5 789.0 20.0 Pedestrian
142 720 20.0 127.0 800.0 20.0 Pedestrian
143 732 20.0 179.5 807.5 20.0 Pedestrian
144 744 20.0 232.5 811.0 20.0 Pedestrian
145 756 20.0 286.5 804.0 20.0 Pedestrian
146 768 20.0 334.5 804.0 20.0 Pedestrian
147 780 20.0 373.5 804.0 20.0 Pedestrian
148 792 20.0 413.5 807.5 20.0 Pedestrian
149 804 20.0 446.0 796.5 20.0 Pedestrian
150 816 20.0 480.5 789.0 20.0 Pedestrian
151 828 20.0 515.0 782.0 20.0 Pedestrian
152 840 20.0 543.0 778.0 20.0 Pedestrian
153 852 20.0 557.5 785.5 20.0 Pedestrian
154 864 20.0 605.5 793.0 20.0 Pedestrian
155 876 20.0 653.5 796.5 20.0 Pedestrian
156 888 20.0 686.5 796.5 20.0 Pedestrian
157 900 20.0 725.5 796.5 20.0 Pedestrian
158 912 20.0 765.0 796.5 20.0 Pedestrian
159 924 20.0 796.5 796.5 20.0 Pedestrian
160 744 12.0 303.0 941.5 11.0 Pedestrian
161 756 12.0 310.0 945.0 11.0 Pedestrian
162 768 12.0 304.0 945.0 11.0 Pedestrian
163 780 12.0 299.0 945.0 11.0 Pedestrian
164 792 12.0 292.0 945.0 11.0 Pedestrian
165 804 12.0 279.0 945.0 11.0 Pedestrian
166 816 12.0 261.0 948.5 11.0 Pedestrian
167 828 12.0 231.0 952.5 11.0 Pedestrian
168 840 12.0 200.0 952.5 11.0 Pedestrian
169 852 12.0 184.0 956.0 11.0 Pedestrian
170 864 12.0 167.0 959.5 11.0 Pedestrian
171 876 12.0 152.0 959.5 11.0 Pedestrian
172 888 12.0 133.0 963.5 11.0 Pedestrian
173 900 12.0 111.0 963.5 11.0 Pedestrian
174 912 12.0 90.0 963.5 11.0 Pedestrian
175 924 12.0 75.0 963.5 11.0 Pedestrian
176 936 12.0 62.0 963.5 11.0 Pedestrian
177 948 12.0 50.5 967.0 11.0 Pedestrian
178 960 12.0 41.0 967.0 11.0 Pedestrian
179 972 12.0 31.0 967.0 11.0 Pedestrian
180 744 17.0 577.5 441.0 16.0 Pedestrian
181 756 17.0 576.0 426.5 16.0 Pedestrian
182 768 17.0 574.0 415.5 16.0 Pedestrian
183 780 17.0 568.0 408.0 16.0 Pedestrian
184 792 17.0 561.0 404.5 16.0 Pedestrian
185 804 17.0 553.0 397.0 16.0 Pedestrian
186 816 17.0 553.0 386.0 16.0 Pedestrian
187 828 17.0 551.0 371.5 16.0 Pedestrian
188 840 17.0 546.0 364.0 16.0 Pedestrian
189 852 17.0 535.0 353.0 16.0 Pedestrian
190 864 17.0 525.0 346.0 16.0 Pedestrian
191 876 17.0 518.0 342.0 16.0 Pedestrian
192 888 17.0 510.0 338.5 16.0 Pedestrian
193 900 17.0 503.5 335.0 16.0 Pedestrian
194 912 17.0 499.0 331.0 16.0 Pedestrian
195 924 17.0 490.0 327.5 16.0 Pedestrian
196 936 17.0 480.5 316.5 16.0 Pedestrian
197 948 17.0 471.0 309.0 16.0 Pedestrian
198 960 17.0 462.5 309.0 16.0 Pedestrian
199 972 17.0 456.0 309.0 16.0 Pedestrian
200 744 29.0 809.0 992.5 27.0 Pedestrian
201 756 29.0 814.0 1000.0 27.0 Pedestrian
202 768 29.0 814.0 1007.5 27.0 Pedestrian
203 780 29.0 808.0 1011.0 27.0 Pedestrian
204 792 29.0 803.0 1011.0 27.0 Pedestrian
205 804 29.0 796.0 1014.5 27.0 Pedestrian
206 816 29.0 788.0 1018.5 27.0 Pedestrian
207 828 29.0 776.5 1025.5 27.0 Pedestrian
208 840 29.0 765.0 1029.5 27.0 Pedestrian
209 852 29.0 755.0 1036.5 27.0 Pedestrian
210 864 29.0 742.0 1036.5 27.0 Pedestrian
211 876 29.0 729.0 1040.5 27.0 Pedestrian
212 888 29.0 717.0 1044.0 27.0 Pedestrian
213 900 29.0 704.0 1047.5 27.0 Pedestrian
214 912 29.0 691.0 1047.5 27.0 Pedestrian
215 924 29.0 678.0 1051.5 27.0 Pedestrian
216 936 29.0 663.0 1051.5 27.0 Pedestrian
217 948 29.0 650.0 1055.0 27.0 Pedestrian
218 960 29.0 637.0 1058.5 27.0 Pedestrian
219 972 29.0 620.0 1058.5 27.0 Pedestrian
220 744 31.0 476.0 353.5 29.0 Pedestrian
221 756 31.0 478.0 353.5 29.0 Pedestrian
222 768 31.0 481.0 356.5 29.0 Pedestrian
223 780 31.0 485.0 360.5 29.0 Pedestrian
224 792 31.0 490.0 367.5 29.0 Pedestrian
225 804 31.0 498.0 375.5 29.0 Pedestrian
226 816 31.0 506.0 386.5 29.0 Pedestrian
227 828 31.0 513.0 397.5 29.0 Pedestrian
228 840 31.0 516.0 404.5 29.0 Pedestrian
229 852 31.0 521.0 415.5 29.0 Pedestrian
230 864 31.0 526.0 422.5 29.0 Pedestrian
231 876 31.0 534.0 433.5 29.0 Pedestrian
232 888 31.0 542.0 441.5 29.0 Pedestrian
233 900 31.0 552.0 452.5 29.0 Pedestrian
234 912 31.0 560.0 463.5 29.0 Pedestrian
235 924 31.0 566.0 472.5 29.0 Pedestrian
236 936 31.0 570.0 481.5 29.0 Pedestrian
237 948 31.0 574.0 492.5 29.0 Pedestrian
238 960 31.0 579.0 502.0 29.0 Pedestrian
239 972 31.0 584.0 509.0 29.0 Pedestrian
240 756 27.0 885.0 945.0 26.0 Pedestrian
241 768 27.0 886.5 945.0 26.0 Pedestrian
242 780 27.0 877.0 945.0 26.0 Pedestrian
243 792 27.0 868.5 945.0 26.0 Pedestrian
244 804 27.0 858.5 945.0 26.0 Pedestrian
245 816 27.0 850.5 945.0 26.0 Pedestrian
246 828 27.0 839.0 945.0 26.0 Pedestrian
247 840 27.0 826.0 945.0 26.0 Pedestrian
248 852 27.0 812.5 945.0 26.0 Pedestrian
249 864 27.0 799.5 945.0 26.0 Pedestrian
250 876 27.0 788.0 945.0 26.0 Pedestrian
251 888 27.0 773.0 945.0 26.0 Pedestrian
252 900 27.0 760.0 945.0 26.0 Pedestrian
253 912 27.0 747.0 945.0 26.0 Pedestrian
254 924 27.0 732.0 945.0 26.0 Pedestrian
255 936 27.0 719.0 945.0 26.0 Pedestrian
256 948 27.0 706.0 945.0 26.0 Pedestrian
257 960 27.0 691.0 941.0 26.0 Pedestrian
258 972 27.0 678.0 941.0 26.0 Pedestrian
259 984 27.0 664.5 941.0 26.0 Pedestrian
260 780 30.0 509.0 357.0 28.0 Pedestrian
261 792 30.0 512.5 364.0 28.0 Pedestrian
262 804 30.0 514.0 371.5 28.0 Pedestrian
263 816 30.0 517.5 382.5 28.0 Pedestrian
264 828 30.0 522.5 386.0 28.0 Pedestrian
265 840 30.0 529.0 390.0 28.0 Pedestrian
266 852 30.0 535.5 397.0 28.0 Pedestrian
267 864 30.0 542.0 404.5 28.0 Pedestrian
268 876 30.0 549.0 412.0 28.0 Pedestrian
269 888 30.0 555.0 419.0 28.0 Pedestrian
270 900 30.0 563.5 426.5 28.0 Pedestrian
271 912 30.0 568.5 437.5 28.0 Pedestrian
272 924 30.0 575.0 448.5 28.0 Pedestrian
273 936 30.0 580.0 459.5 28.0 Pedestrian
274 948 30.0 585.0 474.0 28.0 Pedestrian
275 960 30.0 593.0 485.0 28.0 Pedestrian
276 972 30.0 603.0 492.5 28.0 Pedestrian
277 984 30.0 613.0 503.5 28.0 Pedestrian
278 996 30.0 616.0 507.0 28.0 Pedestrian
279 1008 30.0 622.0 507.0 28.0 Pedestrian
