0 336 26 903.0 1143.0 26.0 Pedestrian
1 348 26 893.5 1139.0 26.0 Pedestrian
2 360 26 880.5 1139.0 26.0 Pedestrian
3 372 26 869.5 1135.0 26.0 Pedestrian
4 384 26 856.5 1135.0 26.0 Pedestrian
5 396 26 845.0 1135.0 26.0 Pedestrian
6 408 26 832.0 1131.0 26.0 Pedestrian
7 420 26 821.0 1131.0 26.0 Pedestrian
8 432 26 808.0 1131.0 26.0 Pedestrian
9 444 26 797.0 1127.0 26.0 Pedestrian
10 456 26 784.0 1127.0 26.0 Pedestrian
11 468 26 773.0 1122.5 26.0 Pedestrian
12 480 26 760.0 1122.5 26.0 Pedestrian
13 492 26 749.0 1122.5 26.0 Pedestrian
14 504 26 737.0 1120.5 26.0 Pedestrian
15 516 26 726.0 1120.5 26.0 Pedestrian
16 528 26 716.0 1120.5 26.0 Pedestrian
17 540 26 705.0 1120.5 26.0 Pedestrian
18 552 26 694.0 1120.5 26.0 Pedestrian
19 564 26 680.5 1114.5 26.0 Pedestrian
20 444 11 31.0 1149.5 8.0 Pedestrian
21 456 11 55.0 1129.0 8.0 Pedestrian
22 468 11 70.0 1129.0 8.0 Pedestrian
23 480 11 82.5 1124.5 8.0 Pedestrian
24 492 11 95.5 1116.5 8.0 Pedestrian
25 504 11 107.0 1116.5 8.0 Pedestrian
26 516 11 118.0 1125.0 8.0 Pedestrian
27 528 11 129.5 1131.0 8.0 Pedestrian
28 540 11 138.5 1137.0 8.0 Pedestrian
29 552 11 149.5 1141.0 8.0 Pedestrian
30 564 11 162.5 1141.0 8.0 Pedestrian
31 576 11 175.5 1137.0 8.0 Pedestrian
32 588 11 190.5 1133.0 8.0 Pedestrian
33 600 11 203.5 1129.0 8.0 Pedestrian
34 612 11 216.5 1125.0 8.0 Pedestrian
35 624 11 227.5 1116.5 8.0 Pedestrian
36 636 11 236.5 1108.0 8.0 Pedestrian
37 648 11 246.0 1096.0 8.0 Pedestrian
38 660 11 255.5 1083.5 8.0 Pedestrian
39 672 11 262.5 1075.0 8.0 Pedestrian
40 504 17 284.5 1001.0 17.0 Pedestrian
41 516 17 277.5 1001.0 17.0 Pedestrian
42 528 17 268.5 1001.0 17.0 Pedestrian
43 540 17 260.5 997.0 17.0 Pedestrian
44 552 17 251.5 997.0 17.0 Pedestrian
45 564 17 244.5 992.5 17.0 Pedestrian
46 576 17 236.5 992.5 17.0 Pedestrian
47 588 17 227.5 988.5 17.0 Pedestrian
48 600 17 220.0 988.5 17.0 Pedestrian
49 612 17 210.5 988.5 17.0 Pedestrian
50 624 17 205.5 984.0 17.0 Pedestrian
51 636 17 201.5 984.0 17.0 Pedestrian
52 648 17 195.5 984.0 17.0 Pedestrian
53 660 17 192.5 984.0 17.0 Pedestrian
54 672 17 186.5 984.0 17.0 Pedestrian
55 684 17 182.5 984.0 17.0 Pedestrian
56 696 17 177.5 980.0 17.0 Pedestrian
57 708 17 173.5 980.0 17.0 Pedestrian
58 720 17 168.5 980.0 17.0 Pedestrian
59 732 17 164.5 980.0 17.0 Pedestrian
60 504 21 1106.5 645.5 21.0 Pedestrian
61 516 21 1106.5 645.5 21.0 Pedestrian
62 528 21 1106.5 645.5 21.0 Pedestrian
63 540 21 1106.5 645.5 21.0 Pedestrian
64 552 21 1106.5 645.5 21.0 Pedestrian
65 564 21 1106.5 645.5 21.0 Pedestrian
66 576 21 1106.5 645.5 21.0 Pedestrian
67 588 21 1106.5 645.5 21.0 Pedestrian
68 600 21 1106.5 645.5 21.0 Pedestrian
69 612 21 1106.5 645.5 21.0 Pedestrian
70 624 21 1106.5 645.5 21.0 Pedestrian
71 636 21 1106.5 645.5 21.0 Pedestrian
72 648 21 1106.5 645.5 21.0 Pedestrian
73 660 21 1106.5 645.5 21.0 Pedestrian
74 672 21 1106.5 645.5 21.0 Pedestrian
75 684 21 1106.5 645.5 21.0 Pedestrian
76 696 21 1106.5 645.5 21.0 Pedestrian
77 708 21 1106.5 645.5 21.0 Pedestrian
78 720 21 1106.5 645.5 21.0 Pedestrian
79 732 21 1106.5 645.5 21.0 Pedestrian
80 576 19 1185.5 926.5 19.0 Pedestrian
81 588 19 1170.5 926.5 19.0 Pedestrian
82 600 19 1157.5 926.5 19.0 Pedestrian
83 612 19 1144.5 926.5 19.0 Pedestrian
84 624 19 1131.5 926.5 19.0 Pedestrian
85 636 19 1120.5 926.5 19.0 Pedestrian
86 648 19 1111.0 922.5 19.0 Pedestrian
87 660 19 1102.0 922.5 19.0 Pedestrian
88 672 19 1094.5 918.5 19.0 Pedestrian
89 684 19 1083.5 914.0 19.0 Pedestrian
90 696 19 1070.5 914.0 19.0 Pedestrian
91 708 19 1057.5 910.0 19.0 Pedestrian
92 720 19 1044.5 910.0 19.0 Pedestrian
93 732 19 1031.5 905.5 19.0 Pedestrian
94 744 19 1016.5 905.5 19.0 Pedestrian
95 756 19 1003.5 905.5 19.0 Pedestrian
96 768 19 992.5 914.0 19.0 Pedestrian
97 780 19 979.5 918.5 19.0 Pedestrian
98 792 19 966.5 922.5 19.0 Pedestrian
99 804 19 953.5 922.5 19.0 Pedestrian
100 576 27 667.5 1110.5 26.0 Pedestrian
101 588 27 652.5 1102.0 26.0 Pedestrian
102 600 27 639.5 1093.5 26.0 Pedestrian
103 612 27 625.0 1089.5 26.0 Pedestrian
104 624 27 612.0 1081.5 26.0 Pedestrian
105 636 27 601.0 1081.5 26.0 Pedestrian
106 648 27 588.0 1081.5 26.0 Pedestrian
107 660 27 575.0 1077.5 26.0 Pedestrian
108 672 27 562.0 1077.5 26.0 Pedestrian
109 684 27 551.0 1073.5 26.0 Pedestrian
110 696 27 538.0 1073.5 26.0 Pedestrian
111 708 27 525.0 1073.5 26.0 Pedestrian
112 720 27 512.0 1073.5 26.0 Pedestrian
113 732 27 501.0 1081.5 26.0 Pedestrian
114 744 27 488.0 1085.5 26.0 Pedestrian
115 756 27 475.0 1089.5 26.0 Pedestrian
116 768 27 462.0 1093.5 26.0 Pedestrian
117 780 27 449.0 1093.5 26.0 Pedestrian
118 792 27 436.0 1089.5 26.0 Pedestrian
119 804 27 423.0 1085.5 26.0 Pedestrian
120 624 31 60.5 1222.0 31.0 Pedestrian
121 636 31 51.5 1209.0 31.0 Pedestrian
122 648 31 38.5 1193.0 31.0 Pedestrian
123 660 31 25.5 1180.5 31.0 Pedestrian
124 672 31 22.0 1166.0 31.0 Pedestrian
125 684 31 12.0 1153.5 31.0 Pedestrian
126 696 31 9.0 1156.0 31.0 Pedestrian
127 708 31 8.0 1160.0 31.0 Pedestrian
128 720 31 8.0 1160.0 31.0 Pedestrian
129 732 31 8.0 1160.0 31.0 Pedestrian
130 744 31 8.0 1160.0 31.0 Pedestrian
131 756 31 8.0 1160.0 31.0 Pedestrian
132 768 31 8.0 1160.0 31.0 Pedestrian
133 780 31 8.0 1160.0 31.0 Pedestrian
134 792 31 8.0 1160.0 31.0 Pedestrian
135 804 31 8.0 1160.0 31.0 Pedestrian
136 816 31 8.0 1160.0 31.0 Pedestrian
137 828 31 8.0 1160.0 31.0 Pedestrian
138 840 31 8.0 1160.0 31.0 Pedestrian
139 852 31 8.0 1160.0 31.0 Pedestrian
140 684 12 271.5 1063.0 8.0 Pedestrian
141 696 12 281.5 1054.5 8.0 Pedestrian
142 708 12 290.5 1044.0 8.0 Pedestrian
143 720 12 299.5 1036.0 8.0 Pedestrian
144 732 12 309.5 1026.0 8.0 Pedestrian
145 744 12 319.5 1015.0 8.0 Pedestrian
146 756 12 328.5 1005.0 8.0 Pedestrian
147 768 12 337.5 997.0 8.0 Pedestrian
148 780 12 345.5 988.0 8.0 Pedestrian
149 792 12 357.5 978.0 8.0 Pedestrian
150 804 12 368.5 970.0 8.0 Pedestrian
151 816 12 379.5 962.0 8.0 Pedestrian
152 828 12 390.5 953.0 8.0 Pedestrian
153 840 12 401.5 945.0 8.0 Pedestrian
154 852 12 412.5 937.0 8.0 Pedestrian
155 864 12 423.5 929.0 8.0 Pedestrian
156 876 12 434.5 920.0 8.0 Pedestrian
157 888 12 444.5 912.0 8.0 Pedestrian
158 900 12 455.5 900.0 8.0 Pedestrian
159 912 12 464.5 891.0 8.0 Pedestrian
160 744 22 1106.5 645.5 21.0 Pedestrian
161 756 22 1106.5 645.5 21.0 Pedestrian
162 768 22 1106.5 645.5 21.0 Pedestrian
163 780 22 1106.5 645.5 21.0 Pedestrian
164 792 22 1106.5 645.5 21.0 Pedestrian
165 804 22 1106.5 645.5 21.0 Pedestrian
166 816 22 1106.5 645.5 21.0 Pedestrian
167 828 22 1106.5 645.5 21.0 Pedestrian
168 840 22 1106.5 645.5 21.0 Pedestrian
169 852 22 1106.5 645.5 21.0 Pedestrian
170 864 22 1106.5 645.5 21.0 Pedestrian
171 876 22 1106.5 645.5 21.0 Pedestrian
172 888 22 1106.5 645.5 21.0 Pedestrian
173 900 22 1106.5 645.5 21.0 Pedestrian
174 912 22 1106.5 645.5 21.0 Pedestrian
175 924 22 1106.5 645.5 21.0 Pedestrian
176 936 22 1106.5 645.5 21.0 Pedestrian
177 948 22 1106.5 645.5 21.0 Pedestrian
178 960 22 1106.5 645.5 21.0 Pedestrian
179 972 22 1106.5 645.5 21.0 Pedestrian
180 816 28 410.0 1085.5 26.0 Pedestrian
181 828 28 397.0 1089.5 26.0 Pedestrian
182 840 28 384.0 1093.5 26.0 Pedestrian
183 852 28 371.0 1097.5 26.0 Pedestrian
184 864 28 358.0 1102.0 26.0 Pedestrian
185 876 28 347.0 1106.5 26.0 Pedestrian
186 888 28 337.5 1106.5 26.0 Pedestrian
187 900 28 328.5 1106.5 26.0 Pedestrian
188 912 28 319.0 1106.5 26.0 Pedestrian
189 924 28 306.0 1110.5 26.0 Pedestrian
190 936 28 293.0 1110.5 26.0 Pedestrian
191 948 28 280.0 1110.5 26.0 Pedestrian
192 960 28 263.5 1114.5 26.0 Pedestrian
193 972 28 249.0 1118.5 26.0 Pedestrian
194 984 28 234.0 1122.5 26.0 Pedestrian
195 996 28 223.0 1122.5 26.0 Pedestrian
196 1008 28 210.0 1120.5 26.0 Pedestrian
197 1020 28 196.0 1118.5 26.0 Pedestrian
198 1032 28 183.0 1120.5 26.0 Pedestrian
199 1044 28 170.0 1118.5 26.0 Pedestrian
200 864 33 13.83 1150.73 31.0 Pedestrian
201 876 33 13.88 1150.55 31.0 Pedestrian
202 888 33 13.94 1150.37 31.0 Pedestrian
203 900 33 13.99 1150.19 31.0 Pedestrian
204 912 33 14.05 1150.01 31.0 Pedestrian
205 924 33 14.1 1149.83 31.0 Pedestrian
206 936 33 14.15 1149.65 31.0 Pedestrian
207 948 33 14.21 1149.47 31.0 Pedestrian
208 960 33 14.26 1149.29 31.0 Pedestrian
209 972 33 14.32 1149.11 31.0 Pedestrian
210 984 33 14.37 1148.93 31.0 Pedestrian
211 996 33 14.42 1148.75 31.0 Pedestrian
212 1008 33 14.48 1148.57 31.0 Pedestrian
213 1020 33 14.53 1148.4 31.0 Pedestrian
214 1032 33 14.59 1148.22 31.0 Pedestrian
215 1044 33 14.64 1148.04 31.0 Pedestrian
216 1056 33 14.69 1147.86 31.0 Pedestrian
217 1068 33 14.75 1147.68 31.0 Pedestrian
218 1080 33 14.8 1147.5 31.0 Pedestrian
219 1092 33 14.85 1147.32 31.0 Pedestrian
220 900 5 42.5 1224.0 5.0 Pedestrian
221 912 5 47.5 1220.0 5.0 Pedestrian
222 924 5 54.5 1211.0 5.0 Pedestrian
223 936 5 60.5 1207.0 5.0 Pedestrian
224 948 5 67.5 1203.0 5.0 Pedestrian
225 960 5 82.0 1195.0 5.0 Pedestrian
226 972 5 98.5 1191.0 5.0 Pedestrian
227 984 5 117.5 1187.0 5.0 Pedestrian
228 996 5 133.5 1178.0 5.0 Pedestrian
229 1008 5 146.5 1170.0 5.0 Pedestrian
230 1020 5 159.5 1162.0 5.0 Pedestrian
231 1032 5 174.5 1158.0 5.0 Pedestrian
232 1044 5 189.5 1154.0 5.0 Pedestrian
233 1056 5 202.5 1147.0 5.0 Pedestrian
234 1068 5 217.5 1141.0 5.0 Pedestrian
235 1080 5 232.0 1135.0 5.0 Pedestrian
236 1092 5 245.0 1131.0 5.0 Pedestrian
237 1104 5 261.5 1127.0 5.0 Pedestrian
238 1116 5 278.5 1121.0 5.0 Pedestrian
239 1128 5 295.0 1116.0 5.0 Pedestrian
240 924 13 473.5 883.0 8.0 Pedestrian
241 936 13 481.5 875.0 8.0 Pedestrian
242 948 13 490.5 862.5 8.0 Pedestrian
243 960 13 499.5 854.0 8.0 Pedestrian
244 972 13 507.5 846.0 8.0 Pedestrian
245 984 13 514.5 834.0 8.0 Pedestrian
246 996 13 520.5 821.0 8.0 Pedestrian
247 1008 13 524.5 805.0 8.0 Pedestrian
248 1020 13 527.5 792.0 8.0 Pedestrian
249 1032 13 530.5 778.0 8.0 Pedestrian
250 1044 13 533.0 763.0 8.0 Pedestrian
251 1056 13 536.5 751.0 8.0 Pedestrian
252 1068 13 538.5 734.5 8.0 Pedestrian
253 1080 13 541.5 722.0 8.0 Pedestrian
254 1092 13 545.0 708.0 8.0 Pedestrian
255 1104 13 547.0 693.0 8.0 Pedestrian
256 1116 13 550.0 679.0 8.0 Pedestrian
257 1128 13 553.5 666.0 8.0 Pedestrian
258 1140 13 556.0 652.0 8.0 Pedestrian
259 1152 13 558.0 637.0 8.0 Pedestrian
260 1104 34 14.91 1147.14 31.0 Pedestrian
261 1116 34 14.96 1146.96 31.0 Pedestrian
262 1128 34 15.02 1146.78 31.0 Pedestrian
263 1140 34 15.07 1146.6 31.0 Pedestrian
264 1152 34 15.12 1146.42 31.0 Pedestrian
265 1164 34 15.18 1146.24 31.0 Pedestrian
266 1176 34 15.23 1146.06 31.0 Pedestrian
267 1188 34 15.29 1145.88 31.0 Pedestrian
268 1200 34 15.34 1145.7 31.0 Pedestrian
269 1212 34 15.39 1145.52 31.0 Pedestrian
270 1224 34 15.45 1145.34 31.0 Pedestrian
271 1236 34 15.5 1145.16 31.0 Pedestrian
272 1248 34 15.56 1144.98 31.0 Pedestrian
273 1260 34 15.61 1144.8 31.0 Pedestrian
274 1272 34 15.66 1144.62 31.0 Pedestrian
275 1284 34 15.72 1144.44 31.0 Pedestrian
276 1296 34 15.77 1144.26 31.0 Pedestrian
277 1308 34 15.82 1144.08 31.0 Pedestrian
278 1320 34 15.88 1143.9 31.0 Pedestrian
279 1332 34 15.93 1143.72 31.0 Pedestrian
280 1140 6 311.5 1110.0 5.0 Pedestrian
281 1152 6 330.5 1106.0 5.0 Pedestrian
282 1164 6 345.0 1102.0 5.0 Pedestrian
283 1176 6 359.5 1098.0 5.0 Pedestrian
284 1188 6 374.5 1094.0 5.0 Pedestrian
285 1200 6 389.5 1094.0 5.0 Pedestrian
286 1212 6 404.5 1090.0 5.0 Pedestrian
287 1224 6 419.5 1085.5 5.0 Pedestrian
288 1236 6 434.0 1081.0 5.0 Pedestrian
289 1248 6 450.5 1081.0 5.0 Pedestrian
290 1260 6 467.5 1077.0 5.0 Pedestrian
291 1272 6 482.5 1077.0 5.0 Pedestrian
292 1284 6 498.5 1077.0 5.0 Pedestrian
293 1296 6 515.5 1073.0 5.0 Pedestrian
294 1308 6 532.5 1073.0 5.0 Pedestrian
295 1320 6 547.0 1069.0 5.0 Pedestrian
296 1332 6 561.5 1065.0 5.0 Pedestrian
297 1344 6 578.5 1061.0 5.0 Pedestrian
298 1356 6 593.5 1056.5 5.0 Pedestrian
299 1368 6 608.5 1052.5 5.0 Pedestrian
300 1164 14 562.0 625.0 8.0 Pedestrian
301 1176 14 565.0 609.0 8.0 Pedestrian
302 1188 14 566.5 596.0 8.0 Pedestrian
303 1200 14 570.0 584.0 8.0 Pedestrian
304 1212 14 573.0 567.0 8.0 Pedestrian
305 1224 14 576.0 555.0 8.0 Pedestrian
306 1236 14 578.5 538.0 8.0 Pedestrian
307 1248 14 581.0 526.0 8.0 Pedestrian
308 1260 14 584.0 511.5 8.0 Pedestrian
309 1272 14 588.0 497.0 8.0 Pedestrian
310 1284 14 589.5 485.0 8.0 Pedestrian
311 1296 14 592.5 470.0 8.0 Pedestrian
312 1308 14 596.0 456.0 8.0 Pedestrian
313 1320 14 598.0 441.0 8.0 Pedestrian
314 1332 14 600.5 429.0 8.0 Pedestrian
315 1344 14 604.5 414.5 8.0 Pedestrian
316 1356 14 607.5 400.0 8.0 Pedestrian
317 1368 14 609.0 386.0 8.0 Pedestrian
318 1380 14 612.5 371.0 8.0 Pedestrian
319 1392 14 615.5 359.0 8.0 Pedestrian
320 1296 30 19.0 1174.0 30.0 Pedestrian
321 1308 30 34.0 1182.5 30.0 Pedestrian
322 1320 30 50.5 1191.0 30.0 Pedestrian
323 1332 30 61.5 1203.0 30.0 Pedestrian
324 1344 30 71.0 1215.5 30.0 Pedestrian
325 1356 30 80.0 1232.0 30.0 Pedestrian
326 1368 30 84.0 1236.0 30.0 Pedestrian
327 1380 30 84.0 1236.0 30.0 Pedestrian
328 1392 30 84.0 1236.0 30.0 Pedestrian
329 1404 30 84.0 1236.0 30.0 Pedestrian
330 1416 30 84.0 1236.0 30.0 Pedestrian
331 1428 30 84.0 1236.0 30.0 Pedestrian
332 1440 30 84.0 1236.0 30.0 Pedestrian
333 1452 30 84.0 1236.0 30.0 Pedestrian
334 1464 30 84.0 1236.0 30.0 Pedestrian
335 1476 30 84.0 1236.0 30.0 Pedestrian
336 1488 30 84.0 1236.0 30.0 Pedestrian
337 1500 30 84.0 1236.0 30.0 Pedestrian
338 1512 30 84.0 1236.0 30.0 Pedestrian
339 1524 30 84.0 1236.0 30.0 Pedestrian
340 1380 7 623.0 1052.5 5.0 Pedestrian
341 1392 7 639.5 1052.5 5.0 Pedestrian
342 1404 7 654.5 1052.5 5.0 Pedestrian
343 1416 7 671.5 1052.5 5.0 Pedestrian
344 1428 7 687.5 1052.5 5.0 Pedestrian
345 1440 7 702.5 1052.5 5.0 Pedestrian
346 1452 7 717.5 1056.5 5.0 Pedestrian
347 1464 7 732.5 1056.5 5.0 Pedestrian
348 1476 7 747.0 1056.5 5.0 Pedestrian
349 1488 7 762.0 1061.0 5.0 Pedestrian
350 1500 7 773.0 1061.0 5.0 Pedestrian
351 1512 7 783.0 1065.0 5.0 Pedestrian
352 1524 7 793.5 1071.0 5.0 Pedestrian
353 1536 7 804.5 1077.5 5.0 Pedestrian
354 1548 7 824.0 1081.5 5.0 Pedestrian
355 1560 7 846.5 1081.5 5.0 Pedestrian
356 1572 7 868.5 1081.5 5.0 Pedestrian
357 1584 7 887.0 1081.5 5.0 Pedestrian
358 1596 7 896.5 1093.5 5.0 Pedestrian
359 1608 7 905.5 1081.5 5.0 Pedestrian
360 1500 32 209.5 1032.0 32.0 Pedestrian
361 1512 32 196.5 1032.0 32.0 Pedestrian
362 1524 32 183.5 1034.0 32.0 Pedestrian
363 1536 32 169.5 1032.0 32.0 Pedestrian
364 1548 32 155.5 1032.0 32.0 Pedestrian
365 1560 32 140.5 1028.0 32.0 Pedestrian
366 1572 32 125.5 1028.0 32.0 Pedestrian
367 1584 32 112.5 1023.5 32.0 Pedestrian
368 1596 32 101.5 1023.5 32.0 Pedestrian
369 1608 32 90.5 1023.5 32.0 Pedestrian
370 1620 32 77.5 1023.5 32.0 Pedestrian
371 1632 32 62.5 1028.0 32.0 Pedestrian
372 1644 32 47.5 1032.0 32.0 Pedestrian
373 1656 32 35.5 1023.5 32.0 Pedestrian
374 1668 32 27.5 1007.0 32.0 Pedestrian
375 1680 32 19.0 990.5 32.0 Pedestrian
376 1692 32 19.0 986.0 32.0 Pedestrian
377 1704 32 19.0 986.0 32.0 Pedestrian
378 1716 32 19.0 982.0 32.0 Pedestrian
379 1728 32 19.0 982.0 32.0 Pedestrian
380 1500 37 1129.5 629.0 37.0 Pedestrian
381 1512 37 1128.5 627.0 37.0 Pedestrian
382 1524 37 1128.5 627.0 37.0 Pedestrian
383 1536 37 1128.5 625.0 37.0 Pedestrian
384 1548 37 1128.5 625.0 37.0 Pedestrian
385 1560 37 1128.5 625.0 37.0 Pedestrian
386 1572 37 1128.5 623.0 37.0 Pedestrian
387 1584 37 1128.5 623.0 37.0 Pedestrian
388 1596 37 1128.5 623.0 37.0 Pedestrian
389 1608 37 1128.5 621.0 37.0 Pedestrian
390 1620 37 1128.5 621.0 37.0 Pedestrian
391 1632 37 1126.5 621.0 37.0 Pedestrian
392 1644 37 1126.5 621.0 37.0 Pedestrian
393 1656 37 1126.5 621.0 37.0 Pedestrian
394 1668 37 1126.5 621.0 37.0 Pedestrian
395 1680 37 1126.5 621.0 37.0 Pedestrian
396 1692 37 1125.5 621.0 37.0 Pedestrian
397 1704 37 1125.5 621.0 37.0 Pedestrian
398 1716 37 1125.5 621.0 37.0 Pedestrian
399 1728 37 1125.5 621.0 37.0 Pedestrian
400 1620 8 920.5 1081.5 5.0 Pedestrian
401 1632 8 931.5 1065.0 5.0 Pedestrian
402 1644 8 942.5 1048.5 5.0 Pedestrian
403 1656 8 957.5 1040.0 5.0 Pedestrian
404 1668 8 976.0 1036.0 5.0 Pedestrian
405 1680 8 994.5 1031.5 5.0 Pedestrian
406 1692 8 1005.5 1019.5 5.0 Pedestrian
407 1704 8 1016.5 1011.0 5.0 Pedestrian
408 1716 8 1027.5 1003.0 5.0 Pedestrian
409 1728 8 1039.0 1003.0 5.0 Pedestrian
410 1740 8 1050.0 1003.0 5.0 Pedestrian
411 1752 8 1061.0 1003.0 5.0 Pedestrian
412 1764 8 1072.5 1003.0 5.0 Pedestrian
413 1776 8 1085.5 998.5 5.0 Pedestrian
414 1788 8 1100.0 994.5 5.0 Pedestrian
415 1800 8 1116.5 990.5 5.0 Pedestrian
416 1812 8 1131.5 986.5 5.0 Pedestrian
417 1824 8 1150.0 982.5 5.0 Pedestrian
418 1836 8 1166.5 982.5 5.0 Pedestrian
419 1848 8 1176.0 974.0 5.0 Pedestrian
420 1740 38 1125.5 621.0 37.0 Pedestrian
421 1752 38 1123.5 621.0 37.0 Pedestrian
422 1764 38 1123.5 621.0 37.0 Pedestrian
423 1776 38 1123.5 621.0 37.0 Pedestrian
424 1788 38 1123.5 621.0 37.0 Pedestrian
425 1800 38 1123.5 621.0 37.0 Pedestrian
426 1812 38 1121.5 621.0 37.0 Pedestrian
427 1824 38 1121.5 621.0 37.0 Pedestrian
428 1836 38 1121.5 621.0 37.0 Pedestrian
429 1848 38 1121.5 621.0 37.0 Pedestrian
430 1860 38 1121.5 621.0 37.0 Pedestrian
431 1872 38 1119.5 621.0 37.0 Pedestrian
432 1884 38 1119.5 621.0 37.0 Pedestrian
433 1896 38 1117.5 621.0 37.0 Pedestrian
434 1908 38 1117.5 621.0 37.0 Pedestrian
435 1920 38 1115.5 621.0 37.0 Pedestrian
436 1932 38 1115.5 621.0 37.0 Pedestrian
437 1944 38 1115.5 621.0 37.0 Pedestrian
438 1956 38 1115.5 621.0 37.0 Pedestrian
439 1968 38 1115.5 621.0 37.0 Pedestrian
440 1860 9 1190.5 970.0 5.0 Pedestrian
441 1872 9 1202.0 970.0 5.0 Pedestrian
442 1884 9 1187.0 986.5 5.0 Pedestrian
443 1896 9 1187.0 986.5 5.0 Pedestrian
444 1908 9 1187.0 986.5 5.0 Pedestrian
445 1920 9 1187.0 986.5 5.0 Pedestrian
446 1932 9 1187.0 986.5 5.0 Pedestrian
447 1944 9 1187.0 986.5 5.0 Pedestrian
448 1956 9 1187.0 986.5 5.0 Pedestrian
449 1968 9 1187.0 986.5 5.0 Pedestrian
450 1980 9 1187.0 986.5 5.0 Pedestrian
451 1992 9 1187.0 986.5 5.0 Pedestrian
452 2004 9 1186.5 982.5 5.0 Pedestrian
453 2016 9 1186.5 972.0 5.0 Pedestrian
454 2028 9 1187.0 965.5 5.0 Pedestrian
455 2040 9 1187.0 957.5 5.0 Pedestrian
456 2052 9 1188.0 947.5 5.0 Pedestrian
457 2064 9 1188.0 941.0 5.0 Pedestrian
458 2076 9 1189.0 930.5 5.0 Pedestrian
459 2088 9 1182.5 930.5 5.0 Pedestrian
460 1968 10 242.5 996.5 7.0 Pedestrian
461 1980 10 249.5 1000.5 7.0 Pedestrian
462 1992 10 270.0 1021.5 7.0 Pedestrian
463 2004 10 262.5 1011.5 7.0 Pedestrian
464 2016 10 270.5 1007.0 7.0 Pedestrian
465 2028 10 279.5 1001.0 7.0 Pedestrian
466 2040 10 286.5 999.0 7.0 Pedestrian
467 2052 10 291.0 988.0 7.0 Pedestrian
468 2064 10 287.0 1013.5 7.0 Pedestrian
469 2076 10 305.0 986.5 7.0 Pedestrian
470 2088 10 316.0 976.0 7.0 Pedestrian
471 2100 10 321.0 976.0 7.0 Pedestrian
472 2112 10 326.5 964.0 7.0 Pedestrian
473 2124 10 329.0 968.0 7.0 Pedestrian
474 2136 10 335.0 955.5 7.0 Pedestrian
475 2148 10 338.5 935.0 7.0 Pedestrian
476 2160 10 343.0 924.5 7.0 Pedestrian
477 2172 10 348.0 940.5 7.0 Pedestrian
478 2184 10 351.5 930.5 7.0 Pedestrian
479 2196 10 356.0 895.5 7.0 Pedestrian
