0.0000 0.0000 -9.7460 -14.0630
0.0000 9.0000 11.3380 21.3670
0.0000 7.0000 27.2540 21.6290
0.0000 1.0000 -7.5880 15.2840
0.0000 5.0000 27.1230 20.7350
0.0000 3.0000 28.1480 19.5580
12.0000 0.0000 -9.2660 -13.8450
12.0000 7.0000 27.2540 21.6290
12.0000 5.0000 27.1230 20.7350
12.0000 1.0000 -7.2170 15.4150
12.0000 9.0000 11.8170 21.4760
12.0000 3.0000 28.1480 19.5580
24.0000 7.0000 27.2540 21.6290
24.0000 5.0000 27.1230 20.7350
24.0000 3.0000 28.1480 19.5580
24.0000 9.0000 12.4060 21.5850
24.0000 0.0000 -8.7870 -13.5620
24.0000 1.0000 -6.8680 15.5020
36.0000 3.0000 28.1480 19.5580
36.0000 1.0000 -6.3880 15.6980
36.0000 9.0000 12.9080 21.6730
36.0000 7.0000 27.2540 21.6290
36.0000 5.0000 27.1230 20.7350
36.0000 0.0000 -8.3070 -13.3650
48.0000 1.0000 -6.0400 15.8070
48.0000 3.0000 28.1480 19.5580
48.0000 7.0000 27.2540 21.6290
48.0000 5.0000 27.1230 20.7350
48.0000 0.0000 -7.8270 -13.0600
48.0000 9.0000 13.4750 21.7820
60.0000 5.0000 27.1230 20.7350
60.0000 7.0000 27.2540 21.6290
60.0000 3.0000 28.1480 19.5580
60.0000 9.0000 14.0850 21.8690
60.0000 1.0000 -5.5600 15.9820
60.0000 0.0000 -7.2390 -12.7550
72.0000 5.0000 27.1230 20.7350
72.0000 9.0000 14.5650 21.9780
72.0000 0.0000 -6.7590 -12.5810
72.0000 7.0000 27.2540 21.6290
72.0000 3.0000 28.1480 19.5580
72.0000 1.0000 -5.1890 16.0910
84.0000 9.0000 15.1750 22.0650
84.0000 7.0000 27.2540 21.6290
84.0000 5.0000 27.1230 20.7350
84.0000 3.0000 28.1480 19.5580
84.0000 1.0000 -4.8190 16.2000
84.0000 0.0000 -6.2790 -12.2750
240.0000 6.0000 27.1230 20.7350
240.0000 8.0000 27.2540 21.6290
240.0000 4.0000 28.1480 19.5580
240.0000 2.0000 0.5890 17.8570
252.0000 6.0000 27.1230 20.7350
252.0000 2.0000 0.9380 18.0750
252.0000 8.0000 27.2540 21.6290
252.0000 4.0000 28.1480 19.5580
264.0000 6.0000 27.1230 20.7350
264.0000 4.0000 28.1480 19.5580
264.0000 2.0000 1.4170 18.1620
264.0000 8.0000 27.2540 21.6290
276.0000 2.0000 1.7660 18.2490
276.0000 4.0000 28.1480 19.5580
276.0000 6.0000 27.1230 20.7350
276.0000 8.0000 27.2540 21.6290
288.0000 8.0000 27.2540 21.6290
