0.0000 118.0000 -23.0990 23.8570
0.0000 122.0000 -16.6130 22.5300
0.0000 127.0000 5.4620 25.7920
0.0000 129.0000 -9.3870 27.5750
0.0000 120.0000 -16.6700 21.4490
0.0000 132.0000 -0.5500 28.2570
0.0000 124.0000 -22.6060 16.8600
0.0000 135.0000 -25.6970 27.1000
12.0000 124.0000 -22.6820 16.7840
12.0000 129.0000 -8.9700 27.4040
12.0000 135.0000 -24.8630 27.1000
12.0000 127.0000 4.8550 25.6400
12.0000 118.0000 -23.5920 23.6870
12.0000 122.0000 -17.1060 22.3780
12.0000 132.0000 -0.3600 28.2570
12.0000 120.0000 -17.1630 21.2970
24.0000 132.0000 -0.0570 28.2570
24.0000 127.0000 4.2860 25.6400
24.0000 135.0000 -24.0090 27.1000
24.0000 124.0000 -22.6820 16.7840
24.0000 129.0000 -8.4770 27.4040
24.0000 120.0000 -17.6180 21.1270
24.0000 122.0000 -17.5990 22.3780
24.0000 118.0000 -24.0850 23.5160
36.0000 129.0000 -7.9840 27.3280
36.0000 120.0000 -18.0730 21.0510
36.0000 122.0000 -18.0160 22.3780
36.0000 135.0000 -23.1180 27.1000
36.0000 124.0000 -22.6820 16.7840
36.0000 132.0000 0.2090 28.3330
36.0000 118.0000 -24.5590 23.3640
36.0000 127.0000 3.7170 25.6400
48.0000 127.0000 3.1480 25.6400
48.0000 120.0000 -18.5280 20.8990
48.0000 122.0000 -18.5090 22.2080
48.0000 129.0000 -7.4910 27.3280
48.0000 118.0000 -24.9950 23.2890
48.0000 124.0000 -22.7390 16.7840
48.0000 135.0000 -22.2830 27.1760
48.0000 132.0000 0.5120 28.4090
60.0000 118.0000 -25.4690 23.2890
60.0000 129.0000 -6.9980 27.2520
60.0000 135.0000 -21.4110 27.1760
60.0000 122.0000 -18.9270 22.2080
60.0000 132.0000 0.7780 28.4850
60.0000 127.0000 2.5980 25.6400
60.0000 120.0000 -18.9840 20.8040
60.0000 124.0000 -22.7390 16.7840
72.0000 129.0000 -6.5050 27.1760
72.0000 126.0000 -21.9800 17.6370
72.0000 118.0000 -25.9250 23.4400
72.0000 127.0000 2.0480 25.6400
72.0000 120.0000 -19.4580 20.6520
72.0000 132.0000 1.0430 28.4850
72.0000 135.0000 -20.5770 27.1760
72.0000 122.0000 -19.4200 22.2080
72.0000 124.0000 -22.7390 16.7840
84.0000 127.0000 1.4790 25.6400
84.0000 135.0000 -19.6660 27.1760
84.0000 122.0000 -19.8750 22.2080
84.0000 126.0000 -21.9800 17.6370
84.0000 124.0000 -22.7390 16.7840
84.0000 132.0000 1.3460 28.4850
84.0000 118.0000 -26.3040 23.4400
84.0000 129.0000 -6.0880 27.1760
84.0000 120.0000 -19.9320 20.6520
96.0000 126.0000 -21.9800 17.6370
108.0000 126.0000 -22.0560 17.4850
120.0000 126.0000 -22.0560 17.4850
132.0000 126.0000 -22.1130 17.3340
144.0000 126.0000 -22.1130 17.3340
156.0000 126.0000 -22.1130 17.1820
240.0000 125.0000 -24.0090 15.8540
240.0000 128.0000 -6.2960 25.6400
240.0000 121.0000 -25.5450 20.8040
240.0000 130.0000 1.0240 27.3280
240.0000 123.0000 -25.4130 22.0560
240.0000 136.0000 -8.7240 27.0060
240.0000 119.0000 -26.4180 23.4400
240.0000 133.0000 5.1390 28.2570
252.0000 130.0000 1.5360 27.3280
252.0000 133.0000 5.4050 28.2570
252.0000 128.0000 -6.9410 25.6400
252.0000 125.0000 -24.1420 15.7030
252.0000 123.0000 -25.8680 22.0560
252.0000 136.0000 -7.9460 27.0060
252.0000 119.0000 -26.4180 23.4400
252.0000 121.0000 -26.0000 20.8040
264.0000 119.0000 -26.4180 23.4400
264.0000 133.0000 5.6140 28.2570
264.0000 123.0000 -26.2850 22.2080
264.0000 130.0000 2.0670 27.3280
264.0000 136.0000 -7.1880 27.0060
264.0000 128.0000 -7.5100 25.6400
264.0000 121.0000 -26.3230 20.8040
264.0000 125.0000 -24.1420 15.7030
276.0000 133.0000 5.8220 28.1060
276.0000 119.0000 -26.4180 23.4400
276.0000 136.0000 -6.4100 27.0060
276.0000 130.0000 2.6360 27.3280
276.0000 128.0000 -8.0410 25.4690
276.0000 125.0000 -24.1420 15.7030
276.0000 121.0000 -26.4560 20.9750
276.0000 123.0000 -26.4560 22.3780
288.0000 133.0000 6.0500 28.1060
288.0000 121.0000 -26.2160 20.9630
288.0000 128.0000 -8.6100 25.4690
288.0000 119.0000 -26.4180 23.4400
288.0000 136.0000 -5.5570 27.0060
288.0000 123.0000 -26.4560 22.3780
288.0000 130.0000 3.1290 27.3280
288.0000 125.0000 -24.1420 15.7030
300.0000 125.0000 -24.1420 15.7030
300.0000 133.0000 6.2390 27.9540
300.0000 121.0000 -25.8960 20.9480
300.0000 130.0000 3.6790 27.3280
300.0000 119.0000 -26.4180 23.4400
300.0000 128.0000 -9.1790 25.3180
300.0000 136.0000 -4.7980 27.1760
300.0000 123.0000 -26.1490 22.3710
312.0000 121.0000 -25.5760 20.9330
312.0000 130.0000 4.1720 27.1760
312.0000 119.0000 -26.4180 23.4400
312.0000 128.0000 -9.7480 25.1470
312.0000 136.0000 -3.9640 27.1760
312.0000 125.0000 -24.1420 15.7030
312.0000 133.0000 6.4670 27.8020
312.0000 123.0000 -25.8140 22.3620
324.0000 136.0000 -3.1860 27.1760
324.0000 121.0000 -25.2570 20.9170
324.0000 133.0000 6.6570 27.8020
324.0000 130.0000 4.7410 27.1760
324.0000 128.0000 -10.3170 25.1470
324.0000 119.0000 -26.4180 23.4400
324.0000 125.0000 -24.1420 15.7030
324.0000 123.0000 -25.4790 22.3540
348.0000 137.0000 22.7950 17.1820
348.0000 201.0000 22.4350 24.9190
348.0000 206.0000 22.2260 27.9540
360.0000 137.0000 22.7950 17.4850
360.0000 201.0000 21.9800 24.9190
360.0000 206.0000 21.9230 27.3470
372.0000 137.0000 22.7950 17.9590
372.0000 201.0000 21.7900 24.9190
372.0000 206.0000 21.7710 27.1760
384.0000 206.0000 21.6390 27.1000
384.0000 137.0000 22.7950 18.4150
384.0000 201.0000 21.4870 24.9190
396.0000 206.0000 21.4300 26.9300
396.0000 137.0000 22.7950 19.0400
396.0000 201.0000 21.2970 24.9190
408.0000 201.0000 20.8990 24.9190
408.0000 137.0000 22.7950 19.4960
408.0000 206.0000 21.0890 26.7780
420.0000 201.0000 20.4060 24.9190
420.0000 137.0000 22.5490 19.6660
420.0000 206.0000 20.5960 26.7780
420.0000 192.0000 22.9850 20.8230
432.0000 201.0000 19.9130 24.8440
432.0000 137.0000 22.1890 19.8180
432.0000 206.0000 20.1020 26.7020
432.0000 192.0000 22.5490 20.9750
444.0000 192.0000 22.1890 21.1270
456.0000 192.0000 21.8470 21.4490
468.0000 192.0000 21.5060 21.7520
480.0000 192.0000 21.1460 21.9040
480.0000 131.0000 12.2320 27.4990
480.0000 134.0000 10.1080 28.4090
492.0000 192.0000 20.7850 22.0560
492.0000 131.0000 12.6680 27.6500
492.0000 134.0000 10.4490 28.4090
504.0000 192.0000 20.3300 22.0560
504.0000 131.0000 13.1230 27.7260
504.0000 197.0000 20.8800 23.8380
504.0000 134.0000 10.7340 28.4090
516.0000 197.0000 20.4440 23.8380
516.0000 134.0000 11.1320 28.5610
516.0000 131.0000 13.6170 27.6500
528.0000 197.0000 20.0830 23.8380
528.0000 134.0000 11.5120 28.7120
528.0000 171.0000 -5.9170 52.2850
528.0000 282.0000 -26.4180 28.4090
528.0000 131.0000 14.0910 27.5560
540.0000 131.0000 14.6980 27.6310
540.0000 134.0000 11.8530 28.8640
540.0000 171.0000 -5.6320 51.9820
540.0000 282.0000 -25.9440 27.9540
540.0000 197.0000 19.7420 23.8380
552.0000 131.0000 15.2660 27.8020
552.0000 282.0000 -25.2990 27.9540
552.0000 134.0000 12.2320 28.8830
552.0000 197.0000 19.3250 23.8380
552.0000 171.0000 -5.2910 51.6780
564.0000 282.0000 -24.6730 27.9540
564.0000 171.0000 -5.0070 51.2040
564.0000 197.0000 18.9840 23.8380
564.0000 134.0000 12.5920 28.8830
564.0000 131.0000 15.8160 27.9540
576.0000 171.0000 -4.7220 50.8820
576.0000 197.0000 18.5660 23.8380
576.0000 282.0000 -24.0470 27.9540
588.0000 202.0000 14.2990 24.0090
588.0000 197.0000 18.1300 23.8380
588.0000 138.0000 17.8080 21.9800
588.0000 282.0000 -23.4210 27.8020
588.0000 207.0000 14.5840 25.8680
588.0000 171.0000 -4.3810 50.4270
600.0000 282.0000 -22.7200 27.8020
600.0000 202.0000 13.7490 24.0090
600.0000 171.0000 -4.0200 50.1230
600.0000 138.0000 17.3910 21.9800
600.0000 207.0000 14.1670 25.8680
612.0000 207.0000 13.6730 26.0190
612.0000 171.0000 -3.6790 49.6680
612.0000 282.0000 -22.0750 27.8020
612.0000 202.0000 13.2560 24.1610
612.0000 138.0000 16.9730 21.9800
624.0000 138.0000 16.5560 21.9800
624.0000 202.0000 12.7060 24.1610
624.0000 207.0000 13.2560 26.1710
636.0000 138.0000 16.1390 21.9800
636.0000 207.0000 12.8390 26.1710
636.0000 202.0000 12.3460 24.3130
648.0000 138.0000 15.7970 21.9800
648.0000 202.0000 11.9100 24.3130
648.0000 207.0000 12.3460 26.3230
660.0000 202.0000 11.5680 24.3130
660.0000 193.0000 15.3800 23.0040
660.0000 138.0000 15.3420 21.9800
660.0000 207.0000 11.9290 26.3230
672.0000 193.0000 14.9630 23.1560
672.0000 207.0000 11.4360 26.4750
672.0000 138.0000 15.0010 21.9800
672.0000 202.0000 11.1510 24.3130
684.0000 193.0000 14.4700 23.1560
696.0000 193.0000 13.9960 23.1560
708.0000 193.0000 13.5030 23.1560
708.0000 211.0000 22.7580 25.0900
720.0000 193.0000 13.0100 23.1560
720.0000 211.0000 22.3400 25.0900
732.0000 193.0000 12.5360 23.1560
732.0000 211.0000 21.9230 25.0900
744.0000 193.0000 12.0430 23.1560
744.0000 211.0000 21.5060 25.0900
744.0000 198.0000 12.1560 24.1420
756.0000 198.0000 11.6250 24.1420
756.0000 211.0000 21.1460 25.0900
768.0000 172.0000 0.9480 44.3960
768.0000 283.0000 -13.6730 27.8020
768.0000 198.0000 11.0560 24.1420
768.0000 211.0000 20.7280 25.0900
780.0000 172.0000 1.3090 44.0740
780.0000 211.0000 20.3110 25.0900
780.0000 198.0000 10.5630 24.1420
780.0000 283.0000 -13.0290 27.8020
792.0000 172.0000 1.6500 43.6000
792.0000 211.0000 19.8750 25.0900
792.0000 198.0000 9.9940 24.1420
792.0000 283.0000 -12.4030 27.8020
804.0000 198.0000 9.4250 23.9900
804.0000 172.0000 1.9910 43.2960
804.0000 283.0000 -11.7770 27.8020
816.0000 198.0000 8.9320 23.8380
816.0000 172.0000 2.3520 42.9930
816.0000 283.0000 -11.0750 27.9540
828.0000 208.0000 5.8220 26.9300
828.0000 283.0000 -10.4490 27.9540
828.0000 203.0000 5.2720 25.0710
828.0000 172.0000 2.7120 42.5380
828.0000 198.0000 8.3820 23.8380
840.0000 172.0000 3.0530 42.2150
840.0000 283.0000 -9.8050 27.9540
840.0000 203.0000 4.7790 25.0710
840.0000 208.0000 5.2530 26.9300
852.0000 283.0000 -9.1790 27.9540
852.0000 203.0000 4.3620 24.9190
852.0000 172.0000 3.3950 41.7410
852.0000 208.0000 4.6840 26.9300
864.0000 203.0000 3.8690 24.9190
864.0000 208.0000 4.2290 26.9300
864.0000 98.0000 22.6820 20.6710
876.0000 203.0000 3.4520 24.9190
876.0000 98.0000 22.1890 20.6710
876.0000 208.0000 3.6600 26.9300
888.0000 208.0000 3.0910 26.9300
888.0000 98.0000 21.6950 20.6710
888.0000 203.0000 2.9960 24.9190
900.0000 208.0000 2.5980 26.9300
900.0000 203.0000 2.5600 24.9190
900.0000 98.0000 21.2210 20.8230
900.0000 194.0000 5.5950 22.1320
912.0000 208.0000 2.1810 26.9300
912.0000 203.0000 2.1430 24.9190
912.0000 98.0000 20.7280 20.8230
912.0000 194.0000 4.9880 22.1320
924.0000 98.0000 20.2350 20.8230
924.0000 194.0000 4.4950 22.1320
936.0000 194.0000 4.0020 22.1320
936.0000 98.0000 19.6660 20.8230
948.0000 194.0000 3.5080 22.1320
948.0000 212.0000 15.1150 28.6550
948.0000 98.0000 19.0400 20.8230
960.0000 194.0000 3.0150 22.1320
960.0000 212.0000 14.8300 28.9590
972.0000 194.0000 2.5980 22.2830
972.0000 212.0000 14.5650 29.2620
984.0000 178.0000 14.2800 52.0580
984.0000 194.0000 2.1810 22.4350
984.0000 212.0000 14.2040 29.7360
984.0000 214.0000 13.3700 52.0580
984.0000 199.0000 2.0670 23.8380
984.0000 184.0000 15.3990 51.9820
996.0000 199.0000 1.5360 23.8380
996.0000 184.0000 15.3990 51.8300
996.0000 214.0000 13.3700 52.1340
996.0000 178.0000 14.2800 51.9060
996.0000 212.0000 14.0720 30.0590
1008.0000 284.0000 -0.5120 28.5800
1008.0000 199.0000 1.0240 23.6870
1008.0000 212.0000 13.9200 30.4380
1008.0000 173.0000 8.3250 36.2410
1008.0000 184.0000 15.3990 51.5080
1008.0000 178.0000 14.2800 51.6030
1008.0000 214.0000 13.4270 51.8300
1020.0000 178.0000 14.2990 51.3560
1020.0000 212.0000 13.7490 30.8930
1020.0000 184.0000 15.3990 51.1290
1020.0000 199.0000 0.5120 23.6870
1020.0000 173.0000 8.7050 35.9380
1020.0000 214.0000 13.4650 51.4320
1020.0000 284.0000 0.1140 28.5800
1032.0000 214.0000 13.5030 51.1290
1032.0000 173.0000 9.0840 35.5400
1032.0000 284.0000 0.7400 28.5800
1032.0000 199.0000 -0.0190 23.6870
1032.0000 178.0000 14.2990 50.9770
1032.0000 184.0000 15.3990 50.8250
1032.0000 212.0000 13.5600 31.3670
1044.0000 284.0000 1.4220 28.5800
1044.0000 184.0000 15.3990 50.4270
1044.0000 214.0000 13.5790 50.7300
1044.0000 174.0000 22.5490 22.9850
1044.0000 199.0000 -0.5500 23.6870
1044.0000 173.0000 9.4060 35.1600
1044.0000 178.0000 14.3370 50.6540
1056.0000 284.0000 1.9910 28.5800
1056.0000 173.0000 9.7860 34.7810
1056.0000 199.0000 -1.0810 23.6870
1056.0000 214.0000 13.6170 50.4270
1056.0000 184.0000 15.4180 50.1230
1056.0000 174.0000 21.9800 22.9850
1056.0000 178.0000 14.4130 50.2750
1068.0000 284.0000 2.6360 28.5800
1068.0000 174.0000 21.4300 22.9850
1068.0000 209.0000 -3.1670 26.8540
1068.0000 204.0000 -3.6410 24.9190
1068.0000 178.0000 14.4130 50.0480
1068.0000 173.0000 10.1650 34.3830
1068.0000 214.0000 13.6360 50.0480
1068.0000 199.0000 -1.6120 23.6870
1068.0000 184.0000 15.4180 49.7440
1080.0000 204.0000 -4.0580 24.9950
1080.0000 209.0000 -3.5840 26.8540
1080.0000 173.0000 10.5440 34.0600
1080.0000 284.0000 3.2810 28.5800
1080.0000 174.0000 20.8990 22.9850
1092.0000 284.0000 3.9260 28.5800
1092.0000 173.0000 10.9050 33.6810
1092.0000 209.0000 -4.0020 26.7780
1092.0000 204.0000 -4.4760 24.9950
1092.0000 174.0000 20.3490 22.9850
1104.0000 99.0000 11.7770 20.5960
1104.0000 209.0000 -4.4950 26.7780
1104.0000 204.0000 -4.9120 24.9950
1104.0000 174.0000 19.7800 22.9850
1116.0000 204.0000 -5.3290 24.9950
1116.0000 209.0000 -4.9120 26.7780
1116.0000 174.0000 19.2490 22.9850
1116.0000 99.0000 11.2080 20.5960
1128.0000 99.0000 10.6010 20.5960
1128.0000 174.0000 18.6800 22.9850
1128.0000 209.0000 -5.3290 26.8540
1128.0000 204.0000 -5.7460 24.9950
1140.0000 204.0000 -6.1630 24.9950
1140.0000 195.0000 -4.4190 22.2080
1140.0000 209.0000 -5.7460 26.8540
1140.0000 99.0000 10.0320 20.5960
1152.0000 195.0000 -4.9120 22.2080
1152.0000 99.0000 9.3870 20.5960
1152.0000 204.0000 -6.5810 25.0900
1152.0000 209.0000 -6.2390 26.8540
1164.0000 99.0000 8.8560 20.5960
1164.0000 195.0000 -5.4620 22.2080
1176.0000 99.0000 8.2120 20.5960
1176.0000 195.0000 -5.9930 22.1320
1188.0000 99.0000 7.6430 20.5960
1188.0000 195.0000 -6.5050 22.1320
1188.0000 213.0000 12.3840 37.7210
1200.0000 195.0000 -7.0360 22.1320
1200.0000 213.0000 12.3840 38.1950
1212.0000 195.0000 -7.6050 22.1320
1212.0000 213.0000 12.3460 38.6500
1224.0000 185.0000 15.5700 44.1690
1224.0000 215.0000 13.8060 44.2440
1224.0000 179.0000 14.4890 44.4720
1224.0000 200.0000 -8.4390 23.3830
1224.0000 213.0000 12.3460 39.0290
1224.0000 195.0000 -8.0980 22.0560
1236.0000 179.0000 14.4890 43.9980
1236.0000 215.0000 13.8060 43.7510
1236.0000 200.0000 -8.9700 23.3830
1236.0000 185.0000 15.5700 43.8270
1236.0000 213.0000 12.3080 39.5030
1248.0000 285.0000 12.1750 28.5800
1248.0000 179.0000 14.4890 43.5240
1248.0000 215.0000 13.8060 43.2960
1248.0000 185.0000 15.5700 43.3720
1248.0000 200.0000 -9.5010 23.3830
1248.0000 213.0000 12.3080 39.9770
1260.0000 285.0000 12.7630 28.5800
1260.0000 215.0000 13.8060 42.8410
1260.0000 200.0000 -10.0320 23.3070
1260.0000 179.0000 14.4890 43.0690
1260.0000 185.0000 15.5700 42.9170
1260.0000 213.0000 12.3080 40.4320
1272.0000 285.0000 13.3890 28.5800
1272.0000 185.0000 15.5700 42.4620
1272.0000 200.0000 -10.5440 23.3070
1272.0000 213.0000 12.2700 40.8880
1272.0000 215.0000 13.8060 42.3860
1272.0000 179.0000 14.4890 42.6130
1284.0000 215.0000 13.7490 41.8930
1284.0000 285.0000 14.0340 28.5800
1284.0000 179.0000 14.4130 42.2910
1284.0000 175.0000 11.5120 22.9850
1284.0000 200.0000 -11.0560 23.3070
1284.0000 185.0000 15.5700 41.9690
1296.0000 185.0000 15.5700 41.5130
1296.0000 200.0000 -11.5870 23.2320
1296.0000 215.0000 13.7490 41.4380
1296.0000 175.0000 10.9430 22.9850
1296.0000 179.0000 14.4130 41.8170
1296.0000 285.0000 14.6980 28.5800
1308.0000 210.0000 -11.9290 26.7780
1308.0000 285.0000 15.2850 28.5800
1308.0000 185.0000 15.5700 41.0580
1308.0000 175.0000 10.3550 22.9850
1308.0000 200.0000 -12.1180 23.2320
1308.0000 179.0000 14.4130 41.3620
1308.0000 215.0000 13.7490 40.9820
1308.0000 205.0000 -12.0430 25.2420
1320.0000 205.0000 -12.4790 25.2420
1320.0000 210.0000 -12.3460 26.7780
1320.0000 175.0000 9.8240 22.9850
1320.0000 285.0000 15.9110 28.5800
1332.0000 175.0000 9.2550 22.9090
1332.0000 210.0000 -12.7630 26.7780
1332.0000 285.0000 16.5940 28.5800
1332.0000 205.0000 -12.8960 25.2420
1344.0000 210.0000 -13.1800 26.7020
1344.0000 175.0000 8.6860 22.9090
1344.0000 205.0000 -13.3130 25.2420
1344.0000 100.0000 -0.0570 20.3490
1356.0000 100.0000 -0.6260 20.3490
1356.0000 175.0000 8.1360 22.9090
1356.0000 210.0000 -13.6730 26.7020
1356.0000 205.0000 -13.7490 25.2420
1368.0000 205.0000 -14.1670 25.3180
1368.0000 100.0000 -1.1950 20.3490
1368.0000 175.0000 7.5860 22.9090
1368.0000 210.0000 -14.0910 26.7020
1380.0000 100.0000 -1.8210 20.3490
1380.0000 196.0000 -15.0390 21.7520
1380.0000 210.0000 -14.5080 26.7970
1380.0000 205.0000 -14.5840 25.3180
1392.0000 210.0000 -14.9250 26.7970
1392.0000 205.0000 -15.0010 25.3180
1392.0000 100.0000 -2.3710 20.1970
1392.0000 196.0000 -15.5510 21.6770
1404.0000 100.0000 -3.0150 20.1970
1404.0000 196.0000 -16.0820 21.6770
1416.0000 100.0000 -3.5650 20.1970
1416.0000 196.0000 -16.6130 21.6770
1428.0000 196.0000 -17.1820 21.6770
1428.0000 100.0000 -4.1910 20.1970
1440.0000 196.0000 -17.6750 21.6770
1452.0000 196.0000 -18.2250 21.6010
1464.0000 196.0000 -18.7370 21.6010
1464.0000 180.0000 14.2610 35.3310
1464.0000 216.0000 13.3890 34.9140
1464.0000 186.0000 15.3040 34.9900
1476.0000 186.0000 15.3040 34.5350
1476.0000 180.0000 14.2610 34.8380
1476.0000 216.0000 13.3890 34.4590
1488.0000 216.0000 13.3890 34.0030
1488.0000 186.0000 15.3040 34.0790
1488.0000 180.0000 14.2610 34.3070
1500.0000 186.0000 15.3040 33.7760
1500.0000 180.0000 14.2610 33.9280
1500.0000 216.0000 13.3890 33.5480
1512.0000 186.0000 15.4370 33.1310
1512.0000 180.0000 14.3370 33.3780
1512.0000 216.0000 13.4650 32.9790
1524.0000 180.0000 14.3370 32.8280
1524.0000 186.0000 15.6080 32.5240
1524.0000 216.0000 13.6170 32.4480
1524.0000 176.0000 0.0760 22.8330
1536.0000 176.0000 -0.5880 23.1370
1536.0000 216.0000 13.6170 32.1260
1536.0000 180.0000 14.2610 32.5240
1536.0000 186.0000 15.6080 32.2210
1548.0000 216.0000 13.6170 31.6710
1548.0000 180.0000 14.2040 32.2210
1548.0000 186.0000 15.4750 31.8980
1548.0000 176.0000 -1.0810 22.8330
1560.0000 176.0000 -1.5740 22.5300
1560.0000 55.0000 -26.0760 24.1610
1572.0000 176.0000 -2.0670 22.2260
1572.0000 55.0000 -25.7920 23.8380
1584.0000 176.0000 -2.6170 22.0750
1584.0000 101.0000 -12.0240 20.1970
1584.0000 55.0000 -25.0330 24.0090
1596.0000 55.0000 -24.2750 23.8380
1596.0000 101.0000 -12.5740 20.3490
1596.0000 176.0000 -3.3380 22.0750
1608.0000 55.0000 -23.6680 23.7630
1608.0000 101.0000 -13.2180 20.3490
1608.0000 176.0000 -4.0960 22.0750
1620.0000 55.0000 -23.1750 24.2180
1620.0000 101.0000 -13.7110 20.3490
1632.0000 55.0000 -22.6820 23.9140
1632.0000 101.0000 -14.0530 20.3490
1644.0000 55.0000 -22.1890 23.6110
1644.0000 101.0000 -14.5460 20.3490
1656.0000 101.0000 -15.2480 20.3490
1668.0000 101.0000 -15.9490 20.5200
1704.0000 187.0000 14.4890 27.5560
1704.0000 181.0000 13.6550 27.8780
1704.0000 217.0000 13.0480 28.1060
1716.0000 217.0000 13.0480 27.9540
1716.0000 187.0000 14.4890 27.5560
1716.0000 181.0000 13.5790 27.8780
1728.0000 181.0000 13.5790 27.7260
1728.0000 217.0000 13.0480 27.9540
1728.0000 187.0000 14.4130 27.5560
1740.0000 181.0000 13.5790 27.7260
1740.0000 217.0000 13.0480 27.9540
1740.0000 187.0000 14.4130 27.4040
1752.0000 217.0000 13.0480 27.9540
1752.0000 187.0000 14.4130 27.4040
1752.0000 181.0000 13.5030 27.7260
1764.0000 187.0000 14.3370 27.4040
1764.0000 181.0000 13.5030 27.7260
1764.0000 217.0000 13.0480 27.9540
1764.0000 177.0000 -10.9620 22.2260
1776.0000 187.0000 14.3370 27.2520
1776.0000 181.0000 13.5030 27.7260
1776.0000 217.0000 13.0480 27.9540
1776.0000 177.0000 -11.6820 22.2260
1788.0000 187.0000 14.2800 27.2520
1788.0000 181.0000 13.5030 27.5750
1788.0000 217.0000 13.0480 27.9540
1788.0000 177.0000 -12.2320 22.0750
1800.0000 56.0000 -13.6170 24.0660
1800.0000 177.0000 -12.7820 21.9040
1812.0000 177.0000 -13.3510 21.9040
1812.0000 56.0000 -12.7820 24.2180
1824.0000 177.0000 -13.8440 21.9040
1824.0000 56.0000 -12.2510 24.1420
1836.0000 177.0000 -14.3370 21.9040
1836.0000 56.0000 -11.7770 24.0660
1848.0000 177.0000 -14.9060 21.9040
1848.0000 56.0000 -11.2270 23.8380
1860.0000 56.0000 -10.5060 23.8380
1872.0000 56.0000 -10.0130 23.9900
1884.0000 56.0000 -9.4630 23.9900
1944.0000 182.0000 13.4270 27.5750
1944.0000 188.0000 14.2040 27.1000
1956.0000 182.0000 13.4270 27.5750
1956.0000 188.0000 14.2040 27.1000
1968.0000 182.0000 13.4270 27.5750
1968.0000 188.0000 14.2040 27.1000
1980.0000 182.0000 13.4270 27.5750
1980.0000 188.0000 14.2040 27.1000
1992.0000 182.0000 13.4270 27.5750
1992.0000 188.0000 14.2040 27.1000
2004.0000 190.0000 15.4370 27.9540
2004.0000 188.0000 14.1290 26.9490
2004.0000 110.0000 5.0830 18.2630
2004.0000 182.0000 13.3510 27.5750
2016.0000 182.0000 13.2750 27.7260
2016.0000 188.0000 14.1290 26.9490
2016.0000 110.0000 5.0830 18.2630
2016.0000 190.0000 15.2100 27.9540
2028.0000 188.0000 14.0720 26.8730
2028.0000 110.0000 5.0830 18.2630
2028.0000 190.0000 14.9440 27.9540
2028.0000 182.0000 13.1610 27.8020
2040.0000 190.0000 14.6600 27.9540
2040.0000 57.0000 -0.9480 24.5400
2040.0000 110.0000 5.0830 18.2630
2052.0000 57.0000 -0.2840 24.5400
2052.0000 110.0000 5.0830 18.2630
2052.0000 190.0000 14.4510 27.9540
2064.0000 190.0000 14.1670 27.9540
2064.0000 57.0000 0.4170 24.6160
2064.0000 110.0000 5.0830 18.2630
2076.0000 57.0000 1.1190 24.6160
2076.0000 190.0000 13.8820 28.1060
2076.0000 110.0000 5.0830 18.2630
2088.0000 110.0000 5.0830 18.2630
2088.0000 57.0000 1.7640 24.6160
2088.0000 190.0000 13.6730 28.1060
2100.0000 57.0000 2.4650 24.6920
2112.0000 57.0000 3.1670 24.6920
2124.0000 57.0000 3.8310 24.7680
2184.0000 183.0000 10.5440 29.2810
2184.0000 189.0000 11.5300 26.3990
2196.0000 189.0000 11.0560 26.2470
2196.0000 183.0000 10.2030 29.2810
2208.0000 183.0000 9.7860 29.1110
2208.0000 189.0000 10.6200 26.2470
2220.0000 183.0000 9.3690 28.9590
2220.0000 189.0000 10.1270 26.0950
2232.0000 183.0000 8.9510 28.8070
2232.0000 189.0000 9.6530 26.0950
2244.0000 189.0000 9.1600 25.9440
2244.0000 111.0000 5.0830 18.2630
2244.0000 183.0000 8.5340 28.4850
2244.0000 191.0000 9.5390 27.4800
2256.0000 183.0000 8.1170 28.3330
2256.0000 189.0000 8.7430 25.7920
2256.0000 111.0000 5.0830 18.2630
2256.0000 191.0000 9.1220 27.3280
2268.0000 191.0000 8.6290 27.1760
2268.0000 189.0000 8.2500 25.7920
2268.0000 111.0000 5.0830 18.2630
2268.0000 183.0000 7.7000 28.1810
2280.0000 58.0000 12.6490 25.2420
2280.0000 111.0000 5.0830 18.2630
2280.0000 191.0000 8.2120 27.0250
2292.0000 111.0000 5.0830 18.2630
2292.0000 58.0000 13.3700 25.3940
2292.0000 191.0000 7.7190 26.7020
2304.0000 58.0000 13.8630 25.3940
2304.0000 191.0000 7.2260 26.7020
2304.0000 111.0000 5.0830 18.2630
2316.0000 191.0000 6.6760 26.7020
2316.0000 111.0000 5.0830 18.2630
2316.0000 58.0000 14.3560 25.3940
2328.0000 191.0000 6.1820 26.7020
2328.0000 111.0000 5.0830 18.2630
2328.0000 58.0000 14.9060 25.5450
2340.0000 58.0000 15.3990 25.5450
2352.0000 58.0000 15.9110 25.6970
2364.0000 58.0000 16.4420 25.6970
2376.0000 59.0000 22.3590 16.7840
2388.0000 59.0000 21.8660 16.4800
2400.0000 59.0000 21.3350 16.1580
2412.0000 59.0000 20.8420 15.8540
2424.0000 59.0000 20.3490 15.5510
2436.0000 59.0000 19.8560 15.3990
2448.0000 59.0000 19.2870 15.0960
2460.0000 59.0000 18.7940 14.7730
2556.0000 53.0000 -4.0960 26.0000
2556.0000 62.0000 -4.3050 24.3880
2556.0000 64.0000 -4.6270 26.7020
2568.0000 64.0000 -5.1200 26.7020
2568.0000 53.0000 -4.5890 26.0000
2568.0000 62.0000 -4.7980 24.5400
2580.0000 53.0000 -5.0450 26.0000
2580.0000 64.0000 -5.6140 26.7020
2580.0000 62.0000 -5.2720 24.5400
2592.0000 64.0000 -6.0310 26.7020
2592.0000 62.0000 -5.7080 24.6920
2592.0000 53.0000 -5.5380 26.0000
2604.0000 62.0000 -6.2010 24.8630
2604.0000 53.0000 -6.0310 26.0000
2604.0000 64.0000 -6.5240 26.7020
2616.0000 62.0000 -6.6760 24.8630
2616.0000 53.0000 -6.4670 26.0000
2616.0000 64.0000 -7.0170 26.7020
2616.0000 60.0000 11.1510 10.2030
2628.0000 62.0000 -7.1690 24.8630
2628.0000 53.0000 -6.9600 25.8490
2628.0000 64.0000 -7.5670 26.5500
2628.0000 60.0000 10.5250 9.9000
2640.0000 62.0000 -7.6620 24.8630
2640.0000 53.0000 -7.5290 25.8490
2640.0000 64.0000 -8.0600 26.5500
2640.0000 60.0000 9.9000 9.5960
2652.0000 61.0000 22.1700 20.8040
2652.0000 60.0000 9.2550 9.2550
2664.0000 61.0000 21.4680 21.6010
2664.0000 60.0000 8.6290 8.9510
2676.0000 60.0000 8.0030 8.6480
2676.0000 61.0000 20.6900 22.5110
2688.0000 60.0000 7.3580 8.3440
2688.0000 61.0000 19.9130 23.7630
2700.0000 60.0000 7.3010 8.3440
2700.0000 61.0000 19.0780 24.9950
2712.0000 61.0000 18.2630 26.3230
2724.0000 61.0000 17.4280 27.6500
2736.0000 61.0000 16.8600 28.9590
2796.0000 54.0000 -13.8440 25.2420
2796.0000 65.0000 -14.5080 26.1710
2796.0000 63.0000 -13.8440 24.3880
2808.0000 63.0000 -14.3370 24.3880
2808.0000 65.0000 -15.0010 26.0950
2808.0000 54.0000 -14.3370 25.2420
2820.0000 54.0000 -14.7540 25.2420
2820.0000 63.0000 -14.8300 24.3880
2820.0000 65.0000 -15.4180 26.0950
2832.0000 54.0000 -15.2480 25.2420
2832.0000 63.0000 -15.3230 24.3880
2832.0000 65.0000 -15.8540 26.0950
2844.0000 65.0000 -16.3290 26.0190
2844.0000 63.0000 -15.8160 24.3880
2844.0000 54.0000 -15.6650 25.2420
2856.0000 65.0000 -16.7650 26.0190
2856.0000 54.0000 -16.1580 25.2420
2856.0000 63.0000 -16.2340 24.3880
2868.0000 63.0000 -16.7270 24.3880
2868.0000 54.0000 -16.5750 25.2420
2868.0000 65.0000 -17.2390 26.0190
2880.0000 63.0000 -17.2200 24.3880
2880.0000 54.0000 -17.0680 25.2420
2880.0000 65.0000 -17.6750 26.0190
3156.0000 12.0000 -26.2850 28.8640
3168.0000 12.0000 -26.0760 28.1060
3180.0000 12.0000 -25.6590 28.1060
3192.0000 12.0000 -25.2420 27.9540
3204.0000 222.0000 -3.3950 52.5130
3204.0000 12.0000 -24.5970 27.8020
3216.0000 226.0000 -2.9020 51.8300
3216.0000 222.0000 -3.6790 52.2090
3216.0000 12.0000 -23.9710 27.4990
3228.0000 12.0000 -23.2700 27.4990
3228.0000 222.0000 -4.0200 51.9060
3228.0000 226.0000 -3.1480 51.3560
3240.0000 222.0000 -4.3050 51.7540
3240.0000 12.0000 -22.5110 27.6500
3240.0000 226.0000 -3.3950 50.9770
3252.0000 222.0000 -4.6080 51.2800
3252.0000 226.0000 -3.6220 50.5030
3264.0000 222.0000 -4.9120 50.9010
3264.0000 226.0000 -3.8880 50.0480
3276.0000 222.0000 -5.2150 50.5030
3276.0000 226.0000 -4.1530 49.5730
3288.0000 222.0000 -5.5570 49.8960
3288.0000 226.0000 -4.5330 49.1180
3300.0000 226.0000 -4.8740 48.7960
3396.0000 13.0000 -14.0150 27.9540
3408.0000 13.0000 -13.3890 27.9540
3420.0000 13.0000 -12.7630 28.1060
3432.0000 13.0000 -12.1180 28.2570
3444.0000 13.0000 -11.4360 28.2570
3444.0000 223.0000 -10.1080 44.3010
3456.0000 13.0000 -10.6390 28.4090
3456.0000 223.0000 -10.4120 43.8460
3456.0000 227.0000 -9.1980 43.2200
3468.0000 13.0000 -9.9560 28.4090
3468.0000 223.0000 -10.6770 43.3720
3468.0000 230.0000 22.9470 20.1210
3468.0000 227.0000 -9.5770 42.7650
3480.0000 230.0000 22.4350 20.1210
3480.0000 227.0000 -9.9940 42.2910
3480.0000 13.0000 -9.5390 28.4090
3480.0000 223.0000 -10.9800 42.9170
3492.0000 223.0000 -11.2460 42.4430
3492.0000 227.0000 -10.4120 41.8360
3492.0000 230.0000 22.0180 20.2920
3504.0000 223.0000 -11.3600 42.2910
3504.0000 227.0000 -10.7150 41.3620
3504.0000 230.0000 21.6010 20.4440
3516.0000 223.0000 -11.2840 42.5190
3516.0000 227.0000 -10.9430 41.2100
3516.0000 230.0000 21.2210 20.8230
3528.0000 227.0000 -11.1510 41.1340
3528.0000 223.0000 -11.2460 42.6890
3528.0000 230.0000 20.8610 21.1270
3540.0000 227.0000 -11.2080 40.9640
3540.0000 230.0000 20.5010 21.5820
3552.0000 230.0000 20.0830 21.9040
3564.0000 139.0000 22.6250 23.5920
3576.0000 139.0000 22.1320 23.5920
3576.0000 148.0000 22.6820 27.3280
3576.0000 153.0000 22.3970 28.1060
3588.0000 139.0000 21.6390 23.4400
3588.0000 148.0000 22.2640 27.3280
3588.0000 153.0000 21.9800 28.1060
3600.0000 139.0000 21.1460 23.2890
3600.0000 148.0000 21.8470 27.1760
3600.0000 153.0000 21.4870 27.9540
3612.0000 139.0000 20.6520 23.2890
3612.0000 148.0000 21.4300 27.0250
3612.0000 153.0000 21.0700 27.8020
3624.0000 139.0000 20.1590 23.1370
3624.0000 153.0000 20.5770 27.8020
3624.0000 148.0000 21.0130 27.0250
3636.0000 14.0000 -2.0290 28.6550
3636.0000 153.0000 20.1590 27.6310
3636.0000 148.0000 20.6520 26.8730
3636.0000 139.0000 19.6660 22.9850
3648.0000 148.0000 20.2350 26.7020
3648.0000 139.0000 19.1730 22.9850
3648.0000 153.0000 19.6660 27.4800
3648.0000 14.0000 -1.6880 28.5040
3660.0000 153.0000 19.1730 27.4800
3660.0000 148.0000 19.7990 26.7020
3660.0000 14.0000 -1.2710 28.5040
3672.0000 14.0000 -1.4600 28.6550
3684.0000 224.0000 -11.4550 42.7650
3684.0000 14.0000 -1.6120 28.8070
3696.0000 14.0000 -1.6880 28.9590
3696.0000 228.0000 -11.5680 40.3570
3696.0000 224.0000 -11.5300 42.7650
3708.0000 228.0000 -11.5680 40.3570
3708.0000 231.0000 15.3610 27.5750
3708.0000 14.0000 -1.6880 28.9590
3708.0000 224.0000 -11.5300 42.5940
3720.0000 224.0000 -11.6060 42.5940
3720.0000 231.0000 15.2290 28.1810
3720.0000 14.0000 -1.6880 28.9590
3720.0000 228.0000 -11.5680 40.3570
3732.0000 224.0000 -11.6060 42.5940
3732.0000 228.0000 -11.5680 40.3570
3732.0000 231.0000 15.1530 28.6370
3744.0000 224.0000 -11.6060 42.5940
3744.0000 231.0000 15.0010 29.2810
3744.0000 228.0000 -11.5680 40.3570
3756.0000 231.0000 14.8680 29.7360
3756.0000 224.0000 -11.6820 42.4430
3756.0000 228.0000 -11.5680 40.3570
3768.0000 228.0000 -11.5680 40.3570
3768.0000 224.0000 -11.6820 42.4430
3768.0000 231.0000 14.8110 30.3430
3780.0000 231.0000 14.7350 30.8170
3780.0000 228.0000 -11.7010 40.2050
3792.0000 231.0000 14.7350 31.2920
3804.0000 140.0000 12.2320 21.9230
3816.0000 154.0000 14.2040 27.4800
3816.0000 149.0000 14.7540 26.5500
3816.0000 140.0000 11.7390 21.9230
3828.0000 154.0000 13.7870 27.4800
3828.0000 140.0000 11.1890 21.9230
3828.0000 149.0000 14.3370 26.5500
3840.0000 154.0000 13.4460 27.4800
3840.0000 149.0000 13.9960 26.5500
3840.0000 140.0000 10.6390 21.7330
3852.0000 112.0000 22.5490 25.0900
3852.0000 154.0000 13.0860 27.4800
3852.0000 140.0000 9.9940 21.5820
3852.0000 149.0000 13.5790 26.5500
3864.0000 66.0000 22.7950 26.3990
3864.0000 161.0000 22.7580 24.0850
3864.0000 112.0000 22.2640 25.0900
3864.0000 140.0000 9.4250 21.5820
3864.0000 154.0000 12.6490 27.4800
3864.0000 149.0000 13.1610 26.3990
3876.0000 112.0000 21.9230 25.0900
3876.0000 161.0000 22.4920 23.7630
3876.0000 149.0000 12.7440 26.2470
3876.0000 140.0000 8.8750 21.5820
3876.0000 66.0000 22.5300 26.3990
3876.0000 15.0000 -1.6880 28.9590
3876.0000 154.0000 12.2320 27.4800
3888.0000 15.0000 -1.6880 28.9590
3888.0000 218.0000 23.0990 26.3800
3888.0000 66.0000 22.2260 26.3990
3888.0000 161.0000 22.1130 23.7630
3888.0000 112.0000 21.5820 25.0900
3888.0000 140.0000 8.3820 21.5820
3888.0000 149.0000 12.3080 26.2470
3888.0000 154.0000 11.8150 27.3280
3900.0000 154.0000 11.3980 27.1760
3900.0000 112.0000 21.2780 25.0900
3900.0000 66.0000 21.9610 26.3990
3900.0000 149.0000 11.8910 26.0950
3900.0000 218.0000 22.6440 25.7730
3900.0000 15.0000 -1.6880 28.9590
3900.0000 161.0000 21.7710 23.7630
3912.0000 161.0000 21.5060 23.6870
3912.0000 15.0000 -1.6880 28.9590
3912.0000 218.0000 22.3020 25.7730
3912.0000 167.0000 22.9090 23.6870
3912.0000 66.0000 21.6580 26.5500
3912.0000 112.0000 20.9370 25.0900
3924.0000 218.0000 21.9610 25.7730
3924.0000 15.0000 -1.6880 28.9590
3924.0000 167.0000 22.5490 23.6870
3924.0000 225.0000 -15.5130 38.8770
3924.0000 161.0000 21.1460 23.6870
3924.0000 112.0000 20.5960 25.0900
3924.0000 66.0000 21.3920 26.5500
3936.0000 15.0000 -1.6880 28.9590
3936.0000 229.0000 -15.4180 36.9430
3936.0000 161.0000 20.7850 23.6870
3936.0000 225.0000 -15.8730 38.4220
3936.0000 66.0000 21.1270 26.5500
3936.0000 218.0000 21.6770 25.7730
3936.0000 112.0000 20.2920 25.0900
3936.0000 167.0000 22.2640 23.6870
3948.0000 229.0000 -15.7030 36.6400
3948.0000 225.0000 -16.2340 38.1000
3948.0000 161.0000 20.4440 23.6110
3948.0000 167.0000 21.9230 23.6870
3948.0000 232.0000 14.7350 37.6450
3948.0000 218.0000 21.3160 25.6210
3948.0000 66.0000 20.8230 26.5500
3948.0000 15.0000 -1.6880 28.9590
3960.0000 167.0000 21.5630 23.5350
3960.0000 218.0000 20.9750 25.6210
3960.0000 232.0000 14.7350 38.2710
3960.0000 225.0000 -16.5750 37.7960
3960.0000 15.0000 -1.6880 28.9590
3960.0000 229.0000 -16.0440 36.1650
3972.0000 167.0000 21.2780 23.5350
3972.0000 225.0000 -16.9920 37.3220
3972.0000 218.0000 20.6900 25.6210
3972.0000 229.0000 -16.4040 35.6910
3972.0000 232.0000 14.7350 38.7260
3984.0000 229.0000 -16.6890 35.3880
3984.0000 225.0000 -17.3530 36.8670
3984.0000 232.0000 14.7350 39.1810
3984.0000 167.0000 20.9370 23.5350
3996.0000 232.0000 14.7350 39.6550
3996.0000 145.0000 -1.9910 16.6320
3996.0000 229.0000 -17.0300 34.9330
3996.0000 225.0000 -17.7700 36.3930
3996.0000 167.0000 20.5960 23.5350
4008.0000 229.0000 -17.6560 34.4590
4008.0000 225.0000 -18.0920 35.7860
4008.0000 232.0000 14.7350 40.2050
4008.0000 145.0000 -1.9910 16.6320
4020.0000 232.0000 14.7350 40.6600
4020.0000 229.0000 -18.2630 34.0790
4020.0000 145.0000 -2.0670 16.6320
4032.0000 232.0000 14.8110 40.9640
4032.0000 145.0000 -2.0670 16.6320
4044.0000 141.0000 1.5550 21.2970
4044.0000 145.0000 -2.1430 16.6320
4056.0000 141.0000 0.9860 21.2970
4056.0000 155.0000 7.0170 25.4690
4056.0000 145.0000 -2.2000 16.6320
4056.0000 150.0000 7.0550 24.6160
4068.0000 145.0000 -2.2760 16.6320
4068.0000 150.0000 7.0550 24.7870
4068.0000 141.0000 0.4170 21.4490
4068.0000 155.0000 6.4670 25.4690
4080.0000 155.0000 5.8980 25.4690
4080.0000 150.0000 7.0550 24.7870
4080.0000 160.0000 22.8330 23.9900
4080.0000 141.0000 -0.1900 21.2970
4080.0000 145.0000 -2.2760 16.6320
4092.0000 155.0000 5.3290 25.4690
4092.0000 141.0000 -0.8340 21.2970
4092.0000 160.0000 22.4160 23.6870
4092.0000 150.0000 6.0690 24.7870
4092.0000 113.0000 15.7030 24.0660
4104.0000 67.0000 16.5180 26.1710
4104.0000 150.0000 4.9500 24.6160
4104.0000 162.0000 15.5130 22.5300
4104.0000 141.0000 -1.3280 21.2970
4104.0000 155.0000 4.9120 25.4690
4104.0000 113.0000 15.5130 24.0660
4104.0000 160.0000 22.0560 23.5350
4116.0000 67.0000 16.1010 26.0190
4116.0000 160.0000 21.5630 23.0610
4116.0000 141.0000 -1.8210 21.2970
4116.0000 155.0000 4.4950 25.3180
4116.0000 16.0000 -0.8340 27.3470
4116.0000 150.0000 4.6080 24.6160
4116.0000 162.0000 15.3610 22.6820
4116.0000 113.0000 15.2850 24.0660
4128.0000 162.0000 14.9440 22.6820
4128.0000 67.0000 15.6840 25.8490
4128.0000 16.0000 -0.4170 27.1760
4128.0000 141.0000 -2.3140 21.2970
4128.0000 219.0000 15.5320 24.2940
4128.0000 150.0000 4.1720 24.6160
4128.0000 155.0000 3.9260 25.1660
4128.0000 160.0000 21.0130 22.9090
4128.0000 113.0000 14.7920 24.0660
4140.0000 155.0000 3.3570 25.1660
4140.0000 16.0000 0.1330 27.0060
4140.0000 150.0000 3.7550 24.4640
4140.0000 162.0000 14.5270 22.6820
4140.0000 219.0000 15.1910 24.2940
4140.0000 113.0000 14.3750 24.0660
4140.0000 67.0000 15.3230 25.6970
4140.0000 160.0000 20.4440 22.7580
4152.0000 168.0000 15.7410 22.7580
4152.0000 67.0000 15.0390 25.5450
4152.0000 160.0000 20.0270 22.7580
4152.0000 162.0000 14.0340 22.6820
4152.0000 16.0000 0.7780 27.0060
4152.0000 113.0000 14.0340 24.2180
4152.0000 219.0000 14.9060 24.2940
4164.0000 16.0000 1.3460 27.0060
4164.0000 113.0000 13.6920 24.0660
4164.0000 219.0000 14.6220 24.2940
4164.0000 67.0000 14.6980 25.5450
4164.0000 162.0000 13.8060 22.6820
4164.0000 168.0000 15.3230 22.7580
4164.0000 160.0000 19.6660 22.6060
4176.0000 219.0000 14.3370 24.1420
4176.0000 168.0000 14.9820 22.7580
4176.0000 16.0000 1.8400 27.0060
4176.0000 162.0000 13.3130 22.5300
4176.0000 67.0000 14.4130 25.5450
4176.0000 113.0000 13.2750 23.7630
4188.0000 16.0000 2.3900 27.0060
4188.0000 162.0000 12.8200 22.5300
4188.0000 67.0000 14.1290 25.5450
4188.0000 219.0000 14.0720 24.1420
4188.0000 168.0000 14.6220 22.7580
4200.0000 219.0000 13.7870 24.1420
4200.0000 16.0000 2.8640 27.1760
4200.0000 168.0000 14.3370 22.4350
4212.0000 219.0000 13.4270 23.9900
4212.0000 168.0000 13.9960 22.5870
4224.0000 168.0000 13.6360 22.9280
4236.0000 146.0000 -5.6320 15.2480
4236.0000 168.0000 13.2940 23.0800
4248.0000 146.0000 -5.7840 15.2480
4260.0000 146.0000 -5.9170 15.2480
4272.0000 146.0000 -6.2770 15.5510
4284.0000 146.0000 -6.6190 16.1770
4284.0000 142.0000 -9.4060 21.1460
4296.0000 146.0000 -6.9600 16.7840
4296.0000 142.0000 -10.0890 21.1460
4296.0000 156.0000 -2.9400 24.0660
4296.0000 151.0000 -2.4840 23.8380
4308.0000 151.0000 -3.0530 23.9900
4308.0000 146.0000 -7.0360 17.2580
4308.0000 142.0000 -10.7340 21.1460
4308.0000 156.0000 -3.5080 24.0660
4320.0000 156.0000 -4.0580 23.9140
4320.0000 151.0000 -3.5460 23.9900
4320.0000 142.0000 -11.2270 21.2970
4320.0000 146.0000 -6.9030 17.8840
4332.0000 156.0000 -4.5520 23.9140
4332.0000 151.0000 -4.0960 23.8380
4332.0000 114.0000 8.4200 23.7630
4332.0000 142.0000 -11.5680 21.6010
4344.0000 163.0000 9.4820 22.3590
4344.0000 114.0000 7.9270 23.4590
4344.0000 156.0000 -4.9880 24.0660
4344.0000 68.0000 10.3360 25.3940
4344.0000 151.0000 -4.5140 23.6870
4344.0000 142.0000 -12.2510 22.0560
4356.0000 17.0000 9.8810 27.6500
4356.0000 156.0000 -5.3290 24.2180
4356.0000 163.0000 8.8370 22.3590
4356.0000 151.0000 -4.9500 23.6870
4356.0000 114.0000 7.5860 23.3070
4356.0000 68.0000 9.9940 25.2420
4356.0000 142.0000 -12.6870 22.0560
4368.0000 102.0000 22.7200 26.3230
4368.0000 17.0000 10.5250 27.6500
4368.0000 163.0000 7.7190 22.3590
4368.0000 68.0000 9.5010 25.2420
4368.0000 151.0000 -5.5570 23.3830
4368.0000 142.0000 -12.9720 21.7520
4368.0000 114.0000 7.2820 23.3070
4368.0000 156.0000 -5.8220 24.2180
4380.0000 156.0000 -6.2390 24.2180
4380.0000 114.0000 6.7890 23.3070
4380.0000 68.0000 9.0080 25.2420
4380.0000 17.0000 11.2080 27.6500
4380.0000 151.0000 -6.2010 23.0800
4380.0000 102.0000 22.7200 26.0190
4380.0000 143.0000 -23.0610 15.8540
4380.0000 163.0000 7.2820 22.3590
4392.0000 102.0000 22.4350 26.0190
4392.0000 17.0000 11.7010 27.6500
4392.0000 169.0000 8.3820 23.0800
4392.0000 143.0000 -23.0610 15.3990
4392.0000 68.0000 8.5910 25.2420
4392.0000 114.0000 6.3720 23.3070
4392.0000 163.0000 6.8650 22.2080
4404.0000 143.0000 -22.9850 15.0960
4404.0000 169.0000 7.7570 22.7580
4404.0000 102.0000 22.0940 26.0190
4404.0000 68.0000 8.2500 25.2420
4404.0000 163.0000 6.4480 22.0560
4404.0000 17.0000 12.1940 27.8020
4404.0000 114.0000 6.3150 23.4590
4416.0000 17.0000 12.7630 27.9540
4416.0000 143.0000 -22.9090 14.6030
4416.0000 68.0000 7.8320 25.2420
4416.0000 169.0000 7.2630 22.7580
4416.0000 114.0000 5.9550 23.6110
4416.0000 163.0000 6.0310 22.0560
4416.0000 102.0000 21.4680 26.0190
4428.0000 169.0000 6.9790 22.7580
4428.0000 68.0000 7.4720 25.2420
4428.0000 163.0000 5.6890 22.2080
4428.0000 17.0000 13.2560 27.9540
4428.0000 143.0000 -22.8520 14.4510
4428.0000 102.0000 20.9750 26.0190
4440.0000 169.0000 6.6380 22.2830
4440.0000 143.0000 -22.3020 14.6030
4440.0000 102.0000 20.6900 26.0190
4440.0000 17.0000 13.7490 27.9540
4452.0000 143.0000 -21.8850 14.7730
4452.0000 102.0000 20.2730 25.8680
4452.0000 169.0000 6.1450 21.9800
4464.0000 169.0000 5.6510 21.9800
4464.0000 143.0000 -21.5820 14.9440
4476.0000 169.0000 5.2340 21.9800
4476.0000 147.0000 -11.1130 21.2780
4488.0000 147.0000 -11.6630 21.4490
4500.0000 147.0000 -11.9480 21.9040
4500.0000 77.0000 4.7410 23.6870
4500.0000 73.0000 4.6840 22.6820
4512.0000 73.0000 4.3050 22.6820
4512.0000 77.0000 4.3810 23.6870
4512.0000 147.0000 -12.5740 21.7520
4524.0000 147.0000 -13.1800 21.6770
4524.0000 73.0000 3.9640 22.6820
4524.0000 165.0000 5.5380 20.1210
4524.0000 77.0000 4.0390 23.6870
4536.0000 147.0000 -13.8060 21.6770
4536.0000 73.0000 3.6220 22.6820
4536.0000 152.0000 -12.2700 22.8330
4536.0000 157.0000 -12.4030 23.9140
4536.0000 165.0000 5.1200 20.1210
4536.0000 77.0000 3.6980 23.6870
4548.0000 152.0000 -12.8010 22.6820
4548.0000 77.0000 3.3380 23.6870
4548.0000 165.0000 4.6270 20.1210
4548.0000 157.0000 -12.8580 23.9140
4548.0000 73.0000 3.2810 22.6820
4548.0000 147.0000 -14.4130 21.6010
4560.0000 157.0000 -13.3510 23.9140
4560.0000 165.0000 4.2100 20.1210
4560.0000 147.0000 -14.9820 21.6010
4560.0000 152.0000 -13.3130 22.6820
4560.0000 77.0000 2.9770 23.6870
4560.0000 73.0000 2.9770 22.6820
4572.0000 165.0000 3.7170 20.2920
4572.0000 115.0000 1.1950 23.1560
4572.0000 77.0000 2.6360 23.6870
4572.0000 152.0000 -13.8440 22.5300
4572.0000 157.0000 -13.8440 23.9140
4572.0000 73.0000 2.6360 22.6820
4584.0000 69.0000 2.3330 25.1660
4584.0000 115.0000 0.8530 23.1560
4584.0000 77.0000 2.2950 23.6870
4584.0000 157.0000 -14.3370 23.8380
4584.0000 164.0000 0.9860 21.9800
4584.0000 152.0000 -14.3750 22.4540
4584.0000 165.0000 3.2240 20.2920
4584.0000 73.0000 2.2950 22.6820
4596.0000 157.0000 -14.8300 23.8380
4596.0000 152.0000 -14.8680 22.2830
4596.0000 164.0000 0.6640 21.9800
4596.0000 69.0000 1.8960 25.1660
4596.0000 165.0000 2.8070 20.2920
4596.0000 115.0000 0.5310 23.1560
4596.0000 18.0000 21.5630 28.5800
4608.0000 164.0000 0.3220 21.9800
4608.0000 69.0000 1.4790 25.1660
4608.0000 115.0000 0.1710 23.1560
4608.0000 165.0000 2.3140 20.2920
4608.0000 103.0000 14.4510 25.1470
4608.0000 157.0000 -15.3040 23.8380
4608.0000 152.0000 -15.2850 22.2830
4608.0000 18.0000 21.9800 28.5800
4620.0000 18.0000 22.4730 28.5800
4620.0000 164.0000 -0.0190 21.9040
4620.0000 144.0000 -22.1130 15.9300
4620.0000 103.0000 14.0340 25.1470
4620.0000 69.0000 1.0430 25.1660
4620.0000 152.0000 -15.7030 22.2830
4620.0000 157.0000 -15.7970 23.6870
4620.0000 115.0000 -0.1710 23.0800
4632.0000 115.0000 -0.5120 23.0800
4632.0000 69.0000 0.6260 25.1660
4632.0000 164.0000 -0.3790 21.9040
4632.0000 144.0000 -22.3970 16.1010
4632.0000 170.0000 0.9290 21.8280
4632.0000 18.0000 22.5870 28.2500
4632.0000 103.0000 13.6730 24.9950
4644.0000 18.0000 22.5880 28.2200
4644.0000 144.0000 -22.6820 16.2530
4644.0000 170.0000 0.5500 21.8280
4644.0000 164.0000 -0.7400 21.7520
4644.0000 69.0000 0.2090 25.1660
4644.0000 115.0000 -0.8720 23.0800
4644.0000 103.0000 13.2560 24.8440
4656.0000 144.0000 -22.8900 16.5560
4656.0000 103.0000 12.8390 24.8440
4656.0000 170.0000 0.2470 21.8280
4656.0000 69.0000 -0.1710 25.0900
4656.0000 18.0000 22.5880 28.1900
4656.0000 115.0000 -1.2330 22.9280
4656.0000 164.0000 -1.0810 21.7520
4668.0000 103.0000 12.4220 24.6920
4668.0000 69.0000 -0.5120 25.0900
4668.0000 18.0000 22.5890 28.1600
4668.0000 144.0000 -23.0990 16.7080
4668.0000 170.0000 -0.0950 21.8280
4668.0000 164.0000 -1.4220 21.6010
4680.0000 103.0000 12.0610 24.6920
4680.0000 18.0000 22.5890 28.1300
4680.0000 170.0000 -0.4360 21.8280
4680.0000 144.0000 -23.3070 17.0110
4692.0000 170.0000 -0.7780 21.8280
4692.0000 144.0000 -23.5160 16.7080
4692.0000 103.0000 11.6440 24.5400
4704.0000 170.0000 -1.1190 21.6770
4704.0000 144.0000 -23.6680 16.5560
4716.0000 170.0000 -1.5360 21.6770
4740.0000 74.0000 -2.0670 22.3590
4740.0000 78.0000 -2.4840 23.2320
4752.0000 74.0000 -2.4090 22.3590
4752.0000 78.0000 -2.8260 23.2320
4764.0000 78.0000 -3.2430 23.2320
4764.0000 166.0000 -4.0020 20.5960
4764.0000 74.0000 -2.7500 22.2080
4776.0000 166.0000 -4.4760 20.5960
4776.0000 74.0000 -3.1670 22.2080
4776.0000 78.0000 -3.6030 23.0800
4788.0000 166.0000 -5.0450 20.5960
4788.0000 78.0000 -4.0390 23.0800
4788.0000 74.0000 -3.6220 22.2080
4800.0000 166.0000 -5.5380 20.5960
4800.0000 74.0000 -3.9640 22.2080
4800.0000 78.0000 -4.3810 23.0800
4812.0000 78.0000 -4.7220 22.9280
4812.0000 74.0000 -4.3810 22.2080
4812.0000 166.0000 -6.0880 20.5960
4812.0000 116.0000 -6.1260 22.4350
4824.0000 78.0000 -5.0830 22.9280
4824.0000 116.0000 -6.5430 22.4350
4824.0000 70.0000 -4.8740 24.4450
4824.0000 166.0000 -6.5810 20.5960
4824.0000 74.0000 -4.7980 22.2080
4836.0000 116.0000 -6.9030 22.4350
4836.0000 70.0000 -5.2150 24.4450
4836.0000 166.0000 -7.1500 20.5960
4836.0000 19.0000 22.5960 27.7410
4848.0000 166.0000 -7.6430 20.5960
4848.0000 116.0000 -7.3200 22.4350
4848.0000 104.0000 6.7320 23.1370
4848.0000 70.0000 -5.6320 24.4450
4848.0000 19.0000 22.5970 27.7110
4860.0000 104.0000 6.3150 23.1370
4860.0000 116.0000 -7.6810 22.4350
4860.0000 19.0000 22.5970 27.6810
4860.0000 70.0000 -5.9740 24.4450
4872.0000 19.0000 22.5980 27.6520
4872.0000 70.0000 -6.3530 24.4450
4872.0000 116.0000 -8.0980 22.2830
4872.0000 104.0000 5.9740 23.1370
4884.0000 70.0000 -6.6940 24.4450
4884.0000 116.0000 -8.5150 22.2830
4884.0000 19.0000 22.5980 27.6220
4884.0000 104.0000 5.6140 22.9850
4896.0000 70.0000 -7.0360 24.4450
4896.0000 116.0000 -8.8560 22.2830
4896.0000 19.0000 22.5990 27.5920
4896.0000 104.0000 5.1960 22.9850
4908.0000 104.0000 4.8360 22.9850
4908.0000 70.0000 -7.3770 24.2940
4908.0000 19.0000 22.5990 27.5620
4920.0000 19.0000 22.6000 27.5320
4920.0000 104.0000 4.4950 22.9850
4932.0000 104.0000 4.0770 22.8330
4980.0000 75.0000 -9.8430 21.7520
4980.0000 79.0000 -9.7670 22.7580
4992.0000 75.0000 -10.1840 21.7520
4992.0000 79.0000 -10.1270 22.7580
5004.0000 75.0000 -10.5630 21.6010
5004.0000 79.0000 -10.4870 22.7580
5016.0000 75.0000 -10.9050 21.6010
5016.0000 79.0000 -10.8290 22.7580
5028.0000 75.0000 -11.2460 21.6010
5028.0000 79.0000 -11.1130 22.7580
5040.0000 79.0000 -11.4550 22.7580
5040.0000 81.0000 -15.1720 21.1460
5040.0000 75.0000 -11.5490 21.6010
5052.0000 75.0000 -11.8910 21.6010
5052.0000 81.0000 -15.6650 21.1460
5052.0000 117.0000 -13.6730 22.2830
5052.0000 79.0000 -11.7390 22.7580
5064.0000 81.0000 -16.2340 21.1460
5064.0000 71.0000 -11.8720 24.7870
5064.0000 79.0000 -12.0800 22.7580
5064.0000 117.0000 -14.0910 22.2830
5064.0000 75.0000 -12.2320 21.5250
5076.0000 117.0000 -14.4320 22.2830
5076.0000 71.0000 -12.2320 24.7870
5076.0000 20.0000 22.6070 27.1430
5076.0000 81.0000 -16.7270 21.1460
5088.0000 117.0000 -14.7920 22.2830
5088.0000 81.0000 -17.2200 21.1460
5088.0000 71.0000 -12.5920 24.7870
5088.0000 105.0000 -0.1710 22.2260
5088.0000 20.0000 22.6080 27.1130
5100.0000 105.0000 -0.4550 22.2260
5100.0000 81.0000 -17.6940 21.1460
5100.0000 117.0000 -15.1340 22.2830
5100.0000 20.0000 22.6080 27.0830
5100.0000 71.0000 -12.9340 24.7870
5112.0000 105.0000 -0.7210 22.1510
5112.0000 20.0000 22.6090 27.0530
5112.0000 117.0000 -15.5320 22.2830
5112.0000 81.0000 -18.2630 20.9750
5112.0000 71.0000 -13.2750 24.6160
5124.0000 71.0000 -13.6170 24.6160
5124.0000 117.0000 -15.8730 22.2830
5124.0000 20.0000 22.6090 27.0230
5124.0000 81.0000 -18.7560 20.9750
5124.0000 276.0000 16.1580 51.8870
5124.0000 105.0000 -1.0050 22.1510
5136.0000 117.0000 -16.2340 22.4350
5136.0000 20.0000 22.6100 26.9930
5136.0000 276.0000 15.8540 50.9770
5136.0000 71.0000 -13.9960 24.6160
5136.0000 105.0000 -1.2900 22.1510
5148.0000 276.0000 15.8540 50.5220
5148.0000 71.0000 -14.3370 24.6160
5148.0000 20.0000 22.6100 26.9640
5148.0000 105.0000 -1.5740 22.0750
5160.0000 105.0000 -1.8590 21.9800
5160.0000 276.0000 15.8540 50.0290
5160.0000 20.0000 22.6110 26.9340
5172.0000 105.0000 -2.1240 21.9800
5172.0000 276.0000 15.8540 49.5730
5184.0000 276.0000 15.8540 49.1180
5196.0000 276.0000 15.8540 48.6630
5208.0000 276.0000 15.8540 48.1700
5220.0000 76.0000 -16.6130 21.0510
5220.0000 80.0000 -16.2150 22.7580
5232.0000 76.0000 -16.9730 21.0510
5232.0000 80.0000 -16.5750 22.7580
5244.0000 76.0000 -17.3150 21.0510
5244.0000 80.0000 -16.9350 22.7580
5256.0000 76.0000 -17.6560 21.0510
5256.0000 80.0000 -17.2770 22.7580
5268.0000 76.0000 -18.0730 21.0510
5268.0000 80.0000 -17.6180 22.7580
5280.0000 76.0000 -18.4340 21.0510
5280.0000 80.0000 -17.9780 22.7580
5292.0000 80.0000 -18.3960 22.7580
5292.0000 76.0000 -18.7940 21.0510
5304.0000 80.0000 -18.7560 22.7580
5304.0000 72.0000 -18.8890 24.1420
5304.0000 76.0000 -19.1350 21.0510
5316.0000 72.0000 -19.1730 24.1420
5316.0000 21.0000 22.6180 26.5450
5328.0000 21.0000 22.6190 26.5150
5328.0000 106.0000 -5.7270 21.6010
5328.0000 72.0000 -19.5340 24.1420
5340.0000 72.0000 -19.8750 24.1420
5340.0000 106.0000 -6.0310 21.6010
5340.0000 21.0000 22.6190 26.4850
5352.0000 106.0000 -6.2960 21.5250
5352.0000 21.0000 22.6190 26.4550
5352.0000 72.0000 -20.2160 24.1420
5364.0000 106.0000 -6.6000 21.4300
5364.0000 277.0000 15.7790 42.1390
5364.0000 72.0000 -20.5200 24.1420
5364.0000 21.0000 22.6200 26.4250
5376.0000 21.0000 22.6210 26.3950
5376.0000 72.0000 -20.8610 24.1420
5376.0000 106.0000 -6.8650 21.4300
5376.0000 277.0000 15.7030 41.6840
5388.0000 72.0000 -21.2020 24.1420
5388.0000 106.0000 -7.1310 21.4300
5388.0000 21.0000 22.6210 26.3660
5388.0000 277.0000 15.7030 41.1910
5400.0000 21.0000 22.6220 26.3360
5400.0000 106.0000 -7.4340 21.4300
5400.0000 277.0000 15.7030 40.7360
5412.0000 277.0000 15.7030 40.2810
5412.0000 106.0000 -7.7000 21.3540
5424.0000 277.0000 15.7030 39.8260
5436.0000 277.0000 15.7030 39.3330
5448.0000 277.0000 15.7030 38.8770
5556.0000 22.0000 18.2060 26.0190
5568.0000 22.0000 17.6750 26.0190
5568.0000 107.0000 -11.8910 20.9750
5580.0000 22.0000 17.1440 26.0190
5580.0000 107.0000 -12.1560 20.9750
5592.0000 107.0000 -12.3840 20.9750
5592.0000 22.0000 16.6510 26.0190
5604.0000 278.0000 15.3990 33.1500
5604.0000 22.0000 16.1200 26.0190
5604.0000 107.0000 -12.6490 20.9750
5616.0000 22.0000 15.6270 26.0190
5616.0000 278.0000 15.4370 32.6950
5616.0000 107.0000 -12.8010 20.8990
5628.0000 278.0000 15.4370 32.0500
5628.0000 22.0000 15.0770 26.0190
5628.0000 107.0000 -12.8770 20.8990
5640.0000 107.0000 -12.9150 20.8990
5640.0000 22.0000 14.5270 26.0190
5640.0000 278.0000 15.5130 31.5950
5652.0000 107.0000 -12.9910 20.8990
5652.0000 278.0000 15.5700 31.1400
5664.0000 278.0000 15.6270 30.6660
5676.0000 278.0000 15.7790 30.1920
5688.0000 278.0000 15.8540 29.7360
5796.0000 233.0000 22.6250 20.5010
5796.0000 256.0000 22.7200 21.5250
5796.0000 23.0000 7.5860 27.4990
5808.0000 233.0000 22.4730 20.5010
5808.0000 108.0000 -15.6840 20.5960
5808.0000 23.0000 7.0170 27.4230
5808.0000 256.0000 22.7200 21.3730
5820.0000 23.0000 6.4480 27.3280
5820.0000 108.0000 -16.1010 20.7470
5820.0000 233.0000 22.2640 20.5010
5820.0000 256.0000 22.6630 21.2210
5832.0000 23.0000 5.8980 27.2520
5832.0000 108.0000 -16.5940 20.7470
5832.0000 233.0000 22.0560 20.5010
5832.0000 256.0000 22.3020 21.2210
5844.0000 279.0000 20.0650 25.7160
5844.0000 108.0000 -17.0110 20.7470
5844.0000 256.0000 21.9420 21.2210
5844.0000 23.0000 5.3480 27.2520
5844.0000 233.0000 21.9040 20.5010
5856.0000 233.0000 21.7140 20.5010
5856.0000 256.0000 21.6770 21.2210
5856.0000 279.0000 20.4060 25.2230
5856.0000 108.0000 -17.3530 20.5960
5856.0000 23.0000 4.7790 27.2520
5868.0000 279.0000 20.7470 24.9190
5868.0000 108.0000 -17.5420 20.4440
5868.0000 233.0000 21.3540 20.5010
5868.0000 256.0000 21.3160 21.2210
5868.0000 23.0000 4.2100 27.4230
5880.0000 23.0000 3.6410 27.5750
5880.0000 256.0000 20.9750 21.2210
5880.0000 108.0000 -17.7700 20.2920
5880.0000 233.0000 20.9750 20.5010
5880.0000 279.0000 20.9750 24.6160
5892.0000 108.0000 -17.9970 20.2920
5892.0000 279.0000 21.1830 24.3130
5904.0000 279.0000 21.4680 23.8570
5916.0000 279.0000 21.7330 23.3640
5928.0000 279.0000 22.0180 22.9090
6036.0000 24.0000 -3.1860 27.1000
6036.0000 257.0000 16.5180 21.1460
6036.0000 250.0000 -26.5310 6.7130
6036.0000 234.0000 16.8600 20.1970
6048.0000 109.0000 -22.1510 20.6710
6048.0000 234.0000 16.5940 20.2730
6048.0000 250.0000 -26.2470 6.8650
6048.0000 315.0000 -26.6260 7.6430
6048.0000 257.0000 16.2530 21.2210
6048.0000 24.0000 -3.7550 27.1000
6060.0000 315.0000 -26.5120 7.8700
6060.0000 234.0000 16.2720 20.2730
6060.0000 109.0000 -22.4730 20.5960
6060.0000 257.0000 15.9490 21.2970
6060.0000 24.0000 -4.2860 27.1000
6060.0000 250.0000 -25.9060 7.3390
6072.0000 234.0000 16.0060 20.3490
6072.0000 257.0000 15.6650 21.2970
6072.0000 250.0000 -25.5640 7.7190
6072.0000 24.0000 -4.7980 27.1000
6072.0000 315.0000 -25.9810 8.5720
6072.0000 109.0000 -22.7390 20.5960
6084.0000 257.0000 15.3990 21.3730
6084.0000 315.0000 -25.6020 8.7240
6084.0000 250.0000 -25.1280 8.1740
6084.0000 24.0000 -5.3480 27.1000
6084.0000 234.0000 15.7410 20.4250
6084.0000 109.0000 -23.0610 20.5960
6096.0000 24.0000 -5.9170 27.1000
6096.0000 315.0000 -25.2610 9.1220
6096.0000 257.0000 15.1150 21.4490
6096.0000 109.0000 -23.3450 20.5960
6096.0000 234.0000 15.4370 20.5010
6096.0000 250.0000 -24.7680 8.5720
6108.0000 315.0000 -24.9950 9.7290
6108.0000 109.0000 -23.6680 20.5960
6108.0000 24.0000 -6.4100 27.1000
6108.0000 257.0000 14.8300 21.5250
6108.0000 250.0000 -24.3510 9.0460
6108.0000 234.0000 15.1530 20.5010
6120.0000 24.0000 -6.9790 27.1000
6120.0000 250.0000 -24.0850 9.5010
6120.0000 109.0000 -23.9330 20.4440
6120.0000 234.0000 14.8490 20.5770
6120.0000 315.0000 -24.5780 9.8810
6120.0000 257.0000 14.5460 21.5250
6132.0000 315.0000 -24.2940 10.5060
6132.0000 109.0000 -24.2180 20.4440
6276.0000 258.0000 10.3170 21.7520
6276.0000 235.0000 10.4120 20.8230
6276.0000 25.0000 -13.9960 27.1000
6276.0000 251.0000 -20.2160 15.1530
6288.0000 251.0000 -19.9510 15.6270
6288.0000 316.0000 -20.4440 15.9300
6288.0000 235.0000 10.0700 20.8230
6288.0000 258.0000 9.9560 21.7520
6288.0000 25.0000 -14.5460 27.1000
6300.0000 25.0000 -15.0390 27.1000
6300.0000 258.0000 9.6150 21.7520
6300.0000 235.0000 9.7100 20.8230
6300.0000 316.0000 -20.0830 16.4040
6300.0000 251.0000 -19.6470 16.1010
6312.0000 258.0000 9.2740 21.7520
6312.0000 251.0000 -19.3820 16.5560
6312.0000 316.0000 -19.7990 16.9350
6312.0000 25.0000 -15.5890 27.1000
6312.0000 235.0000 9.3690 20.8230
6324.0000 235.0000 9.0080 20.8230
6324.0000 251.0000 -19.1160 17.0110
6324.0000 258.0000 8.9130 21.7520
6324.0000 25.0000 -16.1580 27.1000
6324.0000 316.0000 -19.5900 17.5610
6336.0000 258.0000 8.5530 21.7520
6336.0000 316.0000 -19.3440 18.0350
6336.0000 25.0000 -16.6890 27.1000
6336.0000 251.0000 -18.7750 17.4850
6336.0000 235.0000 8.6670 20.8230
6348.0000 251.0000 -18.5090 17.9590
6348.0000 316.0000 -19.1350 18.5660
6348.0000 235.0000 8.3060 20.8230
6348.0000 25.0000 -17.2200 27.1000
6348.0000 258.0000 8.2120 21.7520
6360.0000 25.0000 -17.7320 27.1000
6360.0000 251.0000 -18.2630 18.4150
6360.0000 235.0000 7.9650 20.8230
6360.0000 316.0000 -18.8890 19.1160
6360.0000 258.0000 7.8700 21.7520
6372.0000 316.0000 -18.6420 19.6660
6396.0000 220.0000 22.7950 21.1270
6396.0000 294.0000 -26.2850 25.8680
6408.0000 294.0000 -25.9630 25.8680
6408.0000 220.0000 22.2080 21.1270
6420.0000 294.0000 -25.4320 25.8680
6420.0000 220.0000 21.4870 21.1270
6432.0000 220.0000 20.8610 21.1270
6432.0000 294.0000 -24.9190 26.0190
6444.0000 220.0000 20.2350 21.1270
6444.0000 294.0000 -24.4070 26.0190
6456.0000 220.0000 19.5900 21.1270
6456.0000 294.0000 -23.8760 26.1710
6468.0000 220.0000 18.9840 21.1270
6468.0000 294.0000 -23.3450 26.1710
6480.0000 294.0000 -22.8140 26.3230
6480.0000 220.0000 18.3390 21.1270
6516.0000 26.0000 -24.7300 27.1760
6516.0000 252.0000 -12.6300 22.1320
6516.0000 259.0000 3.2810 21.5250
6516.0000 236.0000 3.4140 20.6520
6528.0000 236.0000 3.0530 20.6520
6528.0000 26.0000 -25.2610 27.1760
6528.0000 317.0000 -12.4790 22.2080
6528.0000 259.0000 2.9020 21.5250
6528.0000 263.0000 23.1560 27.3280
6528.0000 252.0000 -12.0990 22.2080
6540.0000 259.0000 2.5600 21.5250
6540.0000 317.0000 -11.9860 22.2080
6540.0000 236.0000 2.7500 20.6520
6540.0000 263.0000 22.7200 26.7020
6540.0000 26.0000 -25.7920 27.1760
6540.0000 252.0000 -11.5300 22.2830
6552.0000 263.0000 21.9800 26.5500
6552.0000 252.0000 -10.9620 22.2830
6552.0000 259.0000 2.2190 21.5250
6552.0000 317.0000 -11.4930 22.2830
6552.0000 236.0000 2.3900 20.6520
6552.0000 26.0000 -26.2850 27.1760
6564.0000 252.0000 -10.4310 22.4350
6564.0000 317.0000 -10.9990 22.2830
6564.0000 236.0000 2.0290 20.6520
6564.0000 259.0000 1.8770 21.5250
6564.0000 26.0000 -26.4940 27.1760
6564.0000 263.0000 21.2970 26.4750
6576.0000 252.0000 -9.8810 22.4350
6576.0000 317.0000 -10.4680 22.2830
6576.0000 236.0000 1.7260 20.6520
6576.0000 259.0000 1.5360 21.5250
6576.0000 263.0000 20.5580 26.3990
6576.0000 26.0000 -26.5880 27.1670
6588.0000 317.0000 -9.9750 22.2830
6588.0000 263.0000 19.8370 26.3230
6588.0000 252.0000 -9.3310 22.5110
6588.0000 26.0000 -26.5860 27.1500
6588.0000 236.0000 1.4030 20.6520
6588.0000 259.0000 1.1950 21.5250
6600.0000 317.0000 -9.5010 22.3590
6600.0000 252.0000 -8.8000 22.5870
6600.0000 26.0000 -26.5840 27.1340
6600.0000 259.0000 0.8530 21.5250
6600.0000 263.0000 19.1540 26.3230
6600.0000 236.0000 1.0620 20.6520
6612.0000 263.0000 18.2440 26.1710
6612.0000 317.0000 -9.0080 22.3590
6636.0000 221.0000 10.4870 21.5060
6636.0000 295.0000 -15.4560 26.7020
6648.0000 295.0000 -14.9820 26.7020
6648.0000 221.0000 9.8620 21.5060
6660.0000 221.0000 9.2170 21.5060
6660.0000 295.0000 -14.4130 26.7020
6672.0000 295.0000 -13.8440 26.7020
6672.0000 221.0000 8.5340 21.5060
6684.0000 221.0000 7.8890 21.5060
6684.0000 295.0000 -13.2750 26.7020
6696.0000 221.0000 7.2630 21.5060
6696.0000 295.0000 -12.7060 26.7020
6708.0000 221.0000 6.6380 21.5060
6708.0000 295.0000 -12.1750 26.7020
6720.0000 295.0000 -11.6060 26.7780
6720.0000 221.0000 5.9930 21.5060
6756.0000 253.0000 -1.6120 23.4590
6756.0000 27.0000 -26.5640 26.9220
6756.0000 260.0000 -3.5270 21.5250
6756.0000 237.0000 -3.3190 20.5770
6768.0000 260.0000 -3.8880 21.5250
6768.0000 264.0000 7.1690 26.0190
6768.0000 237.0000 -3.6600 20.5770
6768.0000 318.0000 -1.7830 22.9090
6768.0000 27.0000 -26.5620 26.9060
6768.0000 253.0000 -1.0810 23.5350
6780.0000 318.0000 -1.2140 22.9090
6780.0000 237.0000 -4.0390 20.5770
6780.0000 260.0000 -4.2480 21.6770
6780.0000 27.0000 -26.5600 26.8900
6780.0000 264.0000 6.2390 26.0190
6780.0000 253.0000 -0.5120 23.5350
6792.0000 264.0000 5.4050 25.8680
6792.0000 318.0000 -0.6640 23.0610
6792.0000 260.0000 -4.5890 21.6770
6792.0000 27.0000 -26.5590 26.8730
6792.0000 253.0000 0.0380 23.6870
6792.0000 237.0000 -4.3430 20.5770
6804.0000 253.0000 0.5690 23.6870
6804.0000 318.0000 -0.0950 23.0610
6804.0000 27.0000 -26.5570 26.8570
6804.0000 260.0000 -4.8550 21.6770
6804.0000 237.0000 -4.6840 20.5770
6804.0000 264.0000 4.4950 25.8680
6816.0000 260.0000 -5.2150 21.6770
6816.0000 318.0000 0.4550 23.0610
6816.0000 253.0000 1.1190 23.8380
6816.0000 27.0000 -26.5560 26.8410
6816.0000 237.0000 -5.0450 20.5770
6816.0000 264.0000 3.6410 25.8680
6828.0000 237.0000 -5.4050 20.5770
6828.0000 253.0000 1.6880 23.8380
6828.0000 318.0000 1.0240 23.2320
6828.0000 264.0000 2.7310 25.8680
6828.0000 27.0000 -26.5540 26.8240
6828.0000 260.0000 -5.5760 21.6770
6840.0000 264.0000 1.8960 25.7160
6840.0000 27.0000 -26.5520 26.8080
6840.0000 237.0000 -5.6700 20.5770
6840.0000 260.0000 -5.9170 21.6770
6840.0000 253.0000 2.2190 23.8380
6840.0000 318.0000 1.5930 23.2320
6852.0000 318.0000 2.2190 23.2320
6852.0000 264.0000 1.0620 25.7160
6876.0000 296.0000 -4.2480 26.6260
6888.0000 296.0000 -3.7170 26.6260
6900.0000 296.0000 -3.1480 26.4750
6912.0000 296.0000 -2.6170 26.4750
6924.0000 296.0000 -2.0480 26.3230
6936.0000 296.0000 -1.5360 26.3230
6948.0000 296.0000 -0.9860 26.1710
6960.0000 296.0000 -0.4170 26.1710
6972.0000 0.0000 22.9090 27.9540
6984.0000 0.0000 22.7580 27.9540
6984.0000 6.0000 22.9090 26.7780
6996.0000 28.0000 -26.5320 26.5960
6996.0000 6.0000 22.6820 26.7780
6996.0000 261.0000 -10.1270 21.2210
6996.0000 262.0000 -8.3820 27.3280
6996.0000 254.0000 9.3690 24.6920
6996.0000 0.0000 22.4730 27.9540
7008.0000 28.0000 -26.5300 26.5800
7008.0000 0.0000 22.0560 28.1060
7008.0000 6.0000 22.3020 26.7970
7008.0000 254.0000 9.9370 24.8630
7008.0000 262.0000 -9.6340 26.4750
7008.0000 265.0000 -10.2410 25.0710
7008.0000 319.0000 9.6530 23.9900
7008.0000 261.0000 -10.6580 21.1460
7020.0000 265.0000 -11.1130 24.9190
7020.0000 262.0000 -10.5440 26.4750
7020.0000 6.0000 21.8850 26.7210
7020.0000 261.0000 -11.2650 21.1460
7020.0000 319.0000 10.2030 23.9900
7020.0000 0.0000 21.6390 28.1060
7020.0000 28.0000 -26.5280 26.5630
7020.0000 254.0000 10.5060 24.8630
7032.0000 262.0000 -11.3790 26.3230
7032.0000 254.0000 11.0750 25.0140
7032.0000 261.0000 -11.8340 21.2210
7032.0000 265.0000 -12.0240 24.7680
7032.0000 28.0000 -26.5270 26.5470
7032.0000 6.0000 21.4680 26.7210
7032.0000 319.0000 10.7720 24.0660
7032.0000 0.0000 21.2210 28.1060
7044.0000 319.0000 11.3600 24.1420
7044.0000 262.0000 -12.2890 26.3230
7044.0000 265.0000 -12.9340 24.6920
7044.0000 261.0000 -12.4410 21.2210
7044.0000 6.0000 21.0320 26.7210
7044.0000 0.0000 20.8040 28.1060
7044.0000 254.0000 11.6820 25.0140
7044.0000 28.0000 -26.5250 26.5310
7056.0000 319.0000 11.9290 24.2180
7056.0000 0.0000 20.3870 28.1060
7056.0000 6.0000 20.6150 26.5500
7056.0000 265.0000 -13.8440 24.8440
7056.0000 28.0000 -26.5240 26.5140
7056.0000 261.0000 -13.0290 21.2210
7056.0000 262.0000 -13.1990 26.1710
7056.0000 254.0000 12.2510 25.0900
7068.0000 28.0000 -26.5220 26.4980
7068.0000 262.0000 -14.1100 26.1710
7068.0000 6.0000 20.1970 26.5500
7068.0000 265.0000 -14.7540 25.0140
7068.0000 319.0000 12.4790 24.2180
7068.0000 261.0000 -13.6360 21.2970
7068.0000 254.0000 12.8010 25.1660
7080.0000 262.0000 -14.9630 26.0000
7080.0000 261.0000 -14.2420 21.2020
7080.0000 319.0000 13.0480 24.3880
7080.0000 265.0000 -15.5890 25.1660
7080.0000 28.0000 -26.5200 26.4820
7080.0000 254.0000 13.3890 25.2420
7092.0000 265.0000 -16.4420 25.1660
7092.0000 319.0000 13.6170 24.3880
7116.0000 297.0000 6.8080 25.5640
7128.0000 297.0000 7.3770 25.5640
7140.0000 297.0000 7.9460 25.4690
7140.0000 33.0000 -26.2850 27.2520
7152.0000 297.0000 8.4770 25.4690
7152.0000 33.0000 -25.7920 26.9490
7164.0000 297.0000 9.0460 25.3940
7164.0000 33.0000 -25.2990 26.9490
7176.0000 33.0000 -24.7300 26.9490
7176.0000 249.0000 22.5870 28.3330
7176.0000 297.0000 9.6150 25.3940
7188.0000 280.0000 -14.7730 20.9750
7188.0000 242.0000 -15.8350 21.3540
7188.0000 249.0000 22.0180 28.0300
7188.0000 33.0000 -24.1990 26.7970
7188.0000 297.0000 10.1840 25.3180
7200.0000 242.0000 -16.2340 20.8990
7200.0000 33.0000 -23.6300 26.7970
7200.0000 280.0000 -15.3420 20.5200
7200.0000 249.0000 21.6010 28.0300
7200.0000 297.0000 10.7720 25.3180
7212.0000 249.0000 21.1080 28.0300
7212.0000 33.0000 -23.1370 26.7970
7212.0000 1.0000 14.8680 28.2570
7212.0000 280.0000 -15.7600 20.3680
7212.0000 242.0000 -16.5750 20.8990
7224.0000 1.0000 14.4510 28.2570
7224.0000 33.0000 -22.5680 26.7970
7224.0000 7.0000 14.6600 25.9250
7224.0000 249.0000 20.6150 27.8780
7224.0000 242.0000 -16.9350 20.8990
7224.0000 280.0000 -16.2530 20.0460
7236.0000 1.0000 14.0340 28.2570
7236.0000 7.0000 14.2420 25.8490
7236.0000 280.0000 -16.6700 19.8750
7236.0000 29.0000 -22.3020 25.8680
7236.0000 255.0000 20.9370 26.0000
7236.0000 249.0000 20.1970 27.8780
7236.0000 242.0000 -17.2770 20.8990
7248.0000 280.0000 -17.1060 19.7230
7248.0000 29.0000 -21.7330 25.7730
7248.0000 320.0000 21.0890 25.1660
7248.0000 249.0000 19.7040 27.8780
7248.0000 7.0000 13.8250 25.8490
7248.0000 255.0000 21.5060 26.1710
7248.0000 242.0000 -17.6370 20.8990
7248.0000 1.0000 13.5600 28.2570
7260.0000 1.0000 13.1420 28.2570
7260.0000 255.0000 22.0560 26.1710
7260.0000 29.0000 -21.1640 25.6970
7260.0000 280.0000 -17.5800 19.5710
7260.0000 242.0000 -17.9030 20.8990
7260.0000 249.0000 19.2870 27.8780
7260.0000 320.0000 21.6200 25.3180
7260.0000 7.0000 13.4080 25.8490
7272.0000 7.0000 12.9150 25.8490
7272.0000 242.0000 -18.2630 20.8990
7272.0000 320.0000 22.2260 25.3180
7272.0000 29.0000 -20.5960 25.6970
7272.0000 255.0000 22.5490 26.3230
7272.0000 1.0000 12.7250 28.3520
7272.0000 280.0000 -18.0160 19.4200
7284.0000 255.0000 22.7590 26.8000
7284.0000 320.0000 22.7950 25.3180
7284.0000 7.0000 12.4790 25.8490
7284.0000 29.0000 -20.1020 25.6210
7284.0000 1.0000 12.3080 28.3520
7296.0000 29.0000 -19.5710 25.5450
7296.0000 255.0000 22.7630 26.8080
7296.0000 7.0000 12.0610 25.8490
7296.0000 1.0000 11.8530 28.3520
7296.0000 320.0000 22.7930 25.2720
7308.0000 29.0000 -19.0030 25.4690
7308.0000 7.0000 11.6440 25.8490
7308.0000 255.0000 22.7670 26.8150
7308.0000 320.0000 22.7900 25.2260
7320.0000 29.0000 -18.5090 25.4690
7320.0000 320.0000 22.7880 25.1800
7320.0000 255.0000 22.7700 26.8220
7332.0000 320.0000 22.7850 25.1340
7356.0000 298.0000 17.8840 25.6970
7368.0000 298.0000 18.4530 25.6970
7380.0000 298.0000 19.0030 25.6970
7380.0000 34.0000 -15.4750 26.7970
7392.0000 298.0000 19.5710 25.6970
7392.0000 34.0000 -14.9440 26.7970
7404.0000 298.0000 20.0650 25.8680
7404.0000 34.0000 -14.4510 26.7970
7416.0000 298.0000 20.5770 25.8680
7416.0000 34.0000 -13.8820 26.7970
7428.0000 298.0000 21.0700 25.8680
7428.0000 243.0000 -22.4730 20.8990
7428.0000 34.0000 -13.3130 26.7970
7440.0000 243.0000 -22.7580 20.8990
7440.0000 298.0000 21.5630 26.0190
7440.0000 34.0000 -12.7440 26.7970
7452.0000 34.0000 -12.2510 26.7970
7452.0000 243.0000 -23.0990 20.8990
7452.0000 2.0000 6.2390 28.1810
7464.0000 34.0000 -11.7200 26.7970
7464.0000 243.0000 -23.4400 20.8990
7464.0000 2.0000 5.8220 28.1810
7464.0000 8.0000 5.9740 26.0000
7476.0000 243.0000 -23.8760 20.8990
7476.0000 30.0000 -11.4930 25.7730
7476.0000 2.0000 5.4050 28.1810
7476.0000 8.0000 5.5380 26.0000
7488.0000 321.0000 22.7520 24.5350
7488.0000 30.0000 -10.9240 25.7730
7488.0000 8.0000 5.1200 26.0000
7488.0000 243.0000 -24.2180 20.7470
7488.0000 2.0000 4.9880 28.1810
7500.0000 30.0000 -10.3550 25.9440
7500.0000 321.0000 22.7500 24.4890
7500.0000 243.0000 -24.5780 20.7470
7500.0000 281.0000 13.4650 35.1600
7500.0000 2.0000 4.5700 28.1810
7500.0000 8.0000 4.7030 26.1710
7512.0000 8.0000 4.2480 26.1710
7512.0000 321.0000 22.7470 24.4430
7512.0000 243.0000 -24.8820 20.9750
7512.0000 281.0000 13.4080 35.6150
7512.0000 2.0000 4.1720 28.1810
7512.0000 30.0000 -9.8810 25.7730
7524.0000 321.0000 22.7440 24.3970
7524.0000 281.0000 13.4080 36.0900
7524.0000 2.0000 3.7930 28.1810
7524.0000 30.0000 -9.3120 25.6210
7524.0000 8.0000 3.8500 26.2470
7536.0000 2.0000 3.3950 28.2570
7536.0000 8.0000 3.4330 26.3230
7536.0000 321.0000 22.7420 24.3510
7536.0000 281.0000 13.3320 36.5640
7536.0000 30.0000 -8.7810 25.4690
7548.0000 281.0000 13.3320 37.1710
7548.0000 321.0000 22.7390 24.3050
7548.0000 30.0000 -8.2310 25.4690
7548.0000 8.0000 3.0530 26.3990
7560.0000 321.0000 22.2450 24.4450
7560.0000 30.0000 -7.6620 25.3180
7560.0000 281.0000 13.2560 37.6260
7572.0000 321.0000 22.0940 24.4450
7572.0000 281.0000 13.2560 38.1190
7584.0000 281.0000 13.2560 38.7260
7596.0000 299.0000 21.2590 23.5350
7608.0000 299.0000 20.7660 23.5350
7620.0000 299.0000 20.3490 23.5350
7620.0000 35.0000 -4.9120 26.5690
7632.0000 299.0000 19.9320 23.3830
7632.0000 35.0000 -4.2670 26.5690
7644.0000 35.0000 -3.6980 26.5690
7644.0000 299.0000 19.4960 23.2320
7656.0000 299.0000 19.0780 23.0610
7656.0000 35.0000 -3.1480 26.5690
7668.0000 299.0000 18.5850 22.9090
7668.0000 35.0000 -2.5980 26.5690
7668.0000 244.0000 -26.5250 22.4140
7680.0000 299.0000 18.1490 22.7580
7680.0000 244.0000 -26.5210 22.4340
7680.0000 35.0000 -2.0290 26.5690
7692.0000 244.0000 -26.5170 22.4530
7692.0000 3.0000 -1.8210 28.5800
7692.0000 35.0000 -1.4600 26.5690
7704.0000 35.0000 -0.9100 26.5690
7704.0000 244.0000 -26.5130 22.4730
7704.0000 3.0000 -2.2380 28.5800
7704.0000 9.0000 -2.3520 26.3990
7716.0000 9.0000 -2.7690 26.3990
7716.0000 244.0000 -26.5090 22.4930
7716.0000 31.0000 -1.0050 25.3180
7716.0000 3.0000 -2.6550 28.5800
7728.0000 31.0000 -0.4360 25.3180
7728.0000 322.0000 15.9870 23.5350
7728.0000 9.0000 -3.1860 26.2470
7728.0000 3.0000 -3.0720 28.5800
7728.0000 244.0000 -26.5060 22.5130
7740.0000 3.0000 -3.4890 28.5800
7740.0000 9.0000 -3.6030 26.2470
7740.0000 322.0000 15.5700 23.5350
7740.0000 244.0000 -26.5020 22.5330
7740.0000 31.0000 0.0950 25.3180
7752.0000 3.0000 -3.9070 28.5800
7752.0000 244.0000 -26.4980 22.5520
7752.0000 9.0000 -4.0200 26.2470
7752.0000 322.0000 15.0770 23.5350
7752.0000 31.0000 0.6640 25.3180
7764.0000 3.0000 -4.3430 28.5800
7764.0000 31.0000 1.2330 25.3180
7764.0000 322.0000 14.5840 23.5350
7764.0000 9.0000 -4.4380 26.2470
7776.0000 31.0000 1.7260 25.3180
7776.0000 3.0000 -4.7790 28.5800
7776.0000 9.0000 -4.8550 26.2470
7776.0000 322.0000 14.0910 23.5350
7788.0000 31.0000 2.2950 25.3180
7788.0000 322.0000 13.7490 23.5350
7788.0000 9.0000 -5.2720 26.2470
7800.0000 31.0000 2.8450 25.3180
7800.0000 322.0000 13.4650 23.5350
7812.0000 322.0000 13.2560 23.6870
7836.0000 300.0000 13.3320 22.9090
7848.0000 300.0000 12.4980 22.9090
7860.0000 36.0000 5.6890 26.7210
7860.0000 300.0000 12.3460 22.9090
7872.0000 36.0000 6.2390 26.7210
7872.0000 300.0000 12.1940 22.7580
7884.0000 300.0000 11.9290 22.7580
7884.0000 36.0000 6.7320 26.7210
7896.0000 300.0000 11.3600 22.2830
7896.0000 36.0000 7.2260 26.7210
7908.0000 300.0000 10.4490 21.9800
7908.0000 36.0000 7.7190 26.7210
7908.0000 245.0000 -26.4480 22.8100
7920.0000 300.0000 9.8240 21.9800
7920.0000 245.0000 -26.4440 22.8300
7920.0000 36.0000 8.2120 26.7210
7932.0000 4.0000 -10.3550 28.5800
7932.0000 245.0000 -26.4400 22.8500
7932.0000 36.0000 8.7050 26.7210
7944.0000 245.0000 -26.4360 22.8690
7944.0000 36.0000 9.1980 26.7210
7944.0000 10.0000 -10.8290 26.5500
7944.0000 4.0000 -10.8100 28.5800
7956.0000 10.0000 -11.2650 26.5500
7956.0000 4.0000 -11.2270 28.5800
7956.0000 32.0000 9.4250 25.4690
7956.0000 245.0000 -26.4320 22.8890
7968.0000 10.0000 -11.6820 26.5500
7968.0000 4.0000 -11.7200 28.5800
7968.0000 323.0000 7.9270 23.5350
7968.0000 32.0000 9.9180 25.4690
7968.0000 245.0000 -26.4280 22.9090
7980.0000 323.0000 7.5100 23.5350
7980.0000 10.0000 -12.0990 26.5500
7980.0000 32.0000 10.4120 25.4690
7980.0000 4.0000 -12.1370 28.5800
7980.0000 245.0000 -26.4240 22.9290
7992.0000 323.0000 6.7320 23.0800
7992.0000 10.0000 -12.5170 26.5500
7992.0000 4.0000 -12.6300 28.5800
7992.0000 32.0000 10.9050 25.4690
7992.0000 245.0000 -26.4210 22.9490
8004.0000 323.0000 6.1070 22.9280
8004.0000 32.0000 11.4360 25.4690
8004.0000 10.0000 -13.0100 26.5500
8004.0000 4.0000 -13.0860 28.4090
8016.0000 32.0000 11.9860 25.6210
8016.0000 10.0000 -13.4650 26.6260
8016.0000 4.0000 -13.5030 28.3330
8016.0000 323.0000 5.5760 22.9280
8028.0000 323.0000 5.0830 22.9280
8028.0000 32.0000 12.5920 25.7730
8028.0000 10.0000 -13.9200 26.7210
8040.0000 32.0000 13.2180 26.0000
8040.0000 323.0000 4.5520 22.9280
8052.0000 323.0000 4.0390 22.9280
8064.0000 37.0000 -25.7920 24.5400
8076.0000 301.0000 3.1290 21.3730
8076.0000 37.0000 -25.2420 24.5400
8088.0000 37.0000 -24.6730 24.3880
8088.0000 301.0000 2.6360 21.3730
8100.0000 37.0000 -24.1040 24.3880
8100.0000 301.0000 2.2190 21.3730
8112.0000 301.0000 1.7260 21.3730
8112.0000 37.0000 -23.5540 24.2370
8124.0000 37.0000 -22.9850 24.2370
8124.0000 301.0000 1.3090 21.3730
8136.0000 37.0000 -22.3590 24.2370
8136.0000 301.0000 0.8150 21.3730
8148.0000 37.0000 -21.7900 24.2370
8148.0000 301.0000 0.3220 21.3730
8148.0000 246.0000 -21.9800 22.7580
8160.0000 246.0000 -21.4110 22.7580
8160.0000 301.0000 -0.1710 21.3730
8172.0000 246.0000 -20.8610 22.7580
8172.0000 5.0000 -19.2110 28.3520
8184.0000 5.0000 -19.6280 28.5040
8184.0000 246.0000 -20.2920 22.7580
8184.0000 11.0000 -19.5150 26.8730
8196.0000 246.0000 -19.7230 22.7580
8196.0000 11.0000 -19.9320 26.8730
8196.0000 5.0000 -20.0460 28.5040
8208.0000 324.0000 -1.9150 22.3590
8208.0000 246.0000 -19.0970 22.7580
8208.0000 11.0000 -20.4250 26.8730
8208.0000 5.0000 -20.4630 28.5040
8220.0000 5.0000 -20.8800 28.5040
8220.0000 324.0000 -2.4840 22.3590
8220.0000 246.0000 -18.4720 22.7580
8220.0000 11.0000 -20.9180 26.8730
8232.0000 324.0000 -3.0530 22.3590
8232.0000 11.0000 -21.3350 26.8730
8232.0000 5.0000 -21.3160 28.5040
8232.0000 246.0000 -17.7700 22.7580
8244.0000 11.0000 -21.8280 26.8730
8244.0000 5.0000 -21.7330 28.3520
8244.0000 324.0000 -3.6030 22.3590
8256.0000 11.0000 -22.3210 26.8730
8256.0000 324.0000 -4.1720 22.3590
8256.0000 5.0000 -22.1510 28.3520
8268.0000 11.0000 -22.7390 26.8730
8268.0000 324.0000 -4.7220 22.3590
8280.0000 324.0000 -4.9310 22.3590
8292.0000 324.0000 -5.0070 22.3590
8304.0000 38.0000 -14.0910 24.5400
8316.0000 38.0000 -13.4650 24.5400
8316.0000 302.0000 -4.8740 21.0510
8328.0000 302.0000 -5.0260 21.0510
8328.0000 38.0000 -12.8960 24.5400
8340.0000 38.0000 -12.2700 24.3880
8340.0000 302.0000 -5.1390 21.0510
8352.0000 302.0000 -5.2910 21.0510
8352.0000 38.0000 -11.7010 24.3880
8364.0000 38.0000 -11.1510 24.3880
8364.0000 302.0000 -5.4430 21.0510
8376.0000 302.0000 -5.4810 21.2210
8376.0000 38.0000 -10.5060 24.2370
8388.0000 302.0000 -5.4810 21.2210
8388.0000 247.0000 -9.9180 23.2320
8388.0000 38.0000 -9.8050 24.2370
8400.0000 302.0000 -5.4810 21.2210
8400.0000 247.0000 -9.2930 23.2320
8412.0000 247.0000 -8.6480 23.2320
8424.0000 247.0000 -8.0220 23.2320
8436.0000 247.0000 -7.3960 23.2320
8448.0000 247.0000 -6.7510 23.2320
8448.0000 325.0000 -5.6320 22.3590
8460.0000 325.0000 -5.6320 22.3590
8460.0000 247.0000 -6.1260 23.2320
8472.0000 247.0000 -5.5000 23.2320
8472.0000 325.0000 -5.6320 22.3590
8484.0000 325.0000 -5.6320 22.3590
8496.0000 325.0000 -5.6320 22.3590
8496.0000 158.0000 -2.4840 25.0710
8508.0000 325.0000 -5.6700 22.3590
8508.0000 158.0000 -2.1430 24.2180
8520.0000 158.0000 -1.4980 24.2180
8520.0000 325.0000 -5.6700 22.3590
8532.0000 158.0000 -0.9290 24.2180
8532.0000 325.0000 -5.6700 22.3590
8544.0000 158.0000 -0.3220 24.1420
8556.0000 158.0000 0.2470 24.1420
8556.0000 303.0000 -5.5950 21.2210
8568.0000 158.0000 0.8910 24.1420
8568.0000 303.0000 -5.5950 21.2210
8580.0000 158.0000 1.4600 23.9900
8580.0000 303.0000 -5.5950 21.2210
8592.0000 303.0000 -5.6320 21.2210
8604.0000 303.0000 -5.6320 21.2210
8616.0000 303.0000 -5.6700 21.2210
8628.0000 248.0000 2.5030 22.9850
8628.0000 303.0000 -5.6700 21.2970
8640.0000 303.0000 -5.7080 21.2970
8640.0000 248.0000 3.1290 22.9850
8652.0000 248.0000 3.6790 22.9850
8664.0000 248.0000 4.3240 22.8330
8676.0000 248.0000 4.8740 22.8330
8688.0000 326.0000 -5.5000 22.3590
8688.0000 248.0000 5.5000 22.8330
8700.0000 248.0000 6.0690 22.6820
8700.0000 326.0000 -5.4620 22.3590
8712.0000 248.0000 6.6940 22.6820
8712.0000 326.0000 -5.4620 22.3590
8724.0000 326.0000 -5.4620 22.3590
8736.0000 159.0000 9.2360 23.5350
8736.0000 326.0000 -5.4240 22.3590
8748.0000 326.0000 -5.4240 22.3590
8748.0000 159.0000 9.8240 23.5350
8760.0000 326.0000 -5.4620 22.4350
8760.0000 159.0000 10.4120 23.5350
8772.0000 159.0000 11.0180 23.4590
8772.0000 326.0000 -5.4430 22.4350
8784.0000 159.0000 11.6250 23.4590
8796.0000 159.0000 12.1940 23.3830
8796.0000 304.0000 -5.9170 21.1270
8808.0000 159.0000 12.8390 23.3830
8808.0000 304.0000 -5.9170 21.1270
8820.0000 159.0000 13.4080 23.3070
8820.0000 304.0000 -5.9930 21.1270
8832.0000 304.0000 -5.9930 21.1270
8844.0000 304.0000 -5.9930 21.1270
8856.0000 304.0000 -5.9930 21.1270
8868.0000 304.0000 -5.9930 21.1270
8880.0000 304.0000 -5.9170 21.1270
8904.0000 269.0000 15.3420 52.5890
8904.0000 266.0000 14.3750 52.5890
8916.0000 266.0000 14.1480 51.6780
8916.0000 269.0000 15.1150 51.8300
8928.0000 266.0000 14.1480 51.2040
8928.0000 327.0000 -5.2910 22.4350
8928.0000 269.0000 15.1150 51.5270
8940.0000 327.0000 -5.2530 22.4350
8940.0000 269.0000 15.1150 51.2040
8940.0000 266.0000 14.1480 50.7490
8952.0000 266.0000 14.1480 50.2750
8952.0000 269.0000 15.1150 50.9010
8952.0000 327.0000 -5.2530 22.4350
8964.0000 266.0000 14.0720 49.8200
8964.0000 269.0000 15.0580 50.5790
8964.0000 327.0000 -5.2530 22.4350
8976.0000 266.0000 14.0720 49.3460
8976.0000 238.0000 23.3450 23.0800
