0.0000 32.0000 13.4930 39.9010
0.0000 89.0000 14.2940 38.7820
0.0000 93.0000 -7.1190 48.2680
0.0000 95.0000 -9.9150 43.5160
0.0000 36.0000 2.4970 -8.8150
0.0000 91.0000 -4.3800 17.8540
12.0000 95.0000 -9.5790 44.5970
12.0000 36.0000 2.4970 -8.8150
12.0000 91.0000 -3.8950 17.3880
12.0000 93.0000 -7.1940 47.8020
12.0000 32.0000 13.4930 39.7510
12.0000 89.0000 14.2940 38.5960
24.0000 95.0000 -9.2440 45.8270
24.0000 97.0000 -25.8670 19.8480
24.0000 93.0000 -7.1940 47.3550
24.0000 32.0000 13.4930 39.6020
24.0000 89.0000 14.2940 38.5960
24.0000 91.0000 -3.2610 17.2390
24.0000 36.0000 2.4970 -8.8150
36.0000 97.0000 -25.0470 19.8480
36.0000 93.0000 -7.0450 46.8890
36.0000 95.0000 -8.8340 46.8890
36.0000 91.0000 -2.6650 17.2390
36.0000 36.0000 2.4970 -8.8150
36.0000 89.0000 14.2940 38.5960
36.0000 32.0000 13.4930 39.5280
48.0000 32.0000 13.5670 39.4530
48.0000 89.0000 14.2940 38.5210
48.0000 95.0000 -8.4240 48.1010
48.0000 91.0000 -2.0310 17.2390
48.0000 93.0000 -6.7090 46.2740
48.0000 97.0000 -24.2830 19.8480
48.0000 36.0000 2.4970 -8.8150
60.0000 93.0000 -6.2990 45.8270
60.0000 36.0000 2.4970 -8.8150
60.0000 32.0000 13.5670 39.3040
60.0000 91.0000 -1.3600 17.2390
60.0000 89.0000 14.2940 38.5210
60.0000 95.0000 -7.9390 49.3310
60.0000 97.0000 -23.4630 19.8480
72.0000 32.0000 13.5670 39.2300
72.0000 93.0000 -5.9450 45.3420
72.0000 36.0000 2.4970 -8.8150
72.0000 91.0000 -0.7270 17.0900
72.0000 97.0000 -22.7180 19.8480
72.0000 89.0000 14.2940 38.4470
72.0000 95.0000 -7.4550 50.4860
84.0000 89.0000 14.2940 38.4470
84.0000 32.0000 13.6050 39.1550
84.0000 93.0000 -5.5910 44.7460
84.0000 36.0000 2.4970 -8.8150
84.0000 91.0000 -0.2420 17.0900
84.0000 97.0000 -21.8980 19.8480
84.0000 95.0000 -7.0450 51.7160
96.0000 97.0000 -21.1340 19.6990
108.0000 97.0000 -20.3880 19.6990
180.0000 99.0000 -18.4130 -13.4000
192.0000 99.0000 -18.7110 -12.9520
204.0000 99.0000 -18.8970 -12.4680
216.0000 99.0000 -19.1210 -12.0200
228.0000 99.0000 -19.3070 -11.4240
228.0000 100.0000 -18.3380 -13.2500
240.0000 94.0000 -1.7520 48.7340
240.0000 92.0000 6.5910 16.9420
240.0000 90.0000 14.4060 38.0000
240.0000 37.0000 2.4970 -8.8150
240.0000 33.0000 13.8470 37.7010
240.0000 96.0000 -6.8140 52.2140
240.0000 99.0000 -19.3820 -10.9400
240.0000 100.0000 -18.6360 -12.9520
252.0000 90.0000 14.4060 37.9250
252.0000 94.0000 -1.5650 49.1810
252.0000 100.0000 -18.7110 -12.4860
252.0000 33.0000 13.8650 37.7010
252.0000 99.0000 -19.3820 -10.3430
252.0000 92.0000 6.2860 16.9540
252.0000 96.0000 -6.8120 52.2180
252.0000 37.0000 2.4970 -8.8150
264.0000 99.0000 -19.3820 -9.8770
264.0000 98.0000 -10.1570 19.6990
264.0000 37.0000 2.4970 -8.8150
264.0000 92.0000 5.9810 16.9660
264.0000 96.0000 -6.8100 52.2220
264.0000 33.0000 13.8650 37.5520
264.0000 94.0000 -1.3420 49.6470
264.0000 100.0000 -18.7850 -11.9460
264.0000 90.0000 14.4060 37.9250
276.0000 92.0000 5.6760 16.9780
276.0000 96.0000 -6.8080 52.2260
276.0000 98.0000 -9.4110 19.6990
276.0000 94.0000 -1.1550 50.1130
276.0000 100.0000 -18.8410 -11.4990
276.0000 37.0000 2.4970 -8.8150
276.0000 7.0000 -3.9880 -13.9210
276.0000 33.0000 13.8650 37.4030
276.0000 26.0000 -5.0880 -14.0890
276.0000 90.0000 14.4060 37.9250
288.0000 94.0000 -0.9320 50.5610
288.0000 100.0000 -18.8970 -10.9400
288.0000 26.0000 -5.1440 -13.6230
288.0000 33.0000 13.9030 37.3100
288.0000 90.0000 14.4060 37.8510
288.0000 7.0000 -4.1370 -13.4740
288.0000 37.0000 2.4970 -8.8150
288.0000 98.0000 -8.5910 19.6990
288.0000 92.0000 5.3710 16.9900
288.0000 96.0000 -6.8060 52.2300
300.0000 7.0000 -4.1930 -13.0270
300.0000 96.0000 -6.8040 52.2340
300.0000 26.0000 -5.2930 -13.2500
300.0000 98.0000 -7.8270 19.6990
300.0000 33.0000 13.9400 37.2170
300.0000 94.0000 -0.7450 51.0260
300.0000 92.0000 5.0660 17.0030
300.0000 37.0000 2.4970 -8.8150
300.0000 100.0000 -18.9720 -10.4920
300.0000 90.0000 14.4060 37.8510
312.0000 94.0000 -0.5220 51.4920
312.0000 26.0000 -5.3670 -12.8030
312.0000 7.0000 -4.3240 -12.3930
312.0000 33.0000 13.9400 37.0680
312.0000 37.0000 2.4970 -8.8150
312.0000 98.0000 -7.0070 19.6990
312.0000 90.0000 14.4060 37.7760
312.0000 96.0000 -6.8020 52.2390
312.0000 92.0000 4.7620 17.0150
312.0000 100.0000 -19.0090 -10.0450
324.0000 96.0000 -6.8000 52.2430
324.0000 98.0000 -6.2430 19.6990
324.0000 26.0000 -5.4420 -12.3190
324.0000 33.0000 13.9400 36.9930
324.0000 90.0000 14.4250 37.7760
324.0000 7.0000 -4.4730 -11.9460
324.0000 94.0000 -0.3730 51.8650
324.0000 92.0000 4.4570 17.0270
324.0000 37.0000 2.4970 -8.8150
336.0000 26.0000 -5.5350 -11.8710
336.0000 7.0000 -4.5470 -11.4990
336.0000 98.0000 -5.4230 19.6990
348.0000 7.0000 -4.6780 -11.0140
348.0000 98.0000 -4.4730 19.6990
348.0000 26.0000 -5.6280 -11.4990
360.0000 7.0000 -4.7340 -10.5670
360.0000 26.0000 -5.7030 -11.0140
480.0000 34.0000 14.7600 35.0180
480.0000 38.0000 2.4970 -8.8150
492.0000 34.0000 14.9090 34.8690
492.0000 38.0000 2.4970 -8.8150
504.0000 145.0000 14.5550 36.6210
504.0000 34.0000 14.8350 34.8690
504.0000 38.0000 2.4600 -8.8900
504.0000 31.0000 -20.3700 1.0620
516.0000 8.0000 -6.2990 -4.1190
516.0000 31.0000 -20.6680 1.5470
516.0000 27.0000 -7.0450 -5.2000
516.0000 145.0000 14.2200 36.6210
516.0000 38.0000 2.4600 -8.8900
516.0000 34.0000 14.6670 35.0180
528.0000 38.0000 2.4600 -8.8900
528.0000 8.0000 -6.4850 -3.5970
528.0000 31.0000 -21.0030 1.9940
528.0000 34.0000 14.4990 35.2410
528.0000 27.0000 -7.3050 -4.6030
528.0000 145.0000 13.8840 36.6210
540.0000 38.0000 2.4600 -8.8900
540.0000 8.0000 -6.7090 -3.1500
540.0000 34.0000 14.3870 35.4650
540.0000 145.0000 13.5490 36.6210
540.0000 27.0000 -7.5290 -4.1190
540.0000 31.0000 -21.2640 2.4410
552.0000 38.0000 2.4600 -8.8900
552.0000 27.0000 -7.7530 -3.6710
552.0000 8.0000 -6.9330 -2.6650
552.0000 34.0000 14.2200 35.6890
552.0000 145.0000 13.1950 36.6210
552.0000 31.0000 -21.6180 2.9260
564.0000 38.0000 2.4600 -8.8900
564.0000 8.0000 -7.1560 -2.1430
564.0000 27.0000 -8.0510 -3.0560
564.0000 31.0000 -21.8980 3.3730
564.0000 145.0000 12.8400 36.6210
564.0000 34.0000 14.0150 35.8560
576.0000 145.0000 12.6540 36.7700
576.0000 27.0000 -8.2370 -2.5900
576.0000 8.0000 -7.3430 -1.6770
576.0000 31.0000 -22.2330 3.8200
588.0000 27.0000 -8.5170 -2.1430
588.0000 8.0000 -7.6780 -1.2860
588.0000 145.0000 12.4300 36.7700
588.0000 31.0000 -22.5690 4.1560
600.0000 27.0000 -8.7960 -1.6770
600.0000 8.0000 -7.9760 -0.9880
720.0000 35.0000 9.9700 40.4600
720.0000 39.0000 2.4600 -8.9640
732.0000 35.0000 9.6350 40.6090
732.0000 39.0000 2.4600 -8.9640
744.0000 64.0000 4.8450 14.0330
744.0000 35.0000 9.3550 40.9070
744.0000 146.0000 8.0510 39.2300
744.0000 39.0000 2.4600 -8.9640
756.0000 146.0000 7.5660 39.5280
756.0000 39.0000 2.4600 -8.9640
756.0000 64.0000 4.5100 13.8840
756.0000 28.0000 -13.1950 2.6090
756.0000 35.0000 9.0010 41.0560
756.0000 9.0000 -12.6350 3.4480
768.0000 9.0000 -13.0450 3.7460
768.0000 64.0000 4.1750 13.7160
768.0000 146.0000 7.1560 39.6770
768.0000 28.0000 -13.6050 2.9260
768.0000 35.0000 8.6660 41.2050
768.0000 39.0000 2.4600 -8.9640
780.0000 64.0000 3.8390 13.7160
780.0000 28.0000 -13.9400 3.2240
780.0000 39.0000 2.4600 -8.9640
780.0000 9.0000 -13.4550 4.0630
780.0000 146.0000 6.8020 39.8260
780.0000 35.0000 8.3300 41.5220
792.0000 39.0000 2.4600 -8.9640
792.0000 28.0000 -14.3500 3.5220
792.0000 9.0000 -13.8650 4.3800
792.0000 35.0000 7.9200 41.8390
792.0000 146.0000 6.5410 40.1430
792.0000 64.0000 3.5040 13.5490
804.0000 28.0000 -14.7600 3.8200
804.0000 35.0000 7.5660 42.1370
804.0000 9.0000 -14.2750 4.8270
804.0000 146.0000 6.3360 40.3110
804.0000 64.0000 3.1310 13.4000
804.0000 39.0000 2.4600 -8.9640
816.0000 146.0000 6.0570 40.4600
816.0000 28.0000 -15.1700 4.1560
816.0000 9.0000 -14.6110 5.1250
816.0000 64.0000 2.7950 13.2500
828.0000 9.0000 -15.0210 5.4420
828.0000 64.0000 2.5350 13.1010
828.0000 146.0000 5.7960 40.6090
828.0000 28.0000 -15.5050 4.4540
840.0000 28.0000 -15.9150 4.7520
840.0000 9.0000 -15.4310 5.7590
984.0000 65.0000 0.8200 9.7470
984.0000 147.0000 4.0070 41.8390
996.0000 65.0000 0.8200 9.2620
996.0000 147.0000 4.0070 41.8390
996.0000 101.0000 2.9630 -5.1440
1008.0000 65.0000 0.7830 8.8900
1008.0000 101.0000 2.5900 -5.8890
1008.0000 147.0000 4.2680 41.5960
1020.0000 65.0000 0.7830 8.4240
1020.0000 101.0000 2.5900 -5.8890
1020.0000 147.0000 4.7520 41.4470
1032.0000 65.0000 0.7450 7.9760
1032.0000 101.0000 2.5900 -5.8890
1032.0000 147.0000 5.0690 41.3730
1044.0000 101.0000 2.5160 -5.8890
1044.0000 147.0000 5.0690 41.3730
1044.0000 65.0000 0.7450 7.5100
1056.0000 65.0000 0.7450 7.1190
1056.0000 147.0000 4.9950 41.5220
1056.0000 101.0000 2.5160 -5.8890
1068.0000 147.0000 4.9200 41.6710
1068.0000 65.0000 0.7080 6.5970
1068.0000 101.0000 2.5160 -5.8890
1080.0000 101.0000 2.4600 -5.8890
1188.0000 55.0000 -5.3670 -14.4800
1200.0000 55.0000 -5.8700 -14.3310
1200.0000 53.0000 -5.9450 -14.0150
1200.0000 50.0000 -4.8830 -14.0890
1212.0000 55.0000 -6.2250 -14.0150
1212.0000 53.0000 -6.2800 -13.7160
1212.0000 50.0000 -5.2180 -13.7910
1224.0000 66.0000 -0.0750 1.2490
1224.0000 148.0000 4.5100 42.7520
1224.0000 50.0000 -5.5720 -13.4930
1224.0000 53.0000 -6.6350 -13.4180
1224.0000 55.0000 -6.5600 -13.5490
1236.0000 50.0000 -5.9080 -13.1570
1236.0000 66.0000 -0.2980 0.9130
1236.0000 102.0000 2.1800 -5.8890
1236.0000 53.0000 -6.9700 -13.0830
1236.0000 55.0000 -6.8950 -13.2500
1236.0000 148.0000 4.5100 42.7520
1248.0000 53.0000 -7.3240 -12.7850
1248.0000 148.0000 4.5100 42.7520
1248.0000 102.0000 2.1800 -5.8890
1248.0000 50.0000 -6.2620 -13.0080
1248.0000 66.0000 -0.4850 0.6150
1248.0000 55.0000 -7.2500 -12.9520
1260.0000 55.0000 -7.6040 -12.6350
1260.0000 102.0000 2.1800 -6.0380
1260.0000 50.0000 -6.5970 -12.7100
1260.0000 66.0000 -0.6340 0.3170
1260.0000 148.0000 4.5100 42.7520
1260.0000 53.0000 -7.6600 -12.4860
1272.0000 102.0000 2.1060 -6.0380
1272.0000 148.0000 4.5100 42.7520
1272.0000 66.0000 -0.9690 -0.1300
1272.0000 55.0000 -7.9390 -12.1700
1272.0000 53.0000 -7.9950 -12.0390
1272.0000 50.0000 -7.0070 -12.4120
1284.0000 66.0000 -1.2490 -0.4660
1284.0000 148.0000 4.5100 42.7520
1284.0000 53.0000 -8.2750 -11.7040
1284.0000 50.0000 -7.3430 -12.1140
1284.0000 102.0000 2.1060 -6.0380
1296.0000 66.0000 -1.5280 -0.7640
1296.0000 148.0000 4.5100 42.7520
1296.0000 102.0000 2.1060 -6.0380
1308.0000 66.0000 -1.7890 -1.0620
1308.0000 148.0000 4.5100 42.7520
1308.0000 102.0000 2.0310 -6.0380
1320.0000 102.0000 2.0310 -6.0380
1428.0000 56.0000 -12.3930 -7.7340
1440.0000 56.0000 -12.7470 -7.4360
1440.0000 54.0000 -12.5980 -7.4170
1440.0000 51.0000 -11.8150 -6.8950
1452.0000 54.0000 -12.9520 -6.9700
1452.0000 51.0000 -12.0760 -6.5970
1452.0000 56.0000 -13.0830 -6.9700
1464.0000 54.0000 -13.2880 -6.6720
1464.0000 51.0000 -12.4300 -6.1130
1464.0000 149.0000 4.5100 42.7520
1464.0000 67.0000 -5.3670 -4.9010
1464.0000 56.0000 -13.3440 -6.6530
1476.0000 149.0000 4.5100 42.7520
1476.0000 56.0000 -13.6980 -6.2060
1476.0000 51.0000 -12.8400 -5.8150
1476.0000 67.0000 -5.6280 -5.0500
1476.0000 103.0000 1.7700 -6.0380
1476.0000 54.0000 -13.5490 -6.3360
1488.0000 149.0000 4.5100 42.7520
1488.0000 67.0000 -5.9080 -5.3490
1488.0000 103.0000 1.7700 -6.0380
1488.0000 56.0000 -14.0330 -5.8890
1488.0000 51.0000 -13.2500 -5.3670
1488.0000 54.0000 -13.9030 -6.0380
1500.0000 54.0000 -14.1820 -5.5910
1500.0000 103.0000 1.7700 -6.0380
1500.0000 149.0000 4.5100 42.7520
1500.0000 56.0000 -14.3130 -5.4230
1500.0000 139.0000 3.4660 44.2800
1500.0000 51.0000 -13.5860 -4.8830
1500.0000 67.0000 -6.1130 -5.4980
1512.0000 103.0000 1.7330 -6.0380
1512.0000 54.0000 -14.5180 -5.2180
1512.0000 149.0000 4.4730 42.7520
1512.0000 67.0000 -6.1870 -5.5720
1512.0000 56.0000 -14.7600 -5.1250
1512.0000 51.0000 -13.9400 -4.5100
1512.0000 139.0000 3.4660 44.2800
1524.0000 51.0000 -14.2010 -4.0630
1524.0000 54.0000 -14.8530 -4.8080
1524.0000 139.0000 3.4660 44.2800
1524.0000 67.0000 -6.1870 -5.5720
1524.0000 103.0000 1.7330 -6.0380
1524.0000 149.0000 4.4730 42.8260
1536.0000 149.0000 4.4730 42.9760
1536.0000 139.0000 3.4660 44.2800
1536.0000 67.0000 -6.2620 -5.5720
1536.0000 103.0000 1.7330 -5.9640
1548.0000 139.0000 3.4660 44.2800
1548.0000 103.0000 1.7330 -5.8890
1548.0000 149.0000 4.4350 43.0500
1548.0000 67.0000 -6.2620 -5.5720
1560.0000 139.0000 3.4660 44.2800
1560.0000 103.0000 1.7330 -5.8890
1572.0000 139.0000 3.4660 44.2800
1584.0000 139.0000 3.4660 44.2800
1668.0000 130.0000 -25.8110 15.9150
1680.0000 130.0000 -25.5880 14.8720
1680.0000 52.0000 -18.2450 1.9940
1692.0000 130.0000 -25.1780 14.2570
1692.0000 52.0000 -18.6550 2.2920
1704.0000 150.0000 4.4170 44.5040
1704.0000 68.0000 -6.5970 -5.5160
1704.0000 52.0000 -19.0280 2.7770
1704.0000 130.0000 -24.8420 13.7910
1716.0000 68.0000 -6.5970 -5.5160
1716.0000 130.0000 -24.4320 13.3250
1716.0000 52.0000 -19.4380 3.0750
1716.0000 150.0000 4.4170 44.5970
1716.0000 104.0000 1.6960 -5.2930
1728.0000 130.0000 -24.0220 12.7290
1728.0000 52.0000 -19.7730 3.5220
1728.0000 150.0000 4.4540 44.5970
1728.0000 104.0000 1.6960 -5.1440
1728.0000 68.0000 -6.6350 -5.5160
1740.0000 104.0000 1.6960 -5.1440
1740.0000 130.0000 -23.6120 12.2630
1740.0000 140.0000 3.4660 44.2800
1740.0000 52.0000 -20.1830 3.8200
1740.0000 68.0000 -6.6720 -5.5160
1740.0000 150.0000 4.4540 44.4290
1752.0000 140.0000 3.4660 44.2800
1752.0000 104.0000 1.6960 -5.0500
1752.0000 150.0000 4.4540 44.1310
1752.0000 68.0000 -6.7090 -5.5160
1752.0000 52.0000 -20.5930 4.3050
1752.0000 130.0000 -23.2770 11.7970
1764.0000 140.0000 3.4660 44.2800
1764.0000 104.0000 1.6960 -5.0500
1764.0000 52.0000 -20.9290 4.6030
1764.0000 150.0000 4.4540 43.9820
1764.0000 68.0000 -6.7090 -5.5160
1776.0000 150.0000 4.4540 43.8140
1776.0000 140.0000 3.4660 44.2800
1776.0000 68.0000 -6.7460 -5.5160
1776.0000 104.0000 1.6960 -4.9570
1788.0000 104.0000 1.6960 -4.8830
1788.0000 150.0000 4.5290 43.5160
1788.0000 68.0000 -6.7650 -5.5160
1788.0000 140.0000 3.4660 44.2800
1800.0000 104.0000 1.6960 -4.8830
1800.0000 140.0000 3.4660 44.2800
1812.0000 140.0000 3.4660 44.2800
1824.0000 140.0000 3.4660 44.2800
1908.0000 131.0000 -20.7980 3.8390
1920.0000 131.0000 -20.7240 3.0750
1932.0000 131.0000 -20.5930 2.4600
1944.0000 151.0000 4.5850 42.7520
1944.0000 131.0000 -20.5190 1.8450
1956.0000 151.0000 4.5850 42.7520
1956.0000 105.0000 1.6590 -4.2120
1956.0000 131.0000 -20.3700 1.2300
1968.0000 131.0000 -20.3700 0.6150
1968.0000 151.0000 4.5850 42.7520
1968.0000 105.0000 1.6590 -4.2120
1980.0000 131.0000 -20.3140 -0.1490
1980.0000 141.0000 3.4660 44.2800
1980.0000 151.0000 4.5850 42.7520
1980.0000 105.0000 1.6590 -4.1370
1992.0000 105.0000 1.6590 -4.1370
1992.0000 141.0000 3.4660 44.2800
1992.0000 151.0000 4.5850 42.7520
1992.0000 131.0000 -20.3140 -0.7640
2004.0000 151.0000 4.5290 42.7520
2004.0000 105.0000 1.6030 -3.9880
2004.0000 141.0000 3.4290 44.2800
2016.0000 105.0000 1.6030 -3.8200
2016.0000 141.0000 3.4290 44.2800
2016.0000 151.0000 4.4540 43.0500
2028.0000 141.0000 3.4290 44.2800
2028.0000 151.0000 4.3800 43.2920
2028.0000 105.0000 1.5280 -3.5220
2040.0000 105.0000 1.4720 -3.3550
2040.0000 141.0000 3.4290 44.2800
2052.0000 141.0000 3.4290 44.2800
2052.0000 21.0000 -18.2640 -13.2500
2064.0000 141.0000 3.4290 44.2800
2064.0000 21.0000 -18.3940 -12.6350
2076.0000 21.0000 -18.4500 -12.0200
2088.0000 21.0000 -18.5250 -11.4050
2100.0000 21.0000 -18.5990 -10.7900
2112.0000 21.0000 -18.6740 -10.1940
2124.0000 21.0000 -18.7480 -9.5600
2136.0000 21.0000 -18.8040 -8.9640
2148.0000 132.0000 -19.8660 -8.7220
2160.0000 132.0000 -19.8290 -9.4110
2160.0000 137.0000 2.3670 15.0210
2172.0000 132.0000 -19.7920 -10.0260
2172.0000 137.0000 1.6590 14.7230
2184.0000 132.0000 -19.7550 -10.6410
2184.0000 152.0000 3.8580 45.3420
2184.0000 137.0000 0.9880 14.7230
2196.0000 106.0000 -1.0060 -3.7460
2196.0000 152.0000 3.8580 45.3420
2196.0000 137.0000 0.2980 14.7230
2196.0000 132.0000 -19.7170 -11.2560
2208.0000 137.0000 -0.3910 14.7230
2208.0000 106.0000 -1.2110 -4.0630
2208.0000 152.0000 3.7830 45.5100
2208.0000 132.0000 -19.6990 -11.8710
2220.0000 106.0000 -1.4160 -4.2120
2220.0000 152.0000 3.7830 45.5100
2220.0000 142.0000 3.4290 44.2800
2220.0000 137.0000 -1.0060 14.7230
2220.0000 132.0000 -19.6800 -12.4860
2232.0000 152.0000 3.7830 45.5100
2232.0000 142.0000 3.4290 44.2800
2232.0000 132.0000 -19.6800 -13.1010
2232.0000 137.0000 -1.6960 14.7230
2232.0000 106.0000 -1.5470 -4.3610
2244.0000 137.0000 -2.3670 14.7230
2244.0000 106.0000 -1.7700 -4.6590
2244.0000 142.0000 3.4290 44.2800
2244.0000 152.0000 3.7830 45.5100
2256.0000 152.0000 3.7270 45.6590
2256.0000 142.0000 3.4480 44.2800
2256.0000 106.0000 -1.9570 -4.8080
2268.0000 142.0000 3.4480 44.2800
2268.0000 106.0000 -2.1800 -5.1250
2268.0000 152.0000 3.7270 45.6590
2280.0000 142.0000 3.4480 44.2800
2280.0000 106.0000 -2.2360 -5.4420
2292.0000 142.0000 3.4480 44.2800
2304.0000 142.0000 3.4480 44.2800
2388.0000 133.0000 -19.5400 -13.3350
2400.0000 133.0000 -19.5340 -13.3160
2400.0000 138.0000 -10.9400 14.8720
2412.0000 138.0000 -11.6480 14.8720
2412.0000 133.0000 -19.5290 -13.2970
2424.0000 153.0000 3.7270 45.8270
2424.0000 133.0000 -19.5230 -13.2780
2424.0000 138.0000 -12.3190 14.8720
2436.0000 133.0000 -19.5170 -13.2590
2436.0000 153.0000 3.7270 45.8270
2436.0000 138.0000 -12.9520 15.0210
2436.0000 107.0000 -3.5410 -10.6410
2448.0000 138.0000 -13.6230 15.0210
2448.0000 133.0000 -19.5110 -13.2400
2448.0000 153.0000 3.7270 45.8270
2448.0000 107.0000 -3.6710 -10.9580
2460.0000 143.0000 3.4480 44.2800
2460.0000 133.0000 -19.5050 -13.2220
2460.0000 153.0000 3.7270 45.8270
2460.0000 107.0000 -3.8200 -11.4050
2460.0000 138.0000 -14.2570 15.0210
2472.0000 143.0000 3.4480 44.2800
2472.0000 107.0000 -3.9510 -11.7040
2472.0000 133.0000 -19.5000 -13.2030
2472.0000 153.0000 3.7270 45.8270
2472.0000 138.0000 -14.9280 15.0210
2484.0000 143.0000 3.4480 44.2800
2484.0000 153.0000 3.7270 45.8270
2484.0000 138.0000 -15.6170 15.0210
2484.0000 107.0000 -4.0810 -12.1880
2496.0000 155.0000 -7.7150 -5.4230
2496.0000 143.0000 3.4480 44.2800
2496.0000 153.0000 3.7270 45.8270
2496.0000 107.0000 -4.2300 -12.6350
2508.0000 153.0000 3.6900 45.6590
2508.0000 107.0000 -4.3420 -12.9340
2508.0000 143.0000 3.4480 44.2060
2508.0000 155.0000 -7.7150 -5.4230
2520.0000 143.0000 3.4480 44.2060
2520.0000 155.0000 -7.7150 -5.4230
2520.0000 107.0000 -4.4350 -13.3250
2532.0000 155.0000 -7.7150 -5.4230
2532.0000 143.0000 3.4480 44.2060
2544.0000 143.0000 3.4480 44.2060
2544.0000 155.0000 -7.7150 -5.4230
2556.0000 155.0000 -7.7150 -5.4230
2568.0000 155.0000 -7.7150 -5.4230
2580.0000 155.0000 -7.7150 -5.4230
2628.0000 134.0000 -19.4240 -12.9560
2640.0000 134.0000 -19.4180 -12.9370
2652.0000 134.0000 -19.4120 -12.9180
2664.0000 134.0000 -19.4070 -12.8990
2664.0000 154.0000 3.6530 45.6590
2676.0000 134.0000 -19.4010 -12.8800
2676.0000 108.0000 -4.8450 -13.4000
2676.0000 154.0000 3.6530 45.6590
2688.0000 154.0000 3.6150 45.6590
2688.0000 108.0000 -4.8450 -13.1010
2688.0000 134.0000 -19.3950 -12.8610
2700.0000 134.0000 -19.3890 -12.8420
2700.0000 144.0000 3.4850 44.1310
2700.0000 108.0000 -4.8450 -12.9520
2700.0000 154.0000 3.6150 45.6590
2712.0000 154.0000 3.6150 45.6590
2712.0000 144.0000 3.4850 44.1310
2712.0000 108.0000 -4.8450 -12.6350
2712.0000 134.0000 -19.3830 -12.8230
2724.0000 108.0000 -4.9200 -12.4680
2724.0000 154.0000 3.6150 45.6590
2724.0000 144.0000 3.4850 44.1310
2736.0000 154.0000 3.6150 45.6590
2736.0000 156.0000 -7.7150 -5.4230
2736.0000 108.0000 -4.9200 -12.0200
2736.0000 144.0000 3.4850 44.1310
2748.0000 144.0000 3.4850 44.1310
2748.0000 108.0000 -4.9950 -11.5730
2748.0000 156.0000 -7.7150 -5.4230
2748.0000 154.0000 3.6150 45.6590
2760.0000 144.0000 3.4850 44.1310
2760.0000 108.0000 -4.9950 -11.0890
2760.0000 156.0000 -7.7150 -5.4230
2772.0000 144.0000 3.4850 44.0380
2772.0000 156.0000 -7.7150 -5.4230
2784.0000 156.0000 -7.7150 -5.4230
2784.0000 144.0000 3.4850 44.0380
2796.0000 156.0000 -7.7150 -5.4230
2808.0000 156.0000 -7.7150 -5.4230
2820.0000 156.0000 -7.7150 -5.4230
2844.0000 58.0000 1.0620 15.2450
2844.0000 136.0000 -18.3570 -13.6230
2856.0000 58.0000 0.5780 15.2450
2856.0000 136.0000 -18.3570 -13.0270
2868.0000 58.0000 0.0930 15.2450
2868.0000 135.0000 -19.5870 -11.0140
2868.0000 136.0000 -18.3940 -12.3930
2880.0000 58.0000 -0.3910 15.0950
2880.0000 136.0000 -18.4690 -11.7970
2880.0000 135.0000 -19.6610 -10.4920
2892.0000 136.0000 -18.5060 -11.1630
2892.0000 135.0000 -19.6990 -9.8770
2892.0000 58.0000 -0.8760 15.0950
2904.0000 135.0000 -19.7920 -9.3370
2904.0000 136.0000 -18.5430 -10.5670
2904.0000 58.0000 -1.2860 14.9460
2916.0000 58.0000 -1.7700 14.9460
2916.0000 135.0000 -19.8660 -8.8150
2916.0000 109.0000 -5.9820 -5.6470
2916.0000 136.0000 -18.5800 -9.9700
2928.0000 136.0000 -18.5990 -9.4110
2928.0000 58.0000 -2.2360 14.9460
2928.0000 135.0000 -19.9410 -8.2560
2928.0000 109.0000 -6.0940 -5.2740
2940.0000 135.0000 -20.0530 -7.7340
2940.0000 109.0000 -6.1870 -4.9010
2952.0000 135.0000 -20.0900 -7.1940
2952.0000 109.0000 -6.2430 -4.4540
2964.0000 109.0000 -6.4300 -4.1190
2976.0000 109.0000 -6.7650 -3.6710
2988.0000 109.0000 -7.1000 -3.2240
3000.0000 109.0000 -7.3800 -2.7400
3084.0000 119.0000 3.5220 13.4740
3084.0000 59.0000 -10.1010 14.6300
3096.0000 59.0000 -10.6410 14.6300
3096.0000 119.0000 3.1120 13.0270
3108.0000 59.0000 -11.1820 14.6300
3108.0000 119.0000 2.6280 12.5800
3120.0000 119.0000 2.2180 12.0950
3120.0000 59.0000 -11.7410 14.6300
3132.0000 59.0000 -12.3000 14.6300
3132.0000 119.0000 1.7330 11.7970
3144.0000 59.0000 -12.8400 14.6300
3144.0000 119.0000 1.2670 11.3500
3156.0000 59.0000 -13.3810 14.6300
3156.0000 119.0000 0.9880 10.7160
3156.0000 110.0000 -11.8710 1.4720
3168.0000 59.0000 -13.9400 14.6300
3168.0000 119.0000 0.7830 10.2690
3168.0000 110.0000 -12.2250 1.7700
3168.0000 123.0000 -3.8390 -14.4800
3180.0000 123.0000 -3.7270 -14.0150
3180.0000 110.0000 -12.6350 2.0690
3192.0000 110.0000 -13.0450 2.2180
3192.0000 123.0000 -3.6530 -13.7160
3204.0000 123.0000 -3.5780 -13.4000
3204.0000 110.0000 -13.4550 2.5350
3216.0000 110.0000 -13.8650 2.7020
3216.0000 123.0000 -3.4290 -12.9340
3228.0000 110.0000 -14.2750 3.0000
3228.0000 123.0000 -3.3730 -12.6350
3240.0000 123.0000 -3.2430 -12.3370
3240.0000 110.0000 -14.6850 3.2990
3252.0000 123.0000 -3.1680 -12.0200
3264.0000 126.0000 -16.5860 -14.2570
3276.0000 126.0000 -17.1450 -13.9210
3288.0000 126.0000 -17.3690 -13.3250
3300.0000 126.0000 -17.6300 -12.8780
3312.0000 126.0000 -17.8540 -12.2440
3324.0000 120.0000 -1.9750 3.5220
3324.0000 126.0000 -18.0400 -11.6480
3324.0000 60.0000 -21.2080 14.6300
3336.0000 60.0000 -21.7670 14.6300
3336.0000 120.0000 -2.2360 3.0750
3336.0000 126.0000 -18.2640 -11.0140
3348.0000 60.0000 -22.3080 14.6300
3348.0000 120.0000 -2.5900 2.7770
3348.0000 126.0000 -18.3940 -10.5670
3360.0000 60.0000 -22.8480 14.6300
3360.0000 120.0000 -2.9260 2.2920
3372.0000 120.0000 -3.2800 1.8450
3372.0000 60.0000 -23.5380 14.6300
3384.0000 60.0000 -24.2270 14.6300
3384.0000 120.0000 -3.8200 1.5470
3396.0000 111.0000 -20.3880 5.9080
3396.0000 120.0000 -4.3050 1.1550
3396.0000 60.0000 -24.8980 14.7790
3408.0000 120.0000 -4.8450 0.7640
3408.0000 60.0000 -25.6620 14.7790
3408.0000 111.0000 -20.7980 6.0570
3408.0000 124.0000 -1.5280 -4.3610
3420.0000 111.0000 -21.1340 6.3550
3420.0000 124.0000 -1.3790 -3.7460
3432.0000 111.0000 -21.5440 6.6530
3432.0000 124.0000 -1.3050 -3.1310
3444.0000 111.0000 -21.8980 6.9890
3444.0000 124.0000 -1.1740 -2.5160
3456.0000 111.0000 -22.3080 7.1380
3456.0000 124.0000 -1.0440 -1.9010
3468.0000 124.0000 -0.9690 -1.1370
3468.0000 111.0000 -22.7180 7.4360
3480.0000 124.0000 -0.8390 -0.5220
3480.0000 111.0000 -23.1280 7.7340
3492.0000 124.0000 -0.7640 0.2420
3504.0000 117.0000 -7.5480 -5.1250
3504.0000 127.0000 -20.5190 -3.2240
3504.0000 78.0000 3.5600 45.2120
3516.0000 127.0000 -20.6490 -2.6650
3516.0000 117.0000 -7.5480 -5.1250
3516.0000 78.0000 3.5600 45.2120
3528.0000 78.0000 3.5600 45.2120
3528.0000 127.0000 -20.7610 -2.0690
3528.0000 117.0000 -7.5480 -5.1250
3540.0000 78.0000 3.5600 45.2120
3540.0000 127.0000 -20.8910 -1.6030
3540.0000 117.0000 -7.5480 -5.1250
3552.0000 127.0000 -21.0400 -0.9880
3552.0000 117.0000 -7.5480 -5.1250
3552.0000 78.0000 3.5600 45.2120
3564.0000 121.0000 -11.2000 -3.3730
3564.0000 61.0000 -25.8780 14.4920
3564.0000 127.0000 -21.1710 -0.4470
3564.0000 78.0000 3.5600 45.2120
3564.0000 117.0000 -7.5480 -5.1250
3576.0000 117.0000 -7.5480 -5.1250
3576.0000 78.0000 3.5600 45.2120
3576.0000 127.0000 -21.2830 0.1680
3576.0000 121.0000 -11.6290 -3.6710
3576.0000 61.0000 -25.8620 14.4690
3588.0000 121.0000 -12.1140 -3.9700
3588.0000 78.0000 3.5600 45.2120
3588.0000 61.0000 -25.8460 14.4450
3588.0000 127.0000 -21.4130 0.6900
3588.0000 117.0000 -7.5480 -5.1250
3600.0000 61.0000 -25.8300 14.4220
3600.0000 10.0000 -17.5930 -12.7850
3600.0000 121.0000 -12.5610 -4.2860
3612.0000 121.0000 -12.8400 -4.7520
3612.0000 61.0000 -25.8150 14.3990
3612.0000 10.0000 -17.7420 -12.1880
3624.0000 10.0000 -17.9470 -11.7040
3624.0000 121.0000 -13.1200 -5.3490
3624.0000 61.0000 -25.7990 14.3760
3636.0000 61.0000 -25.7830 14.3530
3636.0000 121.0000 -13.3810 -5.9820
3636.0000 112.0000 -25.4260 9.8320
3636.0000 10.0000 -18.0770 -11.2560
3648.0000 112.0000 -25.4270 9.8580
3648.0000 125.0000 0.9880 7.0450
3648.0000 61.0000 -25.7680 14.3300
3648.0000 10.0000 -18.2260 -10.6410
3648.0000 121.0000 -13.7160 -6.4300
3660.0000 125.0000 1.1180 7.8270
3660.0000 112.0000 -25.4280 9.8840
3660.0000 10.0000 -18.3570 -10.1750
3672.0000 125.0000 1.3230 8.4240
3672.0000 112.0000 -25.4290 9.9100
3672.0000 10.0000 -18.5620 -9.7280
3684.0000 10.0000 -18.7110 -9.1130
3684.0000 125.0000 1.5280 9.0570
3684.0000 112.0000 -25.4300 9.9370
3696.0000 112.0000 -25.4310 9.9630
3696.0000 125.0000 1.7330 9.6540
3708.0000 112.0000 -25.4320 9.9890
3708.0000 125.0000 1.9380 10.1010
3720.0000 112.0000 -25.4330 10.0150
3720.0000 125.0000 2.0690 10.7350
3732.0000 125.0000 2.2920 11.3310
3744.0000 79.0000 3.5600 45.2120
3744.0000 118.0000 -7.5480 -5.1250
3756.0000 118.0000 -7.5480 -5.1250
3756.0000 79.0000 3.5600 45.2120
3768.0000 79.0000 3.5600 45.2120
3768.0000 118.0000 -7.5480 -5.1250
3780.0000 118.0000 -7.5480 -5.1250
3780.0000 79.0000 3.5600 45.2120
3792.0000 79.0000 3.5600 45.2120
3792.0000 118.0000 -7.5480 -5.1250
3804.0000 79.0000 3.5600 45.2120
3804.0000 118.0000 -7.5480 -5.1250
3804.0000 122.0000 -16.8850 -13.6230
3804.0000 62.0000 -22.0280 9.9700
3816.0000 62.0000 -21.8230 9.5050
3816.0000 122.0000 -17.0340 -13.9400
3816.0000 118.0000 -7.5480 -5.1250
3816.0000 79.0000 3.5600 45.2120
3828.0000 62.0000 -21.5440 9.0390
3828.0000 122.0000 -17.0340 -13.9400
3828.0000 118.0000 -7.5480 -5.1250
3828.0000 79.0000 3.5600 45.2120
3840.0000 62.0000 -21.1340 8.5910
3840.0000 11.0000 -20.3510 -2.0500
3840.0000 122.0000 -17.0340 -13.9400
3852.0000 11.0000 -20.4810 -1.4540
3852.0000 122.0000 -17.0340 -13.9400
3852.0000 62.0000 -20.7980 7.9760
3864.0000 122.0000 -17.0340 -13.9400
3864.0000 11.0000 -20.6860 -0.9880
3864.0000 62.0000 -20.3880 7.3610
3876.0000 62.0000 -19.9780 6.7460
3876.0000 113.0000 -25.4450 10.3550
3876.0000 11.0000 -20.9100 -0.5220
3876.0000 12.0000 -15.8970 34.8690
3876.0000 122.0000 -17.0340 -13.9400
3888.0000 11.0000 -21.0960 0.0750
3888.0000 12.0000 -15.4120 35.0180
3888.0000 122.0000 -17.0340 -13.9400
3888.0000 113.0000 -25.4450 10.3810
3888.0000 62.0000 -19.6430 6.2800
3900.0000 11.0000 -21.2450 0.5400
3900.0000 12.0000 -14.8530 35.3160
3900.0000 113.0000 -25.4470 10.4070
3912.0000 11.0000 -21.4500 1.0060
3912.0000 113.0000 -25.4470 10.4330
3912.0000 12.0000 -14.3130 35.4650
3924.0000 113.0000 -25.4480 10.4590
3924.0000 12.0000 -13.7720 35.7820
3924.0000 11.0000 -21.6550 1.6030
3936.0000 12.0000 -13.1390 35.9310
3936.0000 113.0000 -25.4490 10.4850
3948.0000 12.0000 -12.5980 36.2480
3948.0000 113.0000 -25.4500 10.5110
3960.0000 113.0000 -25.4510 10.5370
3960.0000 12.0000 -12.1140 36.6950
3984.0000 80.0000 3.5600 45.2120
3996.0000 80.0000 3.5600 45.2120
3996.0000 14.0000 3.4290 43.9630
4008.0000 80.0000 3.5220 45.1370
4008.0000 14.0000 3.4290 43.9630
4020.0000 80.0000 3.5220 45.1370
4020.0000 14.0000 3.4290 43.9630
4032.0000 80.0000 3.5220 45.1370
4032.0000 14.0000 3.4290 43.9630
4044.0000 80.0000 3.5220 45.1370
4044.0000 63.0000 -17.8160 -0.5400
4044.0000 14.0000 3.4290 43.9630
4056.0000 63.0000 -17.7790 -1.1370
4056.0000 80.0000 3.5220 45.1370
4056.0000 14.0000 3.4290 43.9630
4068.0000 14.0000 3.4290 43.9630
4068.0000 80.0000 3.5220 45.2120
4068.0000 63.0000 -17.6860 -1.6030
4080.0000 14.0000 3.4290 43.9630
4080.0000 63.0000 -17.6110 -2.2180
4092.0000 63.0000 -17.5740 -2.7400
4104.0000 63.0000 -17.5000 -3.2240
4116.0000 13.0000 -5.5350 41.8390
4116.0000 114.0000 -23.7430 8.4420
4116.0000 63.0000 -17.4250 -3.8200
4128.0000 13.0000 -5.1810 42.2860
4128.0000 114.0000 -23.4070 7.9580
4128.0000 63.0000 -17.3880 -4.3610
4140.0000 13.0000 -4.8450 42.9010
4140.0000 114.0000 -23.1280 7.6600
4152.0000 13.0000 -4.5660 43.3670
4152.0000 114.0000 -22.8480 7.3610
4164.0000 114.0000 -22.5870 6.8950
4164.0000 13.0000 -4.2300 43.9820
4176.0000 13.0000 -3.8760 44.4290
4176.0000 114.0000 -22.2890 6.5790
4188.0000 13.0000 -3.5410 45.0440
4188.0000 114.0000 -22.1030 6.1310
4200.0000 114.0000 -22.0280 5.6840
4200.0000 13.0000 -3.2050 45.5100
4224.0000 81.0000 3.5220 45.2860
4236.0000 81.0000 3.5220 45.2860
4236.0000 15.0000 3.4290 43.9630
4248.0000 15.0000 3.4290 43.9630
4248.0000 81.0000 3.5220 45.2860
4260.0000 81.0000 3.4850 45.3610
4260.0000 15.0000 3.4290 43.9630
4272.0000 81.0000 3.4850 45.3610
4272.0000 15.0000 3.4290 43.9630
4284.0000 81.0000 3.4850 45.3610
4284.0000 15.0000 3.4290 43.9630
4296.0000 15.0000 3.4290 43.9630
4296.0000 81.0000 3.4850 45.3610
4308.0000 15.0000 3.4290 43.9630
4308.0000 81.0000 3.4850 45.3610
4320.0000 15.0000 3.4290 43.9630
4356.0000 115.0000 -20.9470 -0.1490
4368.0000 115.0000 -20.8730 -0.4660
4380.0000 115.0000 -20.7980 -0.9130
4392.0000 115.0000 -20.6490 -1.3600
4404.0000 115.0000 -20.5750 -1.8450
4416.0000 115.0000 -20.5190 -2.2920
4428.0000 115.0000 -20.4630 -2.7400
4440.0000 115.0000 -20.3880 -3.2240
4464.0000 82.0000 3.4850 45.5100
4476.0000 82.0000 3.4850 45.5100
4488.0000 82.0000 3.4850 45.5100
4500.0000 82.0000 3.4850 45.5850
4512.0000 82.0000 3.4480 45.5100
4524.0000 82.0000 3.4480 45.5100
4536.0000 82.0000 3.4480 45.4360
4548.0000 82.0000 3.4480 45.4360
4596.0000 116.0000 -19.6610 -9.5790
4608.0000 116.0000 -19.6240 -10.0260
4620.0000 116.0000 -19.5680 -10.4920
4632.0000 116.0000 -19.4940 -10.9580
4644.0000 116.0000 -19.4940 -11.4050
4656.0000 116.0000 -19.4190 -11.7780
4668.0000 116.0000 -19.3820 -12.1880
4680.0000 116.0000 -19.3450 -12.6350
4704.0000 83.0000 3.4480 45.1370
4716.0000 83.0000 3.4480 45.0630
4728.0000 83.0000 3.4480 45.0630
4740.0000 83.0000 3.4480 45.0630
4752.0000 83.0000 3.4850 45.0630
4764.0000 83.0000 3.4850 45.0630
4776.0000 83.0000 3.4850 45.0630
4788.0000 83.0000 3.4850 44.9700
4836.0000 74.0000 4.8830 14.2200
4848.0000 29.0000 4.5470 16.2320
4848.0000 74.0000 4.2490 13.2500
4860.0000 74.0000 3.6900 12.6540
4860.0000 29.0000 4.2860 15.4870
4872.0000 29.0000 3.9880 14.8530
4872.0000 74.0000 3.1310 12.1700
4884.0000 74.0000 2.6090 11.5730
4884.0000 29.0000 3.7270 14.2570
4896.0000 29.0000 3.4660 13.4740
4896.0000 74.0000 2.3850 11.1260
4908.0000 74.0000 2.3850 10.7900
4908.0000 29.0000 3.1680 12.8780
4920.0000 74.0000 2.2550 10.3430
4920.0000 29.0000 2.9070 12.2630
4932.0000 29.0000 2.7580 11.6480
4944.0000 84.0000 3.4850 44.6710
4956.0000 84.0000 3.4850 44.6710
4968.0000 84.0000 3.4850 44.5970
4980.0000 84.0000 3.4850 44.5970
4992.0000 84.0000 3.4850 44.5970
5004.0000 84.0000 3.4850 44.5970
5004.0000 24.0000 3.6150 43.6650
5016.0000 84.0000 3.4850 44.5970
5016.0000 24.0000 3.6150 43.6650
5028.0000 84.0000 3.4850 44.5970
5028.0000 24.0000 3.6150 43.6650
5040.0000 24.0000 3.6150 43.6650
5052.0000 24.0000 3.6150 43.6650
5064.0000 24.0000 3.6150 43.6650
5076.0000 75.0000 0.1490 3.2240
5076.0000 24.0000 3.6150 43.6650
5088.0000 75.0000 0.0190 2.6840
5088.0000 72.0000 -18.8600 -12.3370
5088.0000 24.0000 3.6150 43.6650
5088.0000 30.0000 0.3730 4.6030
5100.0000 30.0000 0.1490 4.1370
5100.0000 75.0000 -0.1120 2.1620
5100.0000 72.0000 -19.1580 -12.0200
5112.0000 72.0000 -19.2330 -11.4050
5112.0000 30.0000 -0.1120 3.5970
5112.0000 75.0000 -0.3170 1.6030
5124.0000 30.0000 -0.3910 3.1500
5124.0000 75.0000 -0.4470 1.0810
5124.0000 72.0000 -19.3450 -10.9580
5136.0000 30.0000 -0.6710 2.6090
5136.0000 75.0000 -0.5960 0.5400
5136.0000 72.0000 -19.4190 -10.3430
5148.0000 75.0000 -0.7640 0.0000
5148.0000 30.0000 -0.8950 2.1430
5148.0000 72.0000 -19.4940 -9.8770
5160.0000 72.0000 -19.6430 -9.2620
5160.0000 75.0000 -0.8950 -0.5220
5160.0000 30.0000 -1.1740 1.6210
5172.0000 30.0000 -1.4540 1.1550
5172.0000 72.0000 -19.6990 -8.7960
5184.0000 85.0000 3.4100 44.9700
5196.0000 85.0000 3.4100 44.9700
5208.0000 85.0000 3.4100 45.0630
5208.0000 18.0000 1.0250 52.0140
5220.0000 85.0000 3.4100 45.0630
5220.0000 18.0000 0.8570 51.2500
5232.0000 85.0000 3.4100 45.0630
5232.0000 18.0000 0.7830 50.7840
5244.0000 69.0000 4.6220 13.4930
5244.0000 18.0000 0.7080 50.3370
5244.0000 25.0000 3.6150 43.6650
5244.0000 85.0000 3.4100 45.1370
5256.0000 25.0000 3.6150 43.6650
5256.0000 18.0000 0.6340 49.7220
5256.0000 69.0000 4.0630 13.1760
5256.0000 85.0000 3.3730 45.1370
5268.0000 25.0000 3.6150 43.6650
5268.0000 69.0000 3.5220 12.8780
5268.0000 85.0000 3.3730 45.2120
5268.0000 18.0000 0.5590 49.2560
5280.0000 18.0000 0.5030 48.8090
5280.0000 25.0000 3.6150 43.6650
5280.0000 69.0000 2.9820 12.7290
5292.0000 69.0000 2.4970 12.4120
5292.0000 18.0000 0.4470 48.3430
5292.0000 25.0000 3.6150 43.6650
5304.0000 25.0000 3.6150 43.6650
5304.0000 69.0000 1.9380 12.1140
5316.0000 25.0000 3.6150 43.6650
5316.0000 69.0000 1.3980 11.7970
5316.0000 76.0000 -1.8640 -4.0440
5328.0000 69.0000 0.8570 11.6480
5328.0000 76.0000 -1.8640 -4.3610
5328.0000 25.0000 3.6150 43.6650
5340.0000 76.0000 -1.9940 -4.8270
5352.0000 76.0000 -2.1990 -5.1250
5364.0000 76.0000 -2.3480 -5.5720
5376.0000 76.0000 -2.4790 -5.9080
5388.0000 76.0000 -2.6840 -6.3550
5400.0000 76.0000 -2.8330 -6.8020
5424.0000 86.0000 3.2990 45.5100
