0 28.0 23.166 0.952
12 28.0 21.627 0.896
24 28.0 21.627 0.896
36 28.0 20.927 0.756
48 28.0 20.171 0.7
60 28.0 19.471 0.56
72 28.0 18.771 0.504
84 28.0 18.015 0.448
0 143.0 21.249 6.523
12 143.0 21.249 6.523
24 143.0 21.249 6.523
36 143.0 21.249 6.523
48 143.0 21.249 6.523
60 143.0 21.249 6.523
72 143.0 21.249 6.523
84 143.0 21.249 6.523
0 213.0 21.669 -12.878
12 213.0 21.627 -12.99
24 213.0 21.627 -13.046
36 213.0 21.739 -12.85
48 213.0 22.019 -12.472
60 213.0 22.243 -12.094
72 213.0 22.509 -11.646
84 213.0 22.746 -11.254
0 312.0 -10.666 -1.666
12 312.0 -10.666 -1.666
24 312.0 -10.666 -1.666
36 312.0 -10.666 -1.666
48 312.0 -10.666 -1.666
60 312.0 -10.666 -1.666
72 312.0 -10.666 -1.666
84 312.0 -10.666 -1.666
0 318.0 -11.366 -1.834
12 318.0 -11.366 -1.834
24 318.0 -11.366 -1.834
36 318.0 -11.366 -1.834
48 318.0 -11.366 -1.834
60 318.0 -11.366 -1.834
72 318.0 -11.366 -1.834
84 318.0 -11.366 -1.834
240 29.0 9.169 -0.742
252 29.0 8.553 -0.84
264 29.0 7.937 -0.924
276 29.0 7.321 -0.994
288 29.0 6.761 -1.036
300 29.0 6.229 -1.064
312 29.0 5.697 -1.092
324 29.0 5.473 -1.218
240 144.0 21.249 6.523
252 144.0 21.249 6.523
264 144.0 21.249 6.523
276 144.0 21.249 6.523
288 144.0 21.249 6.523
300 144.0 21.249 6.523
312 144.0 21.249 6.523
324 144.0 21.249 6.523
240 214.0 25.56 -7.181
252 214.0 25.7 -6.915
264 214.0 25.784 -6.733
276 214.0 26.008 -6.663
288 214.0 26.008 -6.733
300 214.0 25.952 -6.803
312 214.0 25.868 -6.803
324 214.0 25.784 -6.859
240 313.0 -10.666 -1.666
252 313.0 -10.666 -1.666
264 313.0 -10.666 -1.666
276 313.0 -10.666 -1.666
288 313.0 -10.666 -1.666
300 313.0 -10.666 -1.666
312 313.0 -10.666 -1.666
324 313.0 -10.666 -1.666
240 319.0 -11.366 -1.834
252 319.0 -11.366 -1.834
264 319.0 -11.366 -1.834
276 319.0 -11.366 -1.834
288 319.0 -11.366 -1.834
300 319.0 -11.366 -1.834
312 319.0 -11.366 -1.834
324 319.0 -11.366 -1.834
312 5.0 25.084 -6.089
324 5.0 25.084 -6.089
336 5.0 25.084 -6.089
348 5.0 25.084 -6.089
360 5.0 25.084 -6.089
372 5.0 25.084 -6.089
384 5.0 25.084 -6.089
396 5.0 25.084 -6.089
480 145.0 21.249 6.523
492 145.0 21.249 6.523
504 145.0 21.249 6.495
516 145.0 21.249 6.495
528 145.0 21.249 6.495
540 145.0 21.249 6.495
552 145.0 21.249 6.495
564 145.0 21.249 6.495
480 215.0 24.972 -7.181
492 215.0 24.902 -7.181
504 215.0 24.86 -7.209
516 215.0 24.86 -7.209
528 215.0 24.86 -7.209
540 215.0 24.86 -7.209
552 215.0 24.86 -7.209
564 215.0 24.86 -7.209
480 314.0 -10.666 -1.666
492 314.0 -10.666 -1.666
504 314.0 -10.75 -1.666
516 314.0 -10.82 -1.638
528 314.0 -10.862 -1.54
540 314.0 -11.016 -1.442
552 314.0 -11.17 -1.316
564 314.0 -11.394 -1.176
480 320.0 -11.366 -1.834
492 320.0 -11.366 -1.834
504 320.0 -11.436 -1.89
516 320.0 -11.436 -1.89
528 320.0 -11.436 -1.89
540 320.0 -11.506 -1.89
552 320.0 -11.506 -1.918
564 320.0 -11.548 -1.918
504 208.0 11.394 9.463
516 208.0 11.394 9.463
528 208.0 11.394 9.463
540 208.0 11.394 9.463
552 208.0 11.394 9.463
564 208.0 11.394 9.463
576 208.0 11.394 9.463
588 208.0 11.394 9.463
504 210.0 6.495 9.589
516 210.0 6.495 9.589
528 210.0 6.495 9.589
540 210.0 6.495 9.589
552 210.0 6.495 9.589
564 210.0 6.495 9.589
576 210.0 6.495 9.589
588 210.0 6.495 9.589
504 324.0 32.755 13.06
516 324.0 32.825 13.186
528 324.0 32.867 13.284
540 324.0 32.867 13.34
552 324.0 32.867 13.34
564 324.0 32.867 13.34
576 324.0 32.867 13.382
588 324.0 32.867 13.41
552 6.0 25.014 -6.159
564 6.0 24.972 -6.159
576 6.0 24.972 -6.187
588 6.0 24.93 -6.187
600 6.0 24.93 -6.187
612 6.0 24.93 -6.187
624 6.0 24.944 -6.229
636 6.0 24.944 -6.229
720 146.0 21.319 6.495
732 146.0 21.319 6.495
744 146.0 21.319 6.495
756 146.0 21.319 6.495
768 146.0 21.319 6.495
780 146.0 21.319 6.495
792 146.0 21.319 6.495
804 146.0 21.361 6.495
720 216.0 24.776 -7.209
732 216.0 24.776 -7.209
744 216.0 24.776 -7.209
756 216.0 24.776 -7.237
768 216.0 24.776 -7.237
780 216.0 24.776 -7.237
792 216.0 24.776 -7.237
804 216.0 24.748 -7.237
720 315.0 -11.17 -0.616
732 315.0 -11.17 -0.672
744 315.0 -11.17 -0.812
756 315.0 -11.24 -0.812
768 315.0 -11.24 -0.812
780 315.0 -11.324 -0.812
792 315.0 -11.394 -0.812
804 315.0 -11.394 -0.812
720 321.0 -11.94 -2.044
732 321.0 -11.94 -2.044
744 321.0 -11.786 -2.114
756 321.0 -11.324 -2.31
768 321.0 -10.778 -2.464
780 321.0 -10.316 -2.59
792 321.0 -9.784 -2.716
804 321.0 -9.239 -2.716
744 209.0 11.394 9.463
756 209.0 11.394 9.463
768 209.0 11.394 9.463
780 209.0 11.394 9.463
792 209.0 11.394 9.463
804 209.0 11.394 9.463
816 209.0 11.352 9.435
828 209.0 11.352 9.435
744 211.0 6.495 9.589
756 211.0 6.495 9.589
768 211.0 6.495 9.589
780 211.0 6.495 9.589
792 211.0 6.495 9.589
804 211.0 6.495 9.589
816 211.0 6.495 9.589
828 211.0 6.495 9.589
744 325.0 32.951 13.312
756 325.0 32.951 13.256
768 325.0 32.951 13.256
780 325.0 32.951 13.186
792 325.0 32.951 13.13
804 325.0 32.951 13.06
816 325.0 32.951 12.99
828 325.0 32.951 12.934
792 7.0 24.748 -6.313
804 7.0 24.748 -6.355
816 7.0 24.706 -6.355
828 7.0 24.706 -6.355
840 7.0 24.706 -6.355
852 7.0 24.678 -6.355
864 7.0 24.678 -6.355
876 7.0 24.72 -6.355
960 147.0 21.403 6.495
972 147.0 21.403 6.495
984 147.0 21.403 6.495
996 147.0 21.403 6.495
1008 147.0 21.403 6.467
1020 147.0 21.403 6.467
1032 147.0 21.403 6.467
1044 147.0 21.403 6.467
960 217.0 24.706 -7.237
972 217.0 24.706 -7.237
984 217.0 24.706 -7.237
996 217.0 24.706 -7.237
1008 217.0 24.664 -7.265
1020 217.0 24.664 -7.265
1032 217.0 24.664 -7.265
1044 217.0 24.664 -7.265
960 316.0 -7.013 -2.436
972 316.0 -6.467 -2.324
984 316.0 -5.935 -2.24
996 316.0 -5.473 -2.044
1008 316.0 -4.969 -1.862
1020 316.0 -4.549 -1.596
1032 316.0 -4.157 -1.372
1044 316.0 -3.653 -1.19
960 322.0 -1.162 -1.288
972 322.0 -0.462 -1.092
984 322.0 0.224 -0.952
996 322.0 0.924 -0.84
1008 322.0 1.428 -0.686
1020 322.0 1.918 -0.518
1032 322.0 2.38 -0.364
1044 322.0 2.814 -0.196
1032 8.0 24.636 -6.383
1044 8.0 24.636 -6.383
1056 8.0 24.636 -6.383
1068 8.0 24.636 -6.383
1080 8.0 24.594 -6.383
1092 8.0 24.594 -6.383
1104 8.0 24.594 -6.383
1116 8.0 24.594 -6.383
1200 148.0 21.333 6.397
1212 148.0 21.333 6.397
1224 148.0 21.333 6.397
1236 148.0 21.333 6.397
1248 148.0 21.333 6.397
1260 148.0 21.291 6.327
1272 148.0 21.291 6.327
1284 148.0 21.291 6.327
1200 218.0 24.622 -7.307
1212 218.0 24.622 -7.307
1224 218.0 24.622 -7.307
1236 218.0 24.622 -7.307
1248 218.0 24.622 -7.307
1260 218.0 24.622 -7.349
1272 218.0 24.622 -7.349
1284 218.0 24.622 -7.349
1200 317.0 1.582 -3.541
1212 317.0 1.652 -3.793
1224 317.0 1.722 -3.933
1236 317.0 1.722 -3.933
1248 317.0 1.722 -3.933
1260 317.0 1.722 -3.933
1272 317.0 1.722 -3.933
1284 317.0 1.722 -3.933
1200 323.0 2.576 -1.036
1212 323.0 2.506 -1.596
1224 323.0 2.422 -2.044
1236 323.0 2.422 -2.24
1248 323.0 2.422 -2.436
1260 323.0 2.198 -2.744
1272 323.0 2.03 -2.996
1284 323.0 2.03 -2.996
1272 9.0 24.524 -6.411
1284 9.0 24.524 -6.411
1296 9.0 24.482 -6.411
1308 9.0 24.482 -6.411
1320 9.0 24.482 -6.411
1332 9.0 24.482 -6.411
1344 9.0 24.482 -6.411
1356 9.0 24.482 -6.411
1440 149.0 21.207 6.271
1452 149.0 21.207 6.271
1464 149.0 21.207 6.271
1476 149.0 21.207 6.271
1488 149.0 21.207 6.271
1500 149.0 21.207 6.271
1512 149.0 21.207 6.271
1524 149.0 21.207 6.271
1440 219.0 24.594 -7.377
1452 219.0 24.594 -7.377
1464 219.0 24.594 -7.377
1476 219.0 24.594 -7.377
1488 219.0 24.594 -7.377
1500 219.0 24.636 -7.377
1512 219.0 24.748 -7.377
1524 219.0 24.86 -7.335
1476 302.0 10.89 -14.6
1488 302.0 10.89 -14.544
1500 302.0 10.89 -14.292
1512 302.0 10.89 -13.956
1524 302.0 10.932 -13.648
1536 302.0 10.806 -13.34
1548 302.0 10.666 -13.088
1560 302.0 10.358 -12.808
1500 14.0 9.854 -13.83
1512 14.0 9.617 -13.83
1524 14.0 9.463 -13.774
1536 14.0 9.309 -13.718
1548 14.0 9.085 -13.662
1560 14.0 8.931 -13.578
1572 14.0 8.931 -13.578
1584 14.0 8.931 -13.578
1500 297.0 10.316 -13.298
1512 297.0 10.008 -13.298
1524 297.0 9.701 -13.242
1536 297.0 9.393 -13.172
1548 297.0 9.225 -13.102
1560 297.0 9.169 -13.046
1572 297.0 9.085 -12.976
1584 297.0 9.085 -12.976
1512 10.0 24.566 -6.383
1524 10.0 24.748 -6.355
1536 10.0 24.944 -6.327
1548 10.0 25.14 -6.285
1560 10.0 25.238 -6.285
1572 10.0 25.238 -6.411
1584 10.0 25.49 -6.537
1596 10.0 25.714 -6.607
1524 262.0 23.292 12.402
1536 262.0 22.481 12.402
1548 262.0 22.089 12.402
1560 262.0 22.243 12.458
1572 262.0 22.397 12.584
1584 262.0 22.397 12.584
1596 262.0 22.397 12.584
1608 262.0 22.397 12.584
1680 150.0 21.291 6.299
1692 150.0 21.291 6.299
1704 150.0 21.291 6.299
1716 150.0 21.333 6.299
1728 150.0 21.333 6.299
1740 150.0 21.333 6.299
1752 150.0 21.333 6.299
1764 150.0 21.333 6.299
1680 220.0 27.366 -8.511
1692 220.0 27.828 -8.651
1704 220.0 28.444 -8.777
1716 220.0 28.976 -8.833
1728 220.0 29.521 -8.903
1740 220.0 30.067 -8.959
1752 220.0 30.683 -8.959
1764 220.0 31.215 -9.029
1716 303.0 9.575 -12.248
1728 303.0 9.505 -12.108
1740 303.0 9.351 -12.052
1752 303.0 9.267 -11.94
1764 303.0 9.127 -11.8
1776 303.0 8.959 -11.8
1788 303.0 8.819 -11.8
1800 303.0 8.651 -11.744
1740 15.0 8.623 -13.396
1752 15.0 8.623 -13.396
1764 15.0 8.539 -13.326
1776 15.0 8.539 -13.326
1788 15.0 8.539 -13.326
1800 15.0 8.539 -13.326
1812 15.0 8.539 -13.326
1824 15.0 8.539 -13.326
1740 298.0 8.917 -12.794
1752 298.0 9.001 -12.724
1764 298.0 9.001 -12.724
1776 298.0 9.085 -12.724
1788 298.0 9.085 -12.654
1800 298.0 9.169 -12.654
1812 298.0 9.169 -12.654
1824 298.0 9.225 -12.598
1764 263.0 22.397 12.71
1776 263.0 22.481 12.71
1788 263.0 22.481 12.71
1800 263.0 22.481 12.71
1812 263.0 22.481 12.71
1824 263.0 22.481 12.71
1836 263.0 22.481 12.71
1848 263.0 22.481 12.71
1908 16.0 5.557 -14.6
1920 16.0 5.109 -14.348
1932 16.0 4.885 -13.9
1944 16.0 4.661 -13.536
1956 16.0 4.353 -13.2
1968 16.0 3.961 -12.892
1980 16.0 3.569 -12.64
1992 16.0 3.192 -12.304
1920 151.0 21.403 6.327
1932 151.0 21.445 6.327
1944 151.0 21.445 6.327
1956 151.0 21.445 6.327
1968 151.0 21.445 6.327
1980 151.0 21.445 6.327
1992 151.0 21.445 6.327
2004 151.0 21.487 6.355
1920 221.0 34.794 -8.971
1932 221.0 34.793 -8.961
1944 221.0 34.792 -8.95
1956 221.0 34.792 -8.94
1968 221.0 34.791 -8.929
1980 221.0 34.79 -8.919
1992 221.0 34.789 -8.908
2004 221.0 34.789 -8.898
1932 34.0 4.773 -14.726
1944 34.0 4.549 -14.446
1956 34.0 4.381 -14.124
1968 34.0 4.157 -13.844
1980 34.0 3.933 -13.564
1992 34.0 3.457 -13.298
2004 34.0 3.01 -13.116
2016 34.0 2.534 -12.976
1932 307.0 3.877 -14.852
1944 307.0 3.653 -14.6
1956 307.0 3.499 -14.292
1968 307.0 3.261 -13.998
1980 307.0 3.038 -13.746
1992 307.0 2.646 -13.62
2004 307.0 2.268 -13.494
2016 307.0 1.806 -13.424
1956 304.0 8.651 -11.744
1968 304.0 8.651 -11.744
1980 304.0 8.427 -11.744
1992 304.0 8.273 -11.744
2004 304.0 7.965 -11.744
2016 304.0 7.629 -11.702
2028 304.0 7.237 -11.632
2040 304.0 6.887 -11.576
1980 299.0 7.853 -12.402
1992 299.0 7.629 -12.402
2004 299.0 7.321 -12.346
2016 299.0 7.041 -12.276
2028 299.0 6.733 -12.22
2040 299.0 6.425 -12.178
2052 299.0 6.159 -12.122
2064 299.0 5.851 -12.066
2004 30.0 -3.275 14.628
2016 30.0 -3.275 14.054
2028 30.0 -3.275 13.438
2040 30.0 -3.275 12.878
2052 30.0 -3.275 12.262
2064 30.0 -3.275 11.66
2076 30.0 -3.275 11.086
2088 30.0 -3.275 10.442
2004 264.0 22.327 12.71
2016 264.0 22.131 12.794
2028 264.0 22.131 12.794
2040 264.0 22.215 12.878
2052 264.0 22.215 12.934
2064 264.0 22.215 12.934
2076 264.0 22.285 12.99
2088 264.0 22.285 13.06
2148 17.0 -2.772 -10.778
2160 17.0 -3.234 -10.722
2172 17.0 -3.779 -10.596
2184 17.0 -4.241 -10.526
2196 17.0 -4.703 -10.4
2208 17.0 -5.165 -10.33
2220 17.0 -5.627 -10.204
2232 17.0 -6.089 -10.148
2160 152.0 21.515 6.439
2172 152.0 21.515 6.439
2184 152.0 21.515 6.439
2196 152.0 21.515 6.439
2208 152.0 21.515 6.467
2220 152.0 21.515 6.467
2232 152.0 21.515 6.467
2244 152.0 21.515 6.467
2160 222.0 34.778 -8.762
2172 222.0 34.777 -8.751
2184 222.0 34.777 -8.741
2196 222.0 34.776 -8.73
2208 222.0 34.775 -8.72
2220 222.0 34.774 -8.709
2232 222.0 34.773 -8.699
2244 222.0 34.773 -8.688
2172 35.0 -3.625 -11.604
2184 35.0 -4.087 -11.492
2196 35.0 -4.465 -11.408
2208 35.0 -4.927 -11.352
2220 35.0 -5.389 -11.296
2232 35.0 -5.781 -11.156
2244 35.0 -6.243 -11.1
2256 35.0 -6.705 -11.044
2172 308.0 -4.199 -12.374
2184 308.0 -4.591 -12.318
2196 308.0 -4.969 -12.248
2208 308.0 -5.347 -12.178
2220 308.0 -5.739 -12.122
2232 308.0 -6.201 -12.066
2244 308.0 -6.579 -11.982
2256 308.0 -6.971 -11.926
2196 305.0 2.24 -10.918
2208 305.0 1.848 -10.918
2220 305.0 1.54 -10.834
2232 305.0 1.148 -10.778
2244 305.0 0.756 -10.778
2256 305.0 0.392 -10.722
2268 305.0 0.084 -10.722
2280 305.0 -0.308 -10.652
2220 300.0 1.274 -11.506
2232 300.0 0.882 -11.45
2244 300.0 0.49 -11.45
2256 300.0 0.112 -11.394
2268 300.0 -0.266 -11.394
2280 300.0 -0.658 -11.324
2292 300.0 -1.12 -11.324
2304 300.0 -1.498 -11.324
2244 31.0 -1.61 2.884
2256 31.0 -1.274 2.478
2268 31.0 -0.966 2.072
2280 31.0 -0.504 1.624
2292 31.0 0.0 1.232
2304 31.0 0.462 0.812
2316 31.0 0.994 0.448
2328 31.0 1.498 0.028
2244 265.0 22.355 13.774
2256 265.0 22.285 13.774
2268 265.0 22.215 13.774
2280 265.0 22.131 13.83
2292 265.0 22.047 13.83
2304 265.0 22.047 13.83
2316 265.0 21.977 13.83
2328 265.0 21.977 13.886
2388 18.0 -11.086 -9.183
2400 18.0 -11.394 -9.127
2412 18.0 -11.632 -9.057
2424 18.0 -11.94 -9.001
2436 18.0 -12.248 -8.931
2448 18.0 -12.556 -8.875
2460 18.0 -12.864 -8.875
2472 18.0 -13.172 -8.805
2400 153.0 21.557 6.579
2412 153.0 21.557 6.579
2424 153.0 21.585 6.579
2436 153.0 21.585 6.579
2448 153.0 21.585 6.579
2460 153.0 21.585 6.579
2472 153.0 21.585 6.579
2484 153.0 21.585 6.579
2400 223.0 34.762 -8.552
2412 223.0 34.761 -8.542
2424 223.0 34.76 -8.531
2436 223.0 34.76 -8.521
2448 223.0 34.759 -8.511
2460 223.0 34.758 -8.5
2472 223.0 34.757 -8.49
2484 223.0 34.673 -8.553
2412 36.0 -11.786 -9.952
2424 36.0 -12.094 -9.896
2436 36.0 -12.472 -9.812
2448 36.0 -12.864 -9.701
2460 36.0 -13.242 -9.645
2472 36.0 -13.55 -9.561
2484 36.0 -13.634 -9.505
2496 36.0 -13.634 -9.505
2412 309.0 -12.36 -11.1
2424 309.0 -12.738 -11.03
2436 309.0 -13.214 -10.974
2448 309.0 -13.592 -10.918
2460 309.0 -14.054 -10.834
2472 309.0 -14.446 -10.778
2484 309.0 -14.362 -10.722
2496 309.0 -14.138 -10.722
2436 306.0 -5.935 -10.022
2448 306.0 -6.383 -9.952
2460 306.0 -6.775 -9.882
2472 306.0 -7.251 -9.882
2484 306.0 -7.699 -9.826
2496 306.0 -8.175 -9.826
2508 306.0 -8.623 -9.882
2520 306.0 -8.931 -9.91
2460 301.0 -7.125 -10.61
2472 301.0 -7.587 -10.554
2484 301.0 -7.965 -10.61
2496 301.0 -8.441 -10.694
2508 301.0 -8.819 -10.778
2520 301.0 -9.239 -10.876
2532 301.0 -9.714 -10.974
2544 301.0 -10.12 -11.058
2484 32.0 5.627 -5.809
2496 32.0 5.991 -6.257
2508 32.0 6.313 -7.153
2520 32.0 7.195 -7.587
2532 32.0 7.503 -7.699
2544 32.0 7.923 -7.853
2556 32.0 8.399 -7.937
2568 32.0 8.889 -7.937
2496 296.0 -8.399 -11.38
2508 296.0 -9.043 -11.66
2520 296.0 -9.435 -11.66
2532 296.0 -9.854 -11.744
2544 296.0 -10.288 -11.8
2556 296.0 -10.694 -11.8
2568 296.0 -11.086 -11.94
2580 296.0 -11.478 -11.996
2508 311.0 -19.401 -13.858
2520 311.0 -17.749 -13.872
2532 311.0 -16.363 -13.774
2544 311.0 -14.516 -13.578
2556 311.0 -12.668 -13.396
2568 311.0 -10.974 -13.354
2580 311.0 -9.281 -13.326
2592 311.0 -7.545 -13.298
2628 19.0 -13.718 -8.861
2640 19.0 -13.718 -8.861
2652 19.0 -13.718 -8.861
2664 19.0 -13.718 -8.861
2676 19.0 -13.718 -8.861
2688 19.0 -13.718 -8.861
2700 19.0 -13.718 -8.861
2712 19.0 -13.718 -8.861
2640 154.0 21.585 6.621
2652 154.0 21.585 6.621
2664 154.0 21.585 6.621
2676 154.0 21.627 6.649
2688 154.0 21.627 6.649
2700 154.0 21.627 6.649
2712 154.0 21.627 6.649
2724 154.0 21.627 6.649
2640 224.0 29.171 -9.952
2652 224.0 28.794 -9.952
2664 224.0 28.486 -9.952
2676 224.0 28.024 -10.022
2688 224.0 27.408 -10.022
2700 224.0 26.862 -10.078
2712 224.0 26.246 -10.134
2724 224.0 25.714 -10.134
2652 37.0 -13.746 -10.022
2664 37.0 -13.746 -10.022
2676 37.0 -13.746 -10.022
2688 37.0 -13.746 -10.022
2700 37.0 -13.746 -10.022
2712 37.0 -13.746 -10.022
2724 37.0 -13.746 -10.022
2736 37.0 -13.746 -10.022
2652 310.0 -12.864 -8.413
2664 310.0 -12.864 -8.413
2676 310.0 -12.864 -8.413
2688 310.0 -12.864 -8.413
2700 310.0 -12.864 -8.413
2712 310.0 -12.864 -8.413
2724 310.0 -12.864 -8.413
2736 310.0 -12.864 -8.413
2724 33.0 16.475 -7.587
2736 33.0 17.007 -7.531
2748 33.0 17.539 -7.391
2760 33.0 18.099 -7.391
2772 33.0 18.631 -7.391
2784 33.0 19.163 -7.391
2796 33.0 19.695 -7.391
2808 33.0 20.255 -7.391
2856 56.0 21.977 13.508
2868 56.0 21.907 13.508
2880 56.0 21.907 13.508
2892 56.0 21.823 13.508
2904 56.0 21.739 13.508
2916 56.0 21.669 13.508
2928 56.0 21.669 13.508
2940 56.0 21.291 13.508
2868 20.0 -13.718 -8.861
2880 20.0 -13.718 -8.861
2892 20.0 -13.718 -8.861
2904 20.0 -13.718 -8.861
2916 20.0 -13.718 -8.861
2928 20.0 -13.718 -8.861
2940 20.0 -13.718 -8.861
2952 20.0 -13.718 -8.861
2880 155.0 21.669 6.677
2892 155.0 21.669 6.677
2904 155.0 21.669 6.677
2916 155.0 21.669 6.677
2928 155.0 21.669 6.677
2940 155.0 21.669 6.677
2952 155.0 21.669 6.677
2964 155.0 21.669 6.677
2880 225.0 18.323 -10.47
2892 225.0 17.973 -10.624
2904 225.0 17.623 -10.75
2916 225.0 17.203 -10.876
2928 225.0 16.811 -11.03
2940 225.0 16.279 -11.17
2952 225.0 15.748 -11.282
2964 225.0 15.202 -11.422
2892 38.0 -13.746 -10.022
2904 38.0 -13.746 -10.022
2916 38.0 -13.746 -10.022
2928 38.0 -13.746 -10.022
2940 38.0 -13.746 -10.022
2952 38.0 -13.746 -10.022
2964 38.0 -13.746 -10.022
2976 38.0 -13.746 -10.022
3012 76.0 -12.78 -9.603
3024 76.0 -12.78 -9.603
3036 76.0 -12.78 -9.603
3048 76.0 -12.78 -9.603
3060 76.0 -12.78 -9.603
3072 76.0 -12.78 -9.645
3084 76.0 -12.78 -9.645
3096 76.0 -12.78 -9.645
3048 62.0 -1.19 -2.814
3060 62.0 -1.19 -2.814
3072 62.0 -1.19 -2.814
3084 62.0 -1.12 -2.814
3096 62.0 -1.12 -2.814
3108 62.0 -1.05 -2.814
3120 62.0 -1.05 -2.814
3132 62.0 -1.05 -2.814
3096 57.0 22.029 13.55
3108 57.0 22.086 13.553
3120 57.0 22.143 13.556
3132 57.0 22.199 13.559
3144 57.0 22.256 13.562
3156 57.0 22.285 13.564
3168 57.0 22.285 13.564
3180 57.0 22.285 13.564
3108 21.0 -13.718 -8.861
3120 21.0 -13.718 -8.861
3132 21.0 -13.718 -8.861
3144 21.0 -13.718 -8.861
3156 21.0 -13.718 -8.861
3168 21.0 -13.718 -8.833
3180 21.0 -13.718 -8.833
3192 21.0 -13.718 -8.833
3120 156.0 21.627 6.593
3132 156.0 21.627 6.565
3144 156.0 21.627 6.565
3156 156.0 21.627 6.523
3168 156.0 21.627 6.523
3180 156.0 21.627 6.523
3192 156.0 21.627 6.523
3204 156.0 21.585 6.495
3120 226.0 8.539 -12.598
3132 226.0 8.161 -12.598
3144 226.0 7.699 -12.598
3156 226.0 6.999 -12.724
3168 226.0 6.313 -12.864
3180 226.0 6.005 -12.892
3192 226.0 5.697 -12.892
3204 226.0 5.081 -13.074
3132 39.0 -14.054 -10.148
3144 39.0 -14.054 -10.148
3156 39.0 -14.096 -10.148
3168 39.0 -14.096 -10.148
3180 39.0 -14.18 -10.204
3192 39.0 -14.18 -10.204
3204 39.0 -14.208 -10.204
3216 39.0 -14.208 -10.204
3252 77.0 -12.822 -9.701
3264 77.0 -12.822 -9.701
3276 77.0 -12.822 -9.701
3288 77.0 -12.822 -9.701
3300 77.0 -12.822 -9.701
3312 77.0 -12.822 -9.701
3324 77.0 -12.822 -9.728
3336 77.0 -12.864 -9.728
3288 63.0 -0.924 -2.94
3300 63.0 -0.924 -2.94
3312 63.0 -0.854 -2.884
3324 63.0 -0.77 -2.814
3336 63.0 -0.7 -2.814
3348 63.0 -0.7 -2.744
3360 63.0 -0.616 -2.688
3372 63.0 -0.546 -2.688
3336 212.0 24.524 -14.124
3348 212.0 24.664 -13.62
3360 212.0 24.874 -13.13
3372 212.0 24.636 -12.696
3384 212.0 24.72 -12.122
3396 212.0 24.79 -11.52
3408 212.0 24.832 -10.974
3420 212.0 24.832 -10.47
3348 22.0 -13.718 -8.805
3360 22.0 -13.718 -8.805
3372 22.0 -13.718 -8.805
3384 22.0 -13.718 -8.805
3396 22.0 -13.718 -8.805
3408 22.0 -13.718 -8.805
3420 22.0 -13.718 -8.805
3432 22.0 -13.718 -8.805
3360 157.0 21.543 6.369
3372 157.0 21.543 6.369
3384 157.0 21.543 6.327
3396 157.0 21.543 6.327
3408 157.0 21.515 6.299
3420 157.0 21.515 6.299
3432 157.0 21.515 6.299
3444 157.0 21.515 6.299
3360 227.0 -1.848 -13.9
3372 227.0 -2.31 -13.97
3384 227.0 -3.08 -14.096
3396 227.0 -3.779 -14.222
3408 227.0 -4.619 -14.222
3420 227.0 -5.389 -14.292
3432 227.0 -5.851 -14.292
3444 227.0 -6.397 -14.292
3372 40.0 -14.432 -10.26
3384 40.0 -14.432 -10.26
3396 40.0 -14.432 -10.26
3408 40.0 -14.432 -10.26
3420 40.0 -14.432 -10.26
3432 40.0 -14.432 -10.26
3444 40.0 -14.432 -10.26
3456 40.0 -14.432 -10.26
3492 78.0 -12.864 -9.784
3504 78.0 -12.906 -9.756
3516 78.0 -12.906 -9.756
3528 78.0 -12.906 -9.756
3540 78.0 -12.906 -9.756
3552 78.0 -12.948 -9.756
3564 78.0 -12.948 -9.728
3576 78.0 -12.948 -9.728
3504 50.0 11.548 9.645
3516 50.0 11.548 9.645
3528 50.0 11.548 9.645
3540 50.0 11.548 9.645
3552 50.0 11.548 9.645
3564 50.0 11.548 9.645
3576 50.0 11.548 9.645
3588 50.0 11.548 9.645
3528 64.0 1.848 -2.912
3540 64.0 2.072 -3.164
3552 64.0 2.226 -3.415
3564 64.0 2.31 -3.485
3576 64.0 2.464 -3.541
3588 64.0 2.38 -3.415
3600 64.0 2.226 -3.234
3612 64.0 2.002 -3.038
3588 23.0 -13.746 -8.777
3600 23.0 -13.746 -8.777
3612 23.0 -13.746 -8.777
3624 23.0 -13.704 -8.777
3636 23.0 -13.704 -8.777
3648 23.0 -13.704 -8.777
3660 23.0 -13.704 -8.777
3672 23.0 -13.704 -8.777
3600 158.0 21.445 6.271
3612 158.0 21.445 6.271
3624 158.0 21.445 6.271
3636 158.0 21.445 6.271
3648 158.0 21.445 6.271
3660 158.0 21.445 6.271
3672 158.0 21.403 6.299
3684 158.0 21.403 6.299
3612 41.0 -14.278 -10.176
3624 41.0 -14.236 -10.176
3636 41.0 -14.236 -10.176
3648 41.0 -14.208 -10.148
3660 41.0 -14.208 -10.148
3672 41.0 -14.166 -10.148
3684 41.0 -14.166 -10.078
3696 41.0 -14.124 -10.078
3696 11.0 17.931 -14.446
3708 11.0 17.707 -14.32
3720 11.0 17.469 -14.012
3732 11.0 17.161 -13.564
3744 11.0 16.853 -13.116
3756 11.0 16.475 -12.724
3768 11.0 16.014 -12.276
3780 11.0 15.552 -11.828
3732 79.0 -13.102 -9.659
3744 79.0 -13.102 -9.659
3756 79.0 -13.102 -9.631
3768 79.0 -13.13 -9.631
3780 79.0 -13.13 -9.631
3792 79.0 -13.13 -9.631
3804 79.0 -13.172 -9.631
3816 79.0 -13.172 -9.631
3744 51.0 11.702 9.645
3756 51.0 11.702 9.645
3768 51.0 11.702 9.645
3780 51.0 11.702 9.645
3792 51.0 11.702 9.645
3804 51.0 11.702 9.645
3816 51.0 11.702 9.645
3828 51.0 11.702 9.645
3768 65.0 1.386 -2.534
3780 65.0 1.386 -2.534
3792 65.0 1.302 -2.534
3804 65.0 1.302 -2.534
3816 65.0 1.302 -2.534
3828 65.0 1.302 -2.534
3840 65.0 1.302 -2.534
3852 65.0 1.232 -2.464
3828 24.0 -13.662 -8.805
3840 24.0 -13.662 -8.805
3852 24.0 -13.62 -8.805
3864 24.0 -13.62 -8.805
3876 24.0 -13.62 -8.805
3888 24.0 -13.62 -8.805
3900 24.0 -13.62 -8.805
3912 24.0 -13.62 -8.805
3840 159.0 21.319 6.341
3852 159.0 21.319 6.341
3864 159.0 21.319 6.341
3876 159.0 21.319 6.341
3888 159.0 21.319 6.341
3900 159.0 21.319 6.341
3912 159.0 21.319 6.341
3924 159.0 21.319 6.369
3852 42.0 -13.9 -9.952
3864 42.0 -13.9 -9.952
3876 42.0 -13.97 -9.952
3888 42.0 -14.054 -9.952
3900 42.0 -14.054 -9.952
3912 42.0 -14.054 -9.826
3924 42.0 -14.054 -9.826
3936 42.0 -14.054 -9.826
3936 12.0 7.461 -8.581
3948 12.0 6.775 -8.525
3960 12.0 6.075 -8.525
3972 12.0 5.459 -8.455
3984 12.0 4.843 -8.385
3996 12.0 4.227 -8.273
4008 12.0 3.387 -8.273
4020 12.0 2.576 -8.231
3936 276.0 11.086 9.197
3948 276.0 10.666 9.197
3960 276.0 10.498 9.267
3972 276.0 10.274 9.267
3984 276.0 10.05 9.337
3996 276.0 9.812 9.463
4008 276.0 9.589 9.812
4020 276.0 9.309 10.19
3972 4.0 -9.784 -14.502
3984 4.0 -10.246 -14.502
3996 4.0 -10.862 -14.53
4008 4.0 -11.352 -14.474
4020 4.0 -11.786 -14.32
4032 4.0 -12.164 -14.194
4044 4.0 -12.514 -14.04
4056 4.0 -12.906 -13.872
3972 80.0 -13.004 -9.533
3984 80.0 -13.004 -9.533
3996 80.0 -13.004 -9.533
4008 80.0 -13.046 -9.533
4020 80.0 -13.046 -9.533
4032 80.0 -13.046 -9.533
4044 80.0 -13.046 -9.533
4056 80.0 -13.018 -9.533
3984 52.0 11.156 9.966
3996 52.0 10.848 10.036
4008 52.0 10.582 10.162
4020 52.0 10.344 10.414
4032 52.0 10.12 10.61
4044 52.0 9.924 10.862
4056 52.0 9.84 11.128
4068 52.0 9.701 11.38
4008 66.0 0.952 -2.688
4020 66.0 0.952 -2.688
4032 66.0 0.91 -2.688
4044 66.0 0.91 -2.688
4056 66.0 0.882 -2.688
4068 66.0 0.882 -2.688
4080 66.0 0.882 -2.688
4092 66.0 0.84 -2.688
4008 273.0 22.523 0.924
4020 273.0 22.593 1.176
4032 273.0 21.599 1.148
4044 273.0 20.983 0.98
4056 273.0 20.325 0.854
4068 273.0 19.513 0.784
4080 273.0 18.827 0.756
4092 273.0 18.211 0.756
4068 25.0 -13.83 -8.861
4080 25.0 -13.788 -8.861
4092 25.0 -13.788 -8.861
4104 25.0 -13.788 -8.861
4116 25.0 -13.816 -8.861
4128 25.0 -13.816 -8.861
4140 25.0 -13.816 -8.875
4152 25.0 -13.774 -8.875
4080 27.0 33.021 8.119
4092 27.0 33.147 8.119
4104 27.0 32.755 8.245
4116 27.0 32.447 8.441
4128 27.0 32.363 8.819
4140 27.0 32.363 8.889
4152 27.0 31.985 9.84
4164 27.0 31.831 10.414
4080 160.0 21.361 6.369
4092 160.0 21.361 6.369
4104 160.0 21.361 6.369
4116 160.0 21.361 6.369
4128 160.0 21.361 6.341
4140 160.0 21.361 6.341
4152 160.0 21.403 6.341
4164 160.0 21.403 6.341
4092 43.0 -14.012 -9.854
4104 43.0 -14.012 -9.854
4116 43.0 -14.012 -9.854
4128 43.0 -13.984 -9.854
4140 43.0 -13.984 -9.854
4152 43.0 -13.984 -9.854
4164 43.0 -13.984 -9.854
4176 43.0 -14.026 -9.854
4176 13.0 -5.711 -5.263
4188 13.0 -6.243 -4.885
4200 13.0 -6.859 -4.507
4212 13.0 -7.391 -4.115
4224 13.0 -8.007 -3.737
4236 13.0 -8.539 -3.234
4248 13.0 -9.015 -2.716
4260 13.0 -9.463 -2.212
4176 277.0 7.946 12.368
4188 277.0 7.95 12.374
4200 277.0 7.954 12.381
4212 277.0 7.958 12.387
4224 277.0 7.962 12.393
4236 277.0 7.966 12.4
4248 277.0 7.97 12.406
4260 277.0 7.974 12.413
4212 81.0 -12.892 -9.505
4224 81.0 -12.892 -9.505
4236 81.0 -12.864 -9.505
4248 81.0 -12.864 -9.505
4260 81.0 -12.906 -9.477
4272 81.0 -12.906 -9.477
4284 81.0 -12.864 -9.477
4296 81.0 -12.864 -9.477
4224 53.0 8.742 13.1
4236 53.0 8.75 13.102
4248 53.0 8.758 13.104
4260 53.0 8.766 13.106
4272 53.0 8.774 13.108
4284 53.0 8.782 13.11
4296 53.0 8.79 13.112
4308 53.0 8.798 13.114
4248 67.0 0.07 -2.66
4260 67.0 -0.154 -2.66
4272 67.0 -0.308 -2.66
4284 67.0 -0.462 -2.618
4296 67.0 -0.462 -2.618
4308 67.0 -0.546 -2.618
4320 67.0 -0.546 -2.618
4332 67.0 -0.616 -2.618
4248 274.0 10.89 -0.112
4260 274.0 10.428 -0.168
4272 274.0 9.966 -0.294
4284 274.0 9.505 -0.364
4296 274.0 9.043 -0.42
4308 274.0 8.581 -0.476
4320 274.0 8.077 -0.616
4332 274.0 7.461 -0.672
4308 26.0 -13.83 -8.875
4320 26.0 -13.858 -8.875
4332 26.0 -13.858 -8.875
4344 26.0 -13.858 -8.875
4356 26.0 -13.858 -8.875
4368 26.0 -13.858 -8.875
4380 26.0 -13.858 -8.875
4392 26.0 -13.858 -8.875
4320 161.0 21.473 6.327
4332 161.0 21.473 6.327
4344 161.0 21.473 6.355
4356 161.0 21.473 6.355
4368 161.0 21.515 6.355
4380 161.0 21.515 6.327
4392 161.0 21.515 6.327
4404 161.0 21.515 6.327
4332 44.0 -13.928 -9.896
4344 44.0 -13.97 -9.896
4356 44.0 -13.97 -9.896
4368 44.0 -13.97 -9.896
4380 44.0 -13.942 -9.896
4392 44.0 -13.942 -9.896
4404 44.0 -13.942 -9.896
4416 44.0 -13.942 -9.896
4392 270.0 34.337 -8.777
4404 270.0 33.945 -8.777
4416 270.0 33.567 -8.777
4428 270.0 33.105 -8.777
4440 270.0 32.713 -8.833
4452 270.0 32.335 -8.833
4464 270.0 31.943 -8.833
4476 270.0 31.411 -8.833
4416 278.0 8.028 12.496
4428 278.0 8.032 12.503
4440 278.0 8.036 12.509
4452 278.0 8.04 12.515
4464 278.0 8.044 12.522
4476 278.0 8.048 12.528
4488 278.0 8.052 12.535
4500 278.0 8.057 12.541
4452 82.0 -12.752 -9.435
4464 82.0 -12.71 -9.435
4476 82.0 -12.71 -9.435
4488 82.0 -12.71 -9.435
4500 82.0 -12.668 -9.379
4512 82.0 -12.71 -9.379
4524 82.0 -12.71 -9.379
4536 82.0 -12.71 -9.379
4464 54.0 8.901 13.14
4476 54.0 8.909 13.142
4488 54.0 8.917 13.144
4500 54.0 8.925 13.146
4512 54.0 8.933 13.148
4524 54.0 8.94 13.15
4536 54.0 8.949 13.152
4548 54.0 8.956 13.154
4488 68.0 0.84 -2.968
4500 68.0 0.994 -2.968
4512 68.0 1.372 -3.01
4524 68.0 1.806 -2.968
4536 68.0 2.268 -3.01
4548 68.0 2.422 -3.066
4560 68.0 2.576 -3.136
4572 68.0 2.73 -3.261
4488 275.0 0.224 -1.372
4500 275.0 -0.308 -1.512
4512 275.0 -0.84 -1.666
4524 275.0 -1.386 -1.82
4536 275.0 -1.918 -1.946
4548 275.0 -2.478 -2.016
4560 275.0 -3.094 -2.268
4572 275.0 -3.625 -2.464
4560 162.0 21.557 6.369
4572 162.0 21.515 6.369
4584 162.0 21.515 6.369
4596 162.0 21.515 6.369
4608 162.0 21.515 6.369
4620 162.0 21.515 6.369
4632 162.0 21.473 6.369
4644 162.0 21.473 6.369
4572 45.0 -13.942 -9.868
4584 45.0 -13.942 -9.868
4596 45.0 -13.942 -9.868
4608 45.0 -13.984 -9.868
4620 45.0 -13.984 -9.826
4632 45.0 -13.984 -9.826
4644 45.0 -13.984 -9.826
4656 45.0 -13.984 -9.826
4632 271.0 24.874 -8.525
4644 271.0 24.314 -8.525
4656 271.0 23.782 -8.525
4668 271.0 23.166 -8.581
4680 271.0 22.635 -8.637
4692 271.0 22.103 -8.707
4704 271.0 21.487 -8.707
4716 271.0 21.011 -8.637
4656 279.0 8.11 12.624
4668 279.0 8.114 12.631
4680 279.0 8.118 12.637
4692 279.0 8.122 12.644
4704 279.0 8.126 12.65
4716 279.0 8.13 12.656
4728 279.0 8.134 12.663
4740 279.0 8.139 12.669
4692 83.0 -12.822 -9.281
4704 83.0 -12.864 -9.281
4716 83.0 -12.864 -9.281
4728 83.0 -12.864 -9.281
4740 83.0 -12.864 -9.281
4752 83.0 -12.906 -9.253
4764 83.0 -12.906 -9.253
4776 83.0 -12.906 -9.253
4704 55.0 9.059 13.18
4716 55.0 9.068 13.182
4728 55.0 9.075 13.184
4740 55.0 9.083 13.186
4752 55.0 9.155 12.864
4764 55.0 9.239 12.486
4776 55.0 9.309 12.108
4788 55.0 9.393 11.716
4728 69.0 2.73 -7.587
4740 69.0 2.576 -7.783
4752 69.0 2.422 -7.909
4764 69.0 2.184 -8.231
4776 69.0 1.96 -8.483
4788 69.0 1.876 -8.553
4800 69.0 1.876 -8.553
4812 69.0 1.876 -8.553
4800 163.0 21.445 6.369
4812 163.0 21.445 6.369
4824 163.0 21.403 6.369
4836 163.0 21.403 6.369
4848 163.0 21.403 6.369
4860 163.0 21.403 6.369
4872 163.0 21.403 6.369
4884 163.0 21.361 6.369
4812 46.0 -14.012 -9.742
4824 46.0 -14.012 -9.742
4836 46.0 -14.012 -9.701
4848 46.0 -14.012 -9.701
4860 46.0 -14.012 -9.701
4872 46.0 -14.012 -9.701
4884 46.0 -14.012 -9.701
4896 46.0 -14.012 -9.673
4932 84.0 -13.018 -9.183
4944 84.0 -13.018 -9.155
4956 84.0 -13.06 -9.155
4968 84.0 -13.06 -9.155
4980 84.0 -13.06 -9.155
4992 84.0 -13.06 -9.155
5004 84.0 -13.102 -9.155
5016 84.0 -13.102 -9.155
4968 70.0 1.876 -8.553
4980 70.0 1.876 -8.553
4992 70.0 1.876 -8.553
5004 70.0 1.834 -8.553
5016 70.0 1.834 -8.427
5028 70.0 1.876 -8.329
5040 70.0 1.848 -8.231
5052 70.0 1.89 -8.147
5004 58.0 1.876 -4.283
5016 58.0 1.876 -4.283
5028 58.0 1.876 -4.283
5040 58.0 1.876 -4.283
5052 58.0 1.876 -4.283
5064 58.0 1.876 -4.283
5076 58.0 1.876 -4.283
5088 58.0 1.876 -4.283
5004 199.0 -13.704 -8.735
5016 199.0 -13.704 -8.735
5028 199.0 -13.704 -8.735
5040 199.0 -13.704 -8.735
5052 199.0 -13.704 -8.735
5064 199.0 -13.634 -8.735
5076 199.0 -13.634 -8.735
5088 199.0 -13.634 -8.735
5040 164.0 21.319 6.355
5052 164.0 21.319 6.355
5064 164.0 21.319 6.355
5076 164.0 21.319 6.355
5088 164.0 21.319 6.355
5100 164.0 21.319 6.355
5112 164.0 21.319 6.355
5124 164.0 21.319 6.355
5052 47.0 -14.166 -9.701
5064 47.0 -14.166 -9.742
5076 47.0 -14.166 -9.742
5088 47.0 -14.208 -9.77
5100 47.0 -14.25 -9.77
5112 47.0 -14.25 -9.798
5124 47.0 -14.278 -9.826
5136 47.0 -14.278 -9.826
5172 85.0 -13.172 -9.407
5184 85.0 -13.172 -9.407
5196 85.0 -13.172 -9.449
5208 85.0 -13.172 -9.449
5220 85.0 -13.172 -9.477
5232 85.0 -13.172 -9.477
5244 85.0 -13.214 -9.505
5256 85.0 -13.214 -9.505
5208 71.0 3.611 -3.415
5220 71.0 3.22 -2.968
5232 71.0 2.912 -2.856
5244 71.0 2.604 -2.66
5256 71.0 2.296 -2.52
5268 71.0 1.988 -2.408
5280 71.0 1.68 -2.212
5292 71.0 1.456 -2.324
5232 49.0 3.345 14.46
5244 49.0 3.415 14.012
5256 49.0 3.499 13.508
5268 49.0 3.653 13.06
5280 49.0 3.723 12.612
5292 49.0 3.807 12.164
5304 49.0 3.891 11.66
5316 49.0 3.961 11.142
5244 59.0 1.876 -4.283
5256 59.0 1.876 -4.283
5268 59.0 1.876 -4.283
5280 59.0 1.876 -4.283
5292 59.0 1.876 -4.283
5304 59.0 1.876 -4.283
5316 59.0 1.876 -4.283
5328 59.0 1.876 -4.283
5244 200.0 -13.396 -8.735
5256 200.0 -13.396 -8.735
5268 200.0 -13.396 -8.735
5280 200.0 -13.326 -8.735
5292 200.0 -13.326 -8.735
5304 200.0 -13.326 -8.735
5316 200.0 -13.326 -8.735
5328 200.0 -13.242 -8.735
5280 165.0 21.319 6.327
5292 165.0 21.319 6.327
5304 165.0 21.319 6.327
5316 165.0 21.319 6.327
5328 165.0 21.319 6.327
5340 165.0 21.319 6.327
5352 165.0 21.319 6.327
5364 165.0 21.319 6.327
5292 48.0 -14.586 -10.12
5304 48.0 -14.586 -10.12
5316 48.0 -14.586 -10.148
5328 48.0 -14.67 -10.176
5340 48.0 -14.67 -10.176
5352 48.0 -14.67 -10.204
5364 48.0 -14.67 -10.204
5376 48.0 -14.978 -10.274
5448 72.0 1.932 -3.471
5460 72.0 1.988 -3.471
5472 72.0 2.072 -3.555
5484 72.0 2.156 -3.555
5496 72.0 2.156 -3.471
5508 72.0 2.24 -3.415
5520 72.0 2.268 -3.331
5532 72.0 2.31 -3.247
5484 60.0 1.876 -4.283
5496 60.0 1.876 -4.283
5508 60.0 1.834 -4.311
5520 60.0 1.834 -4.311
5532 60.0 1.834 -4.311
5544 60.0 1.834 -4.311
5556 60.0 1.834 -4.311
5568 60.0 1.834 -4.311
5484 192.0 -4.941 14.558
5496 192.0 -4.997 14.18
5508 192.0 -5.081 13.76
5520 192.0 -5.081 13.256
5532 192.0 -5.081 12.78
5544 192.0 -5.165 12.332
5556 192.0 -5.165 11.814
5568 192.0 -5.165 11.338
5484 201.0 -9.015 -10.652
5496 201.0 -8.399 -10.778
5508 201.0 -7.853 -10.848
5520 201.0 -7.321 -10.848
5532 201.0 -6.705 -10.848
5544 201.0 -6.159 -10.876
5556 201.0 -5.627 -10.876
5568 201.0 -5.081 -10.904
5496 74.0 3.695 -2.772
5508 74.0 3.192 -2.59
5520 74.0 2.842 -2.268
5532 74.0 2.534 -1.988
5544 74.0 2.184 -1.666
5556 74.0 1.848 -1.344
5568 74.0 1.61 -1.022
5580 74.0 1.848 -0.644
5520 166.0 21.319 6.327
5532 166.0 21.319 6.327
5544 166.0 21.319 6.327
5556 166.0 21.319 6.327
5568 166.0 21.319 6.327
5580 166.0 21.319 6.369
5592 166.0 21.319 6.369
5604 166.0 21.361 6.369
5544 205.0 -18.673 -6.635
5556 205.0 -18.141 -6.635
5568 205.0 -17.595 -6.635
5580 205.0 -17.049 -6.579
5592 205.0 -16.517 -6.579
5604 205.0 -15.986 -6.579
5616 205.0 -15.44 -6.509
5628 205.0 -14.894 -6.509
5676 195.0 -19.177 0.728
5688 195.0 -19.177 0.728
5700 195.0 -19.023 0.336
5712 195.0 -18.869 -0.07
5724 195.0 -18.631 -0.476
5736 195.0 -18.407 -0.924
5748 195.0 -18.253 -1.316
5760 195.0 -18.015 -1.764
5676 197.0 -18.981 2.73
5688 197.0 -18.981 2.73
5700 197.0 -18.827 2.352
5712 197.0 -18.603 1.834
5724 197.0 -18.365 1.386
5736 197.0 -18.127 0.938
5748 197.0 -17.903 0.504
5760 197.0 -17.679 0.056
5688 73.0 1.778 -2.842
5700 73.0 1.694 -2.786
5712 73.0 1.61 -2.786
5724 73.0 1.61 -2.786
5736 73.0 1.526 -2.716
5748 73.0 1.47 -2.716
5760 73.0 1.386 -2.66
5772 73.0 1.302 -2.66
5724 61.0 1.806 -4.283
5736 61.0 1.806 -4.283
5748 61.0 1.806 -4.283
5760 61.0 1.806 -4.283
5772 61.0 1.806 -4.283
5784 61.0 1.806 -4.283
5796 61.0 1.806 -4.283
5808 61.0 1.806 -4.283
5724 193.0 -5.557 5.025
5736 193.0 -5.557 4.591
5748 193.0 -5.557 4.073
5760 193.0 -5.557 3.583
5772 193.0 -5.473 2.968
5784 193.0 -5.389 2.324
5796 193.0 -5.249 1.736
5808 193.0 -5.165 1.12
5724 202.0 2.156 -11.03
5736 202.0 2.688 -11.072
5748 202.0 3.234 -11.072
5760 202.0 3.765 -11.072
5772 202.0 4.311 -11.128
5784 202.0 4.773 -11.198
5796 202.0 5.235 -11.254
5808 202.0 5.697 -11.324
5736 75.0 7.083 2.226
5748 75.0 7.699 2.282
5760 75.0 8.315 2.352
5772 75.0 8.847 2.422
5784 75.0 9.547 2.478
5796 75.0 10.232 2.478
5808 75.0 10.932 2.478
5820 75.0 11.702 2.478
5760 167.0 21.389 6.495
5772 167.0 21.389 6.495
5784 167.0 21.389 6.495
5796 167.0 21.389 6.537
5808 167.0 21.431 6.537
5820 167.0 21.431 6.537
5832 167.0 21.431 6.537
5844 167.0 21.431 6.537
5784 206.0 -8.091 -5.585
5796 206.0 -7.545 -5.389
5808 206.0 -7.083 -5.179
5820 206.0 -6.551 -4.941
5832 206.0 -6.089 -4.759
5844 206.0 -5.543 -4.535
5856 206.0 -5.081 -4.311
5868 206.0 -4.549 -4.115
5844 266.0 0.42 14.628
5856 266.0 0.42 14.432
5868 266.0 0.42 14.236
5880 266.0 0.49 14.04
5892 266.0 0.49 13.858
5904 266.0 0.574 13.606
5916 266.0 0.574 13.41
5928 266.0 0.574 13.228
5916 196.0 -14.32 -6.509
5928 196.0 -13.942 -6.761
5940 196.0 -13.55 -7.083
5952 196.0 -13.172 -7.405
5964 196.0 -12.78 -7.657
5976 196.0 -12.402 -7.979
5988 196.0 -11.94 -8.231
6000 196.0 -11.702 -8.553
5916 198.0 -13.942 -4.717
5928 198.0 -13.592 -5.053
5940 198.0 -13.242 -5.305
5952 198.0 -12.864 -5.557
5964 198.0 -12.556 -5.809
5976 198.0 -12.164 -6.061
5988 198.0 -11.786 -6.313
6000 198.0 -11.478 -6.705
5964 194.0 -6.537 -6.215
5976 194.0 -6.705 -6.733
5988 194.0 -6.845 -7.307
6000 194.0 -7.013 -7.811
6012 194.0 -7.433 -8.231
6024 194.0 -7.825 -8.581
6036 194.0 -8.175 -8.959
6048 194.0 -8.581 -9.309
5964 203.0 11.548 -12.15
5976 203.0 12.01 -12.22
5988 203.0 12.472 -12.276
6000 203.0 12.934 -12.318
6012 203.0 13.27 -12.374
6024 203.0 13.704 -12.374
6036 203.0 14.124 -12.43
6048 203.0 14.516 -12.43
6000 168.0 21.515 6.677
6012 168.0 21.515 6.649
6024 168.0 21.515 6.649
6036 168.0 21.515 6.649
6048 168.0 21.515 6.649
6060 168.0 21.515 6.649
6072 168.0 21.515 6.649
6084 168.0 21.515 6.649
6000 280.0 22.942 3.527
6012 280.0 22.942 4.101
6024 280.0 23.012 4.675
6036 280.0 23.012 5.249
6048 280.0 23.096 5.823
6060 280.0 23.096 6.397
6072 280.0 23.166 6.971
6084 280.0 23.166 7.489
6024 207.0 2.604 -1.386
6036 207.0 3.22 -1.316
6048 207.0 3.779 -1.246
6060 207.0 4.395 -1.19
6072 207.0 4.927 -1.162
6084 207.0 5.543 -1.078
6096 207.0 6.075 -1.022
6108 207.0 6.691 -0.994
6084 267.0 1.232 10.806
6096 267.0 1.148 10.61
6108 267.0 1.148 10.414
6120 267.0 1.148 10.218
6132 267.0 1.078 10.064
6144 267.0 1.078 9.882
6156 267.0 0.994 9.687
6168 267.0 0.994 9.491
6204 204.0 14.824 -13.018
6216 204.0 14.824 -13.018
6228 204.0 14.824 -13.074
6240 204.0 14.824 -13.074
6252 204.0 14.824 -13.074
6264 204.0 14.824 -13.074
6276 204.0 14.824 -13.074
6288 204.0 14.824 -13.074
6240 169.0 21.515 6.649
6252 169.0 21.557 6.677
6264 169.0 21.557 6.677
6276 169.0 21.557 6.677
6288 169.0 21.557 6.677
6300 169.0 21.557 6.677
6312 169.0 21.557 6.677
6324 169.0 21.557 6.677
6240 281.0 22.635 11.436
6252 281.0 22.635 11.436
6264 281.0 22.635 11.436
6276 281.0 22.635 11.436
6288 281.0 22.635 11.436
6300 281.0 22.635 11.492
6312 281.0 22.635 11.492
6324 281.0 22.635 11.492
6324 268.0 1.54 7.195
6336 268.0 1.54 6.999
6348 268.0 1.848 6.551
6360 268.0 2.156 6.103
6372 268.0 2.464 5.655
6384 268.0 2.688 5.207
6396 268.0 2.996 4.773
6408 268.0 3.303 4.255
6336 112.0 1.736 -2.268
6348 112.0 1.372 -2.268
6360 112.0 1.008 -2.268
6372 112.0 0.7 -2.268
6384 112.0 0.308 -2.268
6396 112.0 0.0 -2.268
6408 112.0 -0.308 -2.268
6420 112.0 -0.7 -2.296
6396 272.0 -2.198 -14.46
6408 272.0 -2.926 -14.628
6420 272.0 -3.471 -14.628
6432 272.0 -4.003 -14.628
6444 272.0 -4.549 -14.628
6456 272.0 -5.165 -14.628
6468 272.0 -5.781 -14.628
6480 272.0 -6.313 -14.572
6480 170.0 21.557 6.677
6492 170.0 21.557 6.677
6504 170.0 21.557 6.649
6516 170.0 21.557 6.649
6528 170.0 21.557 6.649
6540 170.0 21.557 6.649
6552 170.0 21.557 6.621
6564 170.0 21.557 6.621
6480 282.0 22.551 11.492
6492 282.0 22.635 11.436
6504 282.0 22.746 11.38
6516 282.0 22.746 11.38
6528 282.0 22.746 11.436
6540 282.0 22.746 11.492
6552 282.0 22.746 11.52
6564 282.0 22.746 11.562
6504 102.0 1.806 -4.087
6516 102.0 1.806 -4.087
6528 102.0 1.806 -4.087
6540 102.0 1.806 -4.087
6552 102.0 1.806 -4.087
6564 102.0 1.806 -4.087
6576 102.0 1.806 -4.087
6588 102.0 1.806 -4.087
6564 269.0 9.477 2.002
6576 269.0 10.008 1.75
6588 269.0 10.498 1.484
6600 269.0 11.114 1.428
6612 269.0 11.66 1.4
6624 269.0 12.206 1.358
6636 269.0 12.738 1.33
6648 269.0 13.27 1.33
6576 113.0 -2.772 -2.268
6588 113.0 -2.31 -2.268
6600 113.0 -1.932 -2.198
6612 113.0 -1.54 -2.198
6624 113.0 -1.232 -2.268
6636 113.0 -1.008 -2.338
6648 113.0 -0.7 -2.394
6660 113.0 -0.308 -2.464
6720 171.0 21.515 6.495
6732 171.0 21.515 6.495
6744 171.0 21.515 6.495
6756 171.0 21.515 6.425
6768 171.0 21.515 6.425
6780 171.0 21.515 6.425
6792 171.0 21.515 6.425
6804 171.0 21.515 6.397
6720 283.0 22.746 12.136
6732 283.0 22.746 12.164
6744 283.0 22.746 12.234
6756 283.0 22.746 12.234
6768 283.0 22.662 12.29
6780 283.0 22.593 12.29
6792 283.0 22.593 12.29
6804 283.0 22.523 12.29
6744 103.0 1.806 -4.087
6756 103.0 1.806 -4.087
6768 103.0 1.806 -4.087
6780 103.0 1.806 -4.087
6792 103.0 1.806 -4.087
6804 103.0 1.806 -4.087
6816 103.0 1.806 -4.087
6828 103.0 1.806 -4.087
6816 114.0 0.77 -2.758
6828 114.0 0.77 -2.758
6840 114.0 0.77 -2.674
6852 114.0 0.77 -2.674
6864 114.0 0.686 -2.674
6876 114.0 0.462 -2.674
6888 114.0 0.224 -2.674
6900 114.0 0.154 -2.814
6960 172.0 21.473 6.271
6972 172.0 21.473 6.271
6984 172.0 21.473 6.271
6996 172.0 21.473 6.271
7008 172.0 21.445 6.243
7020 172.0 21.445 6.243
7032 172.0 21.445 6.243
7044 172.0 21.445 6.243
6960 284.0 21.823 12.36
6972 284.0 21.739 12.36
6984 284.0 21.739 12.43
6996 284.0 21.739 12.43
7008 284.0 21.823 12.36
7020 284.0 21.823 12.36
7032 284.0 21.823 12.36
7044 284.0 21.823 12.36
6984 104.0 1.806 -4.087
6996 104.0 1.806 -4.087
7008 104.0 1.764 -4.115
7020 104.0 1.764 -4.115
7032 104.0 1.764 -4.115
7044 104.0 1.764 -4.115
7056 104.0 1.764 -4.115
7068 104.0 1.764 -4.115
6996 285.0 15.048 -12.192
7008 285.0 15.132 -12.528
7020 285.0 15.202 -12.668
7032 285.0 15.272 -12.668
7044 285.0 15.272 -12.598
7056 285.0 15.132 -12.472
7068 285.0 14.74 -12.332
7080 285.0 14.348 -12.22
7056 115.0 0.028 -2.87
7068 115.0 0.028 -2.87
7080 115.0 0.07 -2.87
7092 115.0 0.154 -2.87
7104 115.0 0.154 -2.87
7116 115.0 0.238 -2.87
7128 115.0 0.266 -2.87
7140 115.0 0.336 -2.87
7200 173.0 21.235 6.243
7212 173.0 21.235 6.243
7224 173.0 21.235 6.271
7236 173.0 21.235 6.271
7248 173.0 21.235 6.271
7260 173.0 21.179 6.243
7272 173.0 21.179 6.243
7284 173.0 21.179 6.243
7224 105.0 1.806 -4.213
7236 105.0 1.806 -4.213
7248 105.0 1.806 -4.213
7260 105.0 1.806 -4.185
7272 105.0 1.806 -4.185
7284 105.0 1.806 -4.185
7296 105.0 1.806 -4.213
7308 105.0 1.806 -4.213
7236 286.0 3.261 -11.45
7248 286.0 2.072 -11.45
7260 286.0 0.616 -11.52
7272 286.0 -0.854 -11.576
7284 286.0 -2.31 -11.604
7296 286.0 -3.779 -11.632
7308 286.0 -5.235 -11.716
7320 286.0 -6.705 -11.744
7296 116.0 0.924 -2.87
7308 116.0 0.924 -2.87
7320 116.0 0.966 -2.87
7332 116.0 1.036 -2.87
7344 116.0 1.036 -2.87
7356 116.0 1.106 -2.87
7368 116.0 1.106 -2.87
7380 116.0 1.106 -2.87
7440 174.0 20.969 6.271
7452 174.0 20.969 6.271
7464 174.0 20.969 6.271
7476 174.0 20.969 6.271
7488 174.0 20.969 6.271
7500 174.0 20.969 6.299
7512 174.0 20.969 6.271
7524 174.0 20.969 6.271
7464 106.0 1.848 -4.283
7476 106.0 1.848 -4.283
7488 106.0 1.848 -4.283
7500 106.0 1.89 -4.255
7512 106.0 1.806 -4.255
7524 106.0 1.806 -4.255
7536 106.0 1.806 -4.255
7548 106.0 1.806 -4.255
7476 287.0 -18.976 -11.932
7488 287.0 -18.969 -11.949
7500 287.0 -18.962 -11.965
7512 287.0 -18.955 -11.981
7524 287.0 -18.948 -11.998
7536 287.0 -18.941 -12.014
7548 287.0 -18.934 -12.03
7560 287.0 -18.927 -12.047
7536 117.0 1.036 -2.954
7548 117.0 1.008 -2.954
7560 117.0 1.008 -2.954
7572 117.0 1.008 -2.954
7584 117.0 0.966 -2.982
7596 117.0 0.966 -2.982
7608 117.0 0.966 -2.982
7620 117.0 0.924 -2.982
7656 289.0 11.814 -6.005
7668 289.0 11.352 -6.215
7680 289.0 10.974 -6.411
7692 289.0 10.54 -6.607
7704 289.0 10.078 -6.831
7716 289.0 9.701 -7.027
7728 289.0 9.239 -7.139
7740 289.0 8.777 -7.279
7668 89.0 1.526 14.502
7680 89.0 1.526 14.11
7692 89.0 1.568 13.914
7704 89.0 1.61 13.802
7716 89.0 1.652 13.662
7728 89.0 1.736 13.508
7740 89.0 1.764 13.354
7752 89.0 1.806 13.186
7680 175.0 21.137 6.299
7692 175.0 21.137 6.327
7704 175.0 21.207 6.327
7716 175.0 21.207 6.327
7728 175.0 21.207 6.327
7740 175.0 21.207 6.327
7752 175.0 21.249 6.327
7764 175.0 21.249 6.327
7704 107.0 1.722 -4.213
7716 107.0 1.722 -4.213
7728 107.0 1.722 -4.213
7740 107.0 1.722 -4.213
7752 107.0 1.652 -4.185
7764 107.0 1.652 -4.185
7776 107.0 1.652 -4.185
7788 107.0 1.652 -4.185
7716 288.0 -18.836 -12.259
7728 288.0 -18.829 -12.275
7740 288.0 -18.822 -12.292
7752 288.0 -18.815 -12.308
7764 288.0 -18.808 -12.324
7776 288.0 -18.801 -12.341
7788 288.0 -18.323 -12.472
7800 288.0 -17.567 -12.654
7776 118.0 0.77 -3.066
7788 118.0 0.77 -3.066
7800 118.0 0.686 -3.066
7812 118.0 0.686 -3.01
7824 118.0 0.686 -2.94
7836 118.0 0.686 -2.884
7848 118.0 0.686 -2.856
7860 118.0 0.686 -2.814
7884 292.0 21.865 -3.108
7896 292.0 21.473 -3.108
7908 292.0 21.165 -3.108
7920 292.0 20.787 -3.108
7932 292.0 20.479 -3.164
7944 292.0 20.395 -3.541
7956 292.0 20.241 -3.933
7968 292.0 20.087 -4.311
7896 290.0 2.772 -7.587
7908 290.0 2.226 -7.587
7920 290.0 1.694 -7.587
7932 290.0 1.232 -7.587
7944 290.0 0.686 -7.587
7956 290.0 0.154 -7.657
7968 290.0 -0.308 -7.657
7980 290.0 -0.77 -7.657
7908 90.0 2.156 9.687
7920 90.0 2.226 9.435
7932 90.0 2.226 9.295
7944 90.0 2.31 9.099
7956 90.0 2.38 8.917
7968 90.0 2.38 8.735
7980 90.0 2.464 8.539
7992 90.0 2.464 8.343
7920 176.0 21.431 6.369
7932 176.0 21.431 6.369
7944 176.0 21.431 6.397
7956 176.0 21.473 6.397
7968 176.0 21.473 6.397
7980 176.0 21.473 6.397
7992 176.0 21.473 6.397
8004 176.0 21.599 6.649
7944 108.0 1.568 -4.157
7956 108.0 1.568 -4.157
7968 108.0 1.568 -4.157
7980 108.0 1.568 -4.157
7992 108.0 1.568 -4.157
8004 108.0 1.568 -4.129
8016 108.0 1.568 -4.129
8028 108.0 1.568 -4.129
8004 294.0 -12.052 -1.414
8016 294.0 -12.052 -1.414
8028 294.0 -12.052 -1.414
8040 294.0 -12.052 -1.414
8052 294.0 -12.052 -1.414
8064 294.0 -12.052 -1.414
8076 294.0 -12.052 -1.414
8088 294.0 -12.052 -1.414
8016 119.0 0.882 -2.366
8028 119.0 0.91 -2.422
8040 119.0 0.952 -2.506
8052 119.0 1.078 -2.562
8064 119.0 1.106 -2.646
8076 119.0 1.148 -2.716
8088 119.0 1.19 -2.744
8100 119.0 1.19 -2.814
8124 293.0 18.897 -9.631
8136 293.0 18.827 -10.078
8148 293.0 18.701 -10.484
8160 293.0 18.631 -10.904
8172 293.0 18.589 -11.324
8184 293.0 18.813 -11.52
8196 293.0 19.121 -11.632
8208 293.0 19.429 -11.828
8136 291.0 -6.551 -7.027
8148 291.0 -6.971 -6.957
8160 291.0 -7.433 -6.887
8172 291.0 -7.853 -6.831
8184 291.0 -8.287 -6.761
8196 291.0 -8.735 -6.705
8208 291.0 -9.169 -6.635
8220 291.0 -9.589 -6.607
8148 91.0 3.499 4.675
8160 91.0 3.583 4.227
8172 91.0 3.723 3.723
8184 91.0 3.807 3.275
8196 91.0 3.891 2.828
8208 91.0 4.115 2.38
8220 91.0 4.423 1.932
8232 91.0 4.815 1.484
8160 177.0 21.599 6.649
8172 177.0 21.599 6.649
8184 177.0 21.599 6.649
8196 177.0 21.599 6.649
8208 177.0 21.599 6.649
8220 177.0 21.599 6.649
8232 177.0 21.599 6.649
8244 177.0 21.599 6.649
8172 86.0 10.974 -14.824
8184 86.0 10.624 -14.516
8196 86.0 10.316 -14.124
8208 86.0 10.008 -13.746
8220 86.0 9.701 -13.424
8232 86.0 9.393 -13.046
8244 86.0 8.889 -12.654
8256 86.0 8.427 -12.276
8184 109.0 1.568 -4.101
8196 109.0 1.568 -4.101
8208 109.0 1.568 -4.101
8220 109.0 1.568 -4.101
8232 109.0 1.568 -4.101
8244 109.0 1.568 -4.101
8256 109.0 1.61 -4.101
8268 109.0 1.61 -4.101
8244 295.0 -12.052 -1.414
8256 295.0 -12.052 -1.414
8268 295.0 -12.052 -1.414
8280 295.0 -12.052 -1.414
8292 295.0 -12.052 -1.414
8304 295.0 -12.052 -1.414
8316 295.0 -12.052 -1.414
8328 295.0 -12.052 -1.414
8256 120.0 0.882 -2.814
8268 120.0 0.882 -2.814
8280 120.0 0.882 -2.814
8292 120.0 0.882 -2.814
8304 120.0 0.882 -2.814
8316 120.0 0.882 -2.814
8328 120.0 0.882 -2.814
8340 120.0 0.882 -2.814
8352 228.0 -19.415 -12.22
8364 228.0 -18.855 -12.22
8376 228.0 -18.323 -12.164
8388 228.0 -17.791 -12.08
8400 228.0 -17.259 -12.08
8412 228.0 -16.699 -12.024
8424 228.0 -16.168 -12.024
8436 228.0 -15.636 -11.968
8352 233.0 -19.135 -13.214
8364 233.0 -18.589 -13.214
8376 233.0 -18.141 -13.13
8388 233.0 -17.595 -13.074
8400 233.0 -17.049 -13.018
8412 233.0 -16.601 -13.018
8424 233.0 -16.056 -12.948
8436 233.0 -15.594 -12.878
8388 92.0 9.043 -3.541
8400 92.0 9.351 -3.933
8412 92.0 9.659 -4.255
8424 92.0 9.966 -4.633
8436 92.0 10.358 -5.011
8448 92.0 10.736 -5.515
8460 92.0 11.114 -5.963
8472 92.0 11.506 -6.481
8400 178.0 21.599 6.649
8412 178.0 21.599 6.649
8424 178.0 21.599 6.649
8436 178.0 21.599 6.649
8448 178.0 21.599 6.649
8460 178.0 21.599 6.649
8472 178.0 21.599 6.649
8484 178.0 21.599 6.649
8412 87.0 5.193 -5.711
8424 87.0 4.969 -5.137
8436 87.0 4.731 -4.563
8448 87.0 4.493 -3.989
8460 87.0 4.269 -3.415
8472 87.0 3.961 -2.912
8484 87.0 3.569 -2.394
8496 87.0 3.192 -1.96
8424 110.0 1.61 -4.059
8436 110.0 1.61 -4.059
8448 110.0 1.61 -4.059
8460 110.0 1.61 -4.059
8472 110.0 1.61 -4.059
8484 110.0 1.61 -4.059
8496 110.0 1.61 -4.059
8508 110.0 1.61 -4.031
8496 121.0 0.882 -2.814
8508 121.0 0.84 -2.884
8520 121.0 0.84 -2.884
8532 121.0 0.84 -2.884
8544 121.0 0.84 -2.884
8556 121.0 0.84 -2.884
8568 121.0 0.84 -2.884
8580 121.0 0.84 -2.884
8592 229.0 -8.973 -10.974
8604 229.0 -8.469 -10.876
8616 229.0 -7.979 -10.778
8628 229.0 -7.503 -10.694
8640 229.0 -6.971 -10.624
8652 229.0 -6.509 -10.498
8664 229.0 -5.963 -10.428
8676 229.0 -5.515 -10.358
8592 234.0 -8.777 -11.926
8604 234.0 -8.245 -11.87
8616 234.0 -7.783 -11.87
8628 234.0 -7.321 -11.8
8640 234.0 -6.859 -11.73
8652 234.0 -6.397 -11.674
8664 234.0 -5.851 -11.674
8676 234.0 -5.319 -11.674
8640 179.0 21.585 6.663
8652 179.0 21.585 6.663
8664 179.0 21.585 6.663
8676 179.0 21.627 6.621
8688 179.0 21.627 6.621
8700 179.0 21.627 6.621
8712 179.0 21.585 6.621
8724 179.0 21.627 6.621
8652 88.0 -1.89 2.772
8664 88.0 -2.282 3.136
8676 88.0 -2.66 3.471
8688 88.0 -2.898 3.975
8700 88.0 -3.038 4.619
8712 88.0 -3.206 5.263
8724 88.0 -3.345 5.879
8736 88.0 -3.583 6.523
8664 111.0 1.61 -4.031
8676 111.0 1.61 -4.031
8688 111.0 1.652 -4.031
8700 111.0 1.652 -4.031
8712 111.0 1.652 -4.031
8724 111.0 1.652 -4.031
8736 111.0 1.652 -4.031
8748 111.0 1.652 -4.031
8736 122.0 0.77 -2.94
8748 122.0 0.77 -2.94
8760 122.0 0.728 -2.94
8772 122.0 0.728 -2.94
8784 122.0 0.728 -2.94
8796 122.0 0.728 -2.94
8808 122.0 0.728 -2.968
8820 122.0 0.728 -2.968
8832 230.0 1.428 -9.854
8844 230.0 2.044 -9.854
8856 230.0 2.576 -9.854
8868 230.0 3.108 -9.798
8880 230.0 3.583 -9.728
8892 230.0 4.031 -9.659
8904 230.0 4.577 -9.603
8916 230.0 5.039 -9.547
8832 235.0 1.54 -10.848
8844 235.0 2.072 -10.778
8856 235.0 2.618 -10.778
8868 235.0 3.15 -10.722
8880 235.0 3.695 -10.652
8892 235.0 4.157 -10.596
8904 235.0 4.577 -10.456
8916 235.0 5.011 -10.302
8880 180.0 21.669 6.649
8892 180.0 21.711 6.649
8904 180.0 21.669 6.649
8916 180.0 21.669 6.649
8928 180.0 21.669 6.649
8940 180.0 21.669 6.649
8952 180.0 21.711 6.649
8964 180.0 21.711 6.649
8976 123.0 0.644 -3.01
8988 123.0 0.644 -3.01
9000 123.0 0.686 -3.01
9012 123.0 0.644 -3.01
9024 123.0 0.644 -3.01
9036 123.0 0.644 -3.01
9048 123.0 0.644 -3.01
9060 123.0 0.644 -3.01
9000 238.0 -4.003 10.638
9012 238.0 -4.087 10.064
9024 238.0 -4.087 9.491
9036 238.0 -4.087 8.917
9048 238.0 -4.087 8.413
9060 238.0 -4.087 7.895
9072 238.0 -4.241 7.265
9084 238.0 -4.395 6.621
9000 243.0 21.753 -13.494
9012 243.0 21.753 -13.494
9024 243.0 21.753 -13.494
9036 243.0 21.753 -13.494
9048 243.0 21.753 -13.494
9060 243.0 21.753 -13.494
9072 243.0 21.753 -13.494
9084 243.0 21.753 -13.494
9072 231.0 12.01 -9.421
9084 231.0 12.458 -9.351
9096 231.0 13.018 -9.351
9108 231.0 13.55 -9.351
9120 231.0 14.082 -9.351
9132 231.0 14.558 -9.225
9144 231.0 15.006 -9.155
9156 231.0 15.398 -9.029
9072 236.0 12.164 -10.302
9084 236.0 12.626 -10.302
9096 236.0 13.158 -10.302
9108 236.0 13.704 -10.302
9120 236.0 14.32 -10.302
9132 236.0 14.852 -10.232
9144 236.0 15.314 -10.176
9156 236.0 15.776 -10.05
9072 326.0 8.777 13.312
9084 326.0 8.777 12.668
9096 326.0 8.693 12.164
9108 326.0 8.931 11.786
9120 326.0 9.239 11.464
9132 326.0 9.547 11.212
9144 326.0 9.854 10.904
9156 326.0 10.162 10.512
9120 181.0 21.711 6.495
9132 181.0 21.711 6.495
9144 181.0 21.711 6.495
9156 181.0 21.711 6.467
9168 181.0 21.669 6.425
9180 181.0 21.669 6.425
9192 181.0 21.669 6.425
9204 181.0 21.669 6.397
9216 124.0 0.686 -2.842
9228 124.0 0.686 -2.842
9240 124.0 0.686 -2.842
9252 124.0 0.686 -2.842
9264 124.0 0.686 -2.842
9276 124.0 0.686 -2.842
9288 124.0 0.686 -2.814
9300 124.0 0.686 -2.786
9240 239.0 -0.616 0.574
9252 239.0 0.0 0.308
9264 239.0 0.308 -0.014
9276 239.0 0.462 -0.322
9288 239.0 0.924 -0.644
9300 239.0 1.54 -1.022
9312 239.0 2.072 -1.414
9324 239.0 2.226 -2.114
9240 244.0 21.753 -13.494
9252 244.0 21.753 -13.494
9264 244.0 21.753 -13.494
9276 244.0 21.753 -13.494
9288 244.0 21.753 -13.494
9300 244.0 21.753 -13.494
9312 244.0 21.753 -13.494
9324 244.0 21.753 -13.494
9312 232.0 21.949 -8.525
9324 232.0 22.397 -8.525
9336 232.0 22.928 -8.525
9348 232.0 23.404 -8.525
9360 232.0 23.936 -8.525
9372 232.0 24.636 -8.525
9384 232.0 25.252 -8.525
9396 232.0 25.868 -8.455
9312 237.0 22.635 -9.673
9324 237.0 23.096 -9.673
9336 237.0 23.558 -9.603
9348 237.0 23.936 -9.533
9360 237.0 24.398 -9.533
9372 237.0 24.944 -9.477
9384 237.0 25.56 -9.477
9396 237.0 26.092 -9.477
9360 182.0 21.669 6.201
9372 182.0 21.669 6.201
9384 182.0 21.669 6.201
9396 182.0 21.669 6.173
9408 182.0 21.669 6.145
9420 182.0 21.669 6.145
9432 182.0 21.669 6.145
9444 182.0 21.669 6.145
9456 125.0 0.728 -2.688
9468 125.0 0.728 -2.688
9480 125.0 0.728 -2.688
9492 125.0 0.728 -2.688
9504 125.0 0.77 -2.618
9516 125.0 0.882 -2.618
9528 125.0 0.91 -2.618
9540 125.0 1.036 -2.562
9480 245.0 21.753 -13.494
9492 245.0 21.753 -13.494
9504 245.0 21.711 -13.536
9516 245.0 21.711 -13.536
9528 245.0 21.711 -13.536
9540 245.0 21.711 -13.536
9552 245.0 21.753 -13.536
9564 245.0 21.753 -13.536
9504 240.0 1.848 -4.129
9516 240.0 1.848 -4.129
9528 240.0 1.848 -4.129
9540 240.0 1.848 -4.129
9552 240.0 1.848 -4.129
9564 240.0 1.848 -4.129
9576 240.0 1.848 -4.129
9588 240.0 1.848 -4.129
9504 242.0 25.868 -3.905
9516 242.0 25.322 -3.569
9528 242.0 24.86 -3.765
9540 242.0 24.636 -4.535
9552 242.0 24.706 -5.109
9564 242.0 24.706 -5.683
9576 242.0 24.636 -6.201
9588 242.0 24.552 -6.649
9600 183.0 21.641 6.145
9612 183.0 21.641 6.145
9624 183.0 21.641 6.145
9636 183.0 21.641 6.173
9648 183.0 21.641 6.173
9660 183.0 21.641 6.173
9672 183.0 21.599 6.201
9684 183.0 21.599 6.201
9696 126.0 0.308 -2.366
9708 126.0 0.616 -2.366
9720 126.0 0.924 -2.492
9732 126.0 1.232 -2.618
9744 126.0 1.302 -2.758
9756 126.0 1.302 -2.87
9768 126.0 1.302 -3.01
9780 126.0 1.302 -3.01
9720 246.0 21.865 -13.522
9732 246.0 21.907 -13.522
9744 246.0 21.907 -13.522
9756 246.0 21.907 -13.522
9768 246.0 21.893 -13.522
9780 246.0 21.893 -13.522
9792 246.0 21.893 -13.522
9804 246.0 21.893 -13.522
9744 93.0 -19.135 -8.077
9756 93.0 -18.757 -8.077
9768 93.0 -18.365 -8.077
9780 93.0 -17.973 -8.077
9792 93.0 -17.525 -8.077
9804 93.0 -17.091 -8.259
9816 93.0 -16.629 -8.385
9828 93.0 -16.168 -8.483
9744 241.0 1.848 -4.129
9756 241.0 1.848 -4.129
9768 241.0 1.848 -4.129
9780 241.0 1.848 -4.129
9792 241.0 1.848 -4.129
9804 241.0 1.848 -4.129
9816 241.0 1.848 -4.129
9828 241.0 1.848 -4.129
9744 253.0 -19.093 -6.789
9756 253.0 -18.939 -7.013
9768 253.0 -18.631 -7.083
9780 253.0 -18.323 -7.153
9792 253.0 -17.861 -7.153
9804 253.0 -17.399 -7.153
9816 253.0 -16.867 -7.153
9828 253.0 -16.321 -7.153
9840 184.0 21.557 6.369
9852 184.0 21.557 6.369
9864 184.0 21.557 6.369
9876 184.0 21.557 6.397
9888 184.0 21.557 6.397
9900 184.0 21.557 6.397
9912 184.0 21.557 6.397
9924 184.0 21.557 6.425
9936 127.0 1.61 -3.01
9948 127.0 1.456 -2.94
9960 127.0 1.232 -2.94
9972 127.0 0.924 -2.87
9984 127.0 0.686 -2.87
9996 127.0 0.616 -2.814
10008 127.0 0.532 -2.744
10020 127.0 0.532 -2.646
9984 94.0 -10.316 -8.483
9996 94.0 -9.938 -8.483
10008 94.0 -9.477 -8.525
10020 94.0 -9.015 -8.455
10032 94.0 -8.553 -8.455
10044 94.0 -8.119 -8.483
10056 94.0 -7.741 -8.483
10068 94.0 -7.363 -8.483
9984 254.0 -11.17 -7.349
9996 254.0 -10.624 -7.461
10008 254.0 -10.092 -7.461
10020 254.0 -9.631 -7.405
10032 254.0 -9.239 -7.363
10044 254.0 -9.169 -7.363
10056 254.0 -9.085 -7.363
10068 254.0 -9.015 -7.363
10080 185.0 21.515 6.565
10092 185.0 21.515 6.565
10104 185.0 21.515 6.565
10116 185.0 21.515 6.565
10128 185.0 21.515 6.593
10140 185.0 21.515 6.593
10152 185.0 21.515 6.621
10164 185.0 21.515 6.621
10176 128.0 0.812 -2.52
10188 128.0 0.728 -2.52
10200 128.0 0.574 -2.52
10212 128.0 0.42 -2.52
10224 128.0 0.266 -2.464
10236 128.0 0.112 -2.338
10248 128.0 0.196 -2.268
10260 128.0 0.336 -2.268
10224 95.0 -3.052 -7.783
10236 95.0 -2.576 -7.783
10248 95.0 -2.128 -7.783
10260 95.0 -1.652 -7.783
10272 95.0 -1.204 -7.853
10284 95.0 -0.658 -7.979
10296 95.0 -0.196 -8.105
10308 95.0 0.266 -8.231
10224 255.0 -5.935 -7.447
10236 255.0 -5.697 -7.559
10248 255.0 -5.389 -7.699
10260 255.0 -5.011 -7.699
10272 255.0 -4.619 -7.699
10284 255.0 -4.157 -7.699
10296 255.0 -3.625 -7.811
10308 255.0 -3.164 -7.951
10320 186.0 21.515 6.719
10332 186.0 21.515 6.719
10344 186.0 21.515 6.719
10356 186.0 21.515 6.719
10368 186.0 21.515 6.747
10380 186.0 21.515 6.775
10392 186.0 21.515 6.775
10404 186.0 21.515 6.775
10416 129.0 0.504 -2.212
10428 129.0 0.504 -2.212
10440 129.0 0.504 -2.212
10452 129.0 0.504 -2.212
10464 129.0 0.504 -2.212
10476 129.0 0.504 -2.212
10488 129.0 0.504 -2.212
10500 129.0 0.504 -2.212
10464 96.0 4.269 -8.175
10476 96.0 4.647 -8.105
10488 96.0 5.123 -8.035
10500 96.0 5.431 -7.979
10512 96.0 5.697 -8.007
10524 96.0 6.047 -8.035
10536 96.0 6.383 -8.049
10548 96.0 6.733 -8.077
10464 256.0 2.618 -8.203
10476 256.0 2.996 -8.147
10488 256.0 3.457 -8.063
10500 256.0 3.765 -8.007
10512 256.0 4.003 -8.007
10524 256.0 4.227 -7.979
10536 256.0 4.507 -7.951
10548 256.0 4.731 -7.937
10500 135.0 2.114 -4.283
10512 135.0 2.114 -4.283
10524 135.0 2.114 -4.283
10536 135.0 2.114 -4.283
10548 135.0 2.114 -4.283
10560 135.0 2.114 -4.283
10572 135.0 2.114 -4.283
10584 135.0 2.114 -4.283
10560 187.0 21.515 6.775
10572 187.0 21.487 6.775
10584 187.0 21.487 6.775
10596 187.0 21.487 6.775
10608 187.0 21.487 6.775
10620 187.0 21.487 6.747
10632 187.0 21.445 6.747
10644 187.0 21.445 6.747
10656 130.0 0.994 -2.688
10668 130.0 0.994 -2.632
10680 130.0 0.994 -2.548
10692 130.0 0.924 -2.492
10704 130.0 0.924 -2.436
10716 130.0 0.924 -2.366
10728 130.0 0.924 -2.366
10740 130.0 0.994 -2.184
10704 97.0 8.469 -7.783
10716 97.0 8.539 -7.853
10728 97.0 8.693 -7.853
10740 97.0 8.931 -7.783
10752 97.0 9.155 -7.713
10764 97.0 9.309 -7.657
10776 97.0 9.463 -7.657
10788 97.0 9.617 -7.657
10704 257.0 6.929 -8.357
10716 257.0 6.999 -8.357
10728 257.0 6.999 -8.357
10740 257.0 7.083 -8.301
10752 257.0 7.083 -8.301
10764 257.0 7.153 -8.301
10776 257.0 7.153 -8.301
10788 257.0 7.391 -8.105
10740 136.0 2.114 -4.283
10752 136.0 2.114 -4.283
10764 136.0 2.114 -4.283
10776 136.0 2.114 -4.283
10788 136.0 2.114 -4.283
10800 136.0 2.114 -4.283
10812 136.0 2.114 -4.283
10824 136.0 2.114 -4.283
10800 188.0 21.389 6.621
10812 188.0 21.389 6.621
10824 188.0 21.361 6.621
10836 188.0 21.403 6.565
10848 188.0 21.403 6.565
10860 188.0 21.403 6.565
10872 188.0 21.403 6.565
10884 188.0 21.361 6.565
10800 247.0 34.687 -10.666
10812 247.0 34.211 -10.834
10824 247.0 33.833 -10.918
10836 247.0 33.455 -10.974
10848 247.0 33.063 -11.03
10860 247.0 32.671 -11.1
10872 247.0 32.139 -11.17
10884 247.0 31.607 -11.17
10896 131.0 0.77 -2.492
10908 131.0 0.77 -2.492
10920 131.0 0.77 -2.492
10932 131.0 0.77 -2.492
10944 131.0 0.77 -2.492
10956 131.0 0.77 -2.492
10968 131.0 0.77 -2.492
10980 131.0 0.77 -2.492
10944 98.0 13.242 -8.553
10956 98.0 13.704 -8.553
10968 98.0 14.166 -8.483
10980 98.0 14.628 -8.427
10992 98.0 15.09 -8.427
11004 98.0 15.552 -8.399
11016 98.0 16.014 -8.371
11028 98.0 16.475 -8.371
10944 258.0 12.934 -7.153
10956 258.0 13.312 -7.153
10968 258.0 13.774 -7.209
10980 258.0 14.32 -7.265
10992 258.0 14.782 -7.349
11004 258.0 15.286 -7.377
11016 258.0 15.734 -7.377
11028 258.0 16.168 -7.377
10980 137.0 2.114 -4.283
10992 137.0 2.114 -4.283
11004 137.0 2.072 -4.283
11016 137.0 2.072 -4.283
11028 137.0 2.072 -4.283
11040 137.0 2.072 -4.283
11052 137.0 2.072 -4.283
11064 137.0 2.072 -4.283
11040 189.0 21.319 6.467
11052 189.0 21.319 6.467
11064 189.0 21.319 6.467
11076 189.0 21.319 6.467
11088 189.0 21.319 6.467
11100 189.0 21.361 6.467
11112 189.0 21.361 6.467
11124 189.0 21.361 6.467
11040 248.0 24.286 -11.422
11052 248.0 23.67 -11.422
11064 248.0 23.096 -11.422
11076 248.0 22.509 -11.422
11088 248.0 21.935 -11.422
11100 248.0 21.361 -11.422
11112 248.0 20.745 -11.422
11124 248.0 20.129 -11.422
11136 132.0 0.686 -2.562
11148 132.0 0.686 -2.59
11160 132.0 0.644 -2.562
11172 132.0 0.644 -2.562
11184 132.0 0.644 -2.562
11196 132.0 0.644 -2.59
11208 132.0 0.644 -2.59
11220 132.0 0.644 -2.59
11184 99.0 22.327 -8.105
11196 99.0 22.788 -8.105
11208 99.0 23.166 -8.105
11220 99.0 23.628 -8.105
11232 99.0 24.09 -8.105
11244 99.0 24.482 -8.105
11256 99.0 24.944 -8.175
11268 99.0 25.322 -8.175
11184 259.0 21.697 -7.209
11196 259.0 22.173 -7.209
11208 259.0 22.621 -7.209
11220 259.0 23.096 -7.209
11232 259.0 23.544 -7.209
11244 259.0 24.02 -7.209
11256 259.0 24.468 -7.209
11268 259.0 24.944 -7.209
11220 138.0 2.03 -4.283
11232 138.0 2.03 -4.283
11244 138.0 2.03 -4.283
11256 138.0 2.03 -4.283
11268 138.0 2.03 -4.283
11280 138.0 2.03 -4.283
11292 138.0 2.03 -4.283
11304 138.0 2.03 -4.283
11280 190.0 21.361 6.495
11292 190.0 21.361 6.495
11304 190.0 21.389 6.495
11316 190.0 21.389 6.495
11328 190.0 21.389 6.495
11340 190.0 21.361 6.495
11352 190.0 21.361 6.495
11364 190.0 21.361 6.495
11280 249.0 12.766 -11.674
11292 249.0 12.15 -11.674
11304 249.0 11.618 -11.73
11316 249.0 11.086 -11.73
11328 249.0 10.61 -11.73
11340 249.0 10.162 -11.73
11352 249.0 9.687 -11.73
11364 249.0 9.155 -11.73
11328 251.0 34.925 -13.102
11340 251.0 34.533 -12.906
11352 251.0 34.225 -12.654
11364 251.0 33.833 -12.472
11376 251.0 33.371 -12.402
11388 251.0 32.909 -12.346
11400 251.0 32.447 -12.29
11412 251.0 31.831 -12.15
11376 133.0 0.77 -2.814
11388 133.0 0.77 -2.884
11400 133.0 0.77 -2.884
11412 133.0 0.84 -2.884
11424 133.0 0.84 -2.94
11436 133.0 0.84 -2.94
11448 133.0 0.84 -2.94
11460 133.0 0.84 -2.94
11460 139.0 1.988 -4.283
11472 139.0 1.988 -4.283
11484 139.0 1.988 -4.283
11496 139.0 1.988 -4.283
11508 139.0 1.988 -4.255
11520 139.0 1.988 -4.255
11532 139.0 1.988 -4.255
11544 139.0 1.988 -4.255
11496 260.0 21.515 -13.354
11508 260.0 21.515 -13.354
11520 260.0 21.515 -13.354
11532 260.0 21.515 -13.354
11544 260.0 21.515 -13.354
11556 260.0 21.515 -13.354
11568 260.0 21.515 -13.354
11580 260.0 21.515 -13.354
11520 100.0 8.777 13.06
11532 100.0 8.777 12.43
11544 100.0 8.777 11.786
11556 100.0 8.861 11.282
11568 100.0 9.085 10.89
11580 100.0 9.393 10.582
11592 100.0 9.784 10.19
11604 100.0 10.148 9.798
11520 191.0 21.445 6.495
11532 191.0 21.445 6.495
11544 191.0 21.445 6.495
11556 191.0 21.445 6.495
11568 191.0 21.445 6.495
11580 191.0 21.445 6.495
11592 191.0 21.445 6.495
11604 191.0 21.445 6.495
11520 250.0 1.764 -11.534
11532 250.0 1.218 -11.422
11544 250.0 0.77 -11.226
11556 250.0 0.266 -11.1
11568 250.0 -0.224 -10.918
11580 250.0 -0.7 -10.722
11592 250.0 -1.316 -10.47
11604 250.0 -1.848 -10.218
11544 101.0 8.805 12.752
11556 101.0 8.973 12.36
11568 101.0 9.113 11.968
11580 101.0 9.281 11.604
11592 101.0 9.421 11.212
11604 101.0 9.589 10.904
11616 101.0 9.77 10.568
11628 101.0 10.008 10.316
11568 252.0 24.902 -11.758
11580 252.0 24.398 -11.8
11592 252.0 23.908 -11.8
11604 252.0 23.404 -11.8
11616 252.0 22.858 -11.772
11628 252.0 22.327 -11.772
11640 252.0 21.781 -11.716
11652 252.0 21.249 -11.716
11616 134.0 1.302 -2.982
11628 134.0 1.302 -2.982
11640 134.0 1.302 -2.982
11652 134.0 1.232 -2.982
11664 134.0 1.232 -2.982
11676 134.0 1.232 -2.982
11688 134.0 1.232 -2.982
11700 134.0 1.148 -2.912
11616 141.0 24.818 -3.289
11628 141.0 24.818 -3.863
11640 141.0 24.818 -4.409
11652 141.0 24.748 -5.109
11664 141.0 24.594 -6.005
11676 141.0 24.51 -6.565
11688 141.0 24.44 -7.209
11700 141.0 24.44 -7.797
11700 140.0 2.03 -4.255
11712 140.0 2.03 -4.255
11724 140.0 2.03 -4.255
11736 140.0 2.072 -4.213
11748 140.0 2.072 -4.213
11760 140.0 2.072 -4.213
11772 140.0 2.072 -4.213
11784 140.0 2.072 -4.213
11712 142.0 22.788 0.756
11724 142.0 22.173 0.7
11736 142.0 21.473 0.63
11748 142.0 20.787 0.504
11760 142.0 20.171 0.434
11772 142.0 19.471 0.378
11784 142.0 18.855 0.252
11796 142.0 18.239 0.182
11736 261.0 21.515 -13.354
11748 261.0 21.515 -13.354
11760 261.0 21.515 -13.354
11772 261.0 21.515 -13.354
11784 261.0 21.515 -13.354
11796 261.0 21.515 -13.354
11808 261.0 21.515 -13.354
11820 261.0 21.515 -13.354
