0 0 1.0 954.0 871.0 1.0 Pedestrian
1 12 1.0 966.0 873.5 1.0 Pedestrian
2 24 1.0 980.0 878.0 1.0 Pedestrian
3 36 1.0 994.0 882.5 1.0 Pedestrian
4 48 1.0 1007.5 886.0 1.0 Pedestrian
5 60 1.0 1021.5 890.0 1.0 Pedestrian
6 72 1.0 1035.0 893.5 1.0 Pedestrian
7 84 1.0 1049.0 898.5 1.0 Pedestrian
8 96 1.0 1062.5 902.0 1.0 Pedestrian
9 108 1.0 1076.5 906.0 1.0 Pedestrian
10 120 1.0 1090.0 911.0 1.0 Pedestrian
11 132 1.0 1101.0 913.0 1.0 Pedestrian
12 144 1.0 1112.0 917.5 1.0 Pedestrian
13 156 1.0 1123.0 920.0 1.0 Pedestrian
14 168 1.0 1134.0 924.0 1.0 Pedestrian
15 180 1.0 1145.0 926.5 1.0 Pedestrian
16 192 1.0 1156.0 931.0 1.0 Pedestrian
17 204 1.0 1167.0 933.5 1.0 Pedestrian
18 216 1.0 1178.5 938.0 1.0 Pedestrian
19 228 1.0 1195.0 942.5 1.0 Pedestrian
20 0 3.0 1557.0 1066.0 2.0 Pedestrian
21 12 3.0 1546.0 1063.5 2.0 Pedestrian
22 24 3.0 1535.0 1061.5 2.0 Pedestrian
23 36 3.0 1524.0 1059.5 2.0 Pedestrian
24 48 3.0 1516.0 1056.5 2.0 Pedestrian
25 60 3.0 1505.0 1054.5 2.0 Pedestrian
26 72 3.0 1494.0 1052.5 2.0 Pedestrian
27 84 3.0 1484.0 1050.5 2.0 Pedestrian
28 96 3.0 1474.0 1047.5 2.0 Pedestrian
29 108 3.0 1463.0 1045.5 2.0 Pedestrian
30 120 3.0 1453.5 1043.5 2.0 Pedestrian
31 132 3.0 1442.5 1043.5 2.0 Pedestrian
32 144 3.0 1433.0 1041.5 2.0 Pedestrian
33 156 3.0 1423.5 1038.5 2.0 Pedestrian
34 168 3.0 1412.5 1036.5 2.0 Pedestrian
35 180 3.0 1401.5 1034.5 2.0 Pedestrian
36 192 3.0 1393.0 1032.0 2.0 Pedestrian
37 204 3.0 1382.0 1032.0 2.0 Pedestrian
38 216 3.0 1368.5 1032.0 2.0 Pedestrian
39 228 3.0 1354.5 1032.0 2.0 Pedestrian
40 0 5.0 1480.0 899.5 3.0 Pedestrian
41 12 5.0 1469.0 888.0 3.0 Pedestrian
42 24 5.0 1458.0 879.0 3.0 Pedestrian
43 36 5.0 1447.0 870.0 3.0 Pedestrian
44 48 5.0 1438.5 860.5 3.0 Pedestrian
45 60 5.0 1427.5 851.5 3.0 Pedestrian
46 72 5.0 1416.5 842.5 3.0 Pedestrian
47 84 5.0 1408.0 831.5 3.0 Pedestrian
48 96 5.0 1397.0 822.5 3.0 Pedestrian
49 108 5.0 1386.0 813.5 3.0 Pedestrian
50 120 5.0 1378.0 804.5 3.0 Pedestrian
51 132 5.0 1367.0 795.5 3.0 Pedestrian
52 144 5.0 1359.0 786.0 3.0 Pedestrian
53 156 5.0 1348.0 777.0 3.0 Pedestrian
54 168 5.0 1337.0 768.0 3.0 Pedestrian
55 180 5.0 1328.0 758.5 3.0 Pedestrian
56 192 5.0 1317.0 749.5 3.0 Pedestrian
57 204 5.0 1306.0 743.0 3.0 Pedestrian
58 216 5.0 1295.0 734.0 3.0 Pedestrian
59 228 5.0 1284.0 724.5 3.0 Pedestrian
60 0 7.0 1692.0 865.5 4.0 Pedestrian
61 12 7.0 1675.5 856.0 4.0 Pedestrian
62 24 7.0 1659.0 847.0 4.0 Pedestrian
63 36 7.0 1645.0 840.5 4.0 Pedestrian
64 48 7.0 1628.5 831.5 4.0 Pedestrian
65 60 7.0 1613.5 824.5 4.0 Pedestrian
66 72 7.0 1598.0 815.5 4.0 Pedestrian
67 84 7.0 1583.0 809.0 4.0 Pedestrian
68 96 7.0 1566.5 800.0 4.0 Pedestrian
69 108 7.0 1553.0 793.0 4.0 Pedestrian
70 120 7.0 1536.5 781.5 4.0 Pedestrian
71 132 7.0 1522.5 772.5 4.0 Pedestrian
72 144 7.0 1509.0 763.5 4.0 Pedestrian
73 156 7.0 1495.0 754.0 4.0 Pedestrian
74 168 7.0 1481.5 745.0 4.0 Pedestrian
75 180 7.0 1467.5 736.0 4.0 Pedestrian
76 192 7.0 1453.5 725.0 4.0 Pedestrian
77 204 7.0 1440.0 716.0 4.0 Pedestrian
78 216 7.0 1426.0 707.0 4.0 Pedestrian
79 228 7.0 1412.5 698.0 4.0 Pedestrian
80 0 9.0 967.5 151.5 7.0 Pedestrian
81 12 9.0 978.5 154.0 7.0 Pedestrian
82 24 9.0 992.5 156.0 7.0 Pedestrian
83 36 9.0 1006.0 158.0 7.0 Pedestrian
84 48 9.0 1020.0 160.5 7.0 Pedestrian
85 60 9.0 1033.5 165.0 7.0 Pedestrian
86 72 9.0 1044.5 167.0 7.0 Pedestrian
87 84 9.0 1058.5 169.5 7.0 Pedestrian
88 96 9.0 1072.5 172.0 7.0 Pedestrian
89 108 9.0 1086.0 176.0 7.0 Pedestrian
90 120 9.0 1099.5 178.5 7.0 Pedestrian
91 132 9.0 1110.5 181.0 7.0 Pedestrian
92 144 9.0 1124.5 183.0 7.0 Pedestrian
93 156 9.0 1135.5 185.5 7.0 Pedestrian
94 168 9.0 1149.5 185.5 7.0 Pedestrian
95 180 9.0 1160.5 188.0 7.0 Pedestrian
96 192 9.0 1171.5 190.0 7.0 Pedestrian
97 204 9.0 1182.5 192.0 7.0 Pedestrian
98 216 9.0 1196.5 194.5 7.0 Pedestrian
99 228 9.0 1207.5 194.5 7.0 Pedestrian
100 0 11.0 107.0 871.0 10.0 Pedestrian
101 12 11.0 118.0 866.5 10.0 Pedestrian
102 24 11.0 130.0 864.0 10.0 Pedestrian
103 36 11.0 141.0 862.0 10.0 Pedestrian
104 48 11.0 153.5 860.0 10.0 Pedestrian
105 60 11.0 166.0 856.5 10.0 Pedestrian
106 72 11.0 178.5 854.0 10.0 Pedestrian
107 84 11.0 189.5 851.5 10.0 Pedestrian
108 96 11.0 197.5 851.5 10.0 Pedestrian
109 108 11.0 203.5 854.0 10.0 Pedestrian
110 120 11.0 208.5 856.5 10.0 Pedestrian
111 132 11.0 217.5 861.0 10.0 Pedestrian
112 144 11.0 219.5 863.0 10.0 Pedestrian
113 156 11.0 222.5 865.5 10.0 Pedestrian
114 168 11.0 228.5 867.5 10.0 Pedestrian
115 180 11.0 230.5 870.0 10.0 Pedestrian
116 192 11.0 236.5 872.5 10.0 Pedestrian
117 204 11.0 239.5 872.5 10.0 Pedestrian
118 216 11.0 244.5 874.5 10.0 Pedestrian
119 228 11.0 247.5 876.5 10.0 Pedestrian
120 0 13.0 98.5 669.5 11.0 Pedestrian
121 12 13.0 101.5 665.0 11.0 Pedestrian
122 24 13.0 107.0 660.0 11.0 Pedestrian
123 36 13.0 112.5 656.0 11.0 Pedestrian
124 48 13.0 118.0 651.0 11.0 Pedestrian
125 60 13.0 123.5 649.0 11.0 Pedestrian
126 72 13.0 126.0 651.0 11.0 Pedestrian
127 84 13.0 131.5 653.5 11.0 Pedestrian
128 96 13.0 134.5 656.0 11.0 Pedestrian
129 108 13.0 140.0 658.0 11.0 Pedestrian
130 120 13.0 142.5 660.0 11.0 Pedestrian
131 132 13.0 145.5 662.5 11.0 Pedestrian
132 144 13.0 151.0 665.0 11.0 Pedestrian
133 156 13.0 154.0 667.0 11.0 Pedestrian
134 168 13.0 159.0 671.5 11.0 Pedestrian
135 180 13.0 167.5 676.0 11.0 Pedestrian
136 192 13.0 176.0 680.5 11.0 Pedestrian
137 204 13.0 184.0 685.0 11.0 Pedestrian
138 216 13.0 192.5 690.0 11.0 Pedestrian
139 228 13.0 198.0 694.0 11.0 Pedestrian
140 0 15.0 223.0 804.5 12.0 Pedestrian
141 12 15.0 228.0 804.5 12.0 Pedestrian
142 24 15.0 234.0 806.5 12.0 Pedestrian
143 36 15.0 239.0 808.5 12.0 Pedestrian
144 48 15.0 245.0 811.0 12.0 Pedestrian
145 60 15.0 250.0 813.5 12.0 Pedestrian
146 72 15.0 256.0 815.5 12.0 Pedestrian
147 84 15.0 261.0 817.5 12.0 Pedestrian
148 96 15.0 269.0 820.0 12.0 Pedestrian
149 108 15.0 275.0 822.5 12.0 Pedestrian
150 120 15.0 280.0 824.5 12.0 Pedestrian
151 132 15.0 286.0 826.5 12.0 Pedestrian
152 144 15.0 291.0 829.5 12.0 Pedestrian
153 156 15.0 297.0 831.5 12.0 Pedestrian
154 168 15.0 302.0 833.5 12.0 Pedestrian
155 180 15.0 308.0 836.0 12.0 Pedestrian
156 192 15.0 316.0 838.5 12.0 Pedestrian
157 204 15.0 322.0 840.5 12.0 Pedestrian
158 216 15.0 327.0 842.5 12.0 Pedestrian
159 228 15.0 333.0 842.5 12.0 Pedestrian
160 0 17.0 168.5 503.0 13.0 Pedestrian
161 12 17.0 166.5 503.0 13.0 Pedestrian
162 24 17.0 166.5 503.0 13.0 Pedestrian
163 36 17.0 166.5 503.0 13.0 Pedestrian
164 48 17.0 166.5 503.0 13.0 Pedestrian
165 60 17.0 166.5 503.0 13.0 Pedestrian
166 72 17.0 166.5 503.0 13.0 Pedestrian
167 84 17.0 166.5 503.0 13.0 Pedestrian
168 96 17.0 165.0 504.0 13.0 Pedestrian
169 108 17.0 165.0 504.0 13.0 Pedestrian
170 120 17.0 165.0 504.0 13.0 Pedestrian
171 132 17.0 165.0 504.0 13.0 Pedestrian
172 144 17.0 163.5 505.0 13.0 Pedestrian
173 156 17.0 163.5 505.0 13.0 Pedestrian
174 168 17.0 163.5 505.0 13.0 Pedestrian
175 180 17.0 163.5 506.0 13.0 Pedestrian
176 192 17.0 162.0 506.0 13.0 Pedestrian
177 204 17.0 162.0 506.0 13.0 Pedestrian
178 216 17.0 162.0 506.0 13.0 Pedestrian
179 228 17.0 162.0 506.0 13.0 Pedestrian
180 0 19.0 535.5 10.0 15.0 Pedestrian
181 12 19.0 543.5 12.0 15.0 Pedestrian
182 24 19.0 554.5 14.0 15.0 Pedestrian
183 36 19.0 565.5 16.5 15.0 Pedestrian
184 48 19.0 575.0 20.0 15.0 Pedestrian
185 60 19.0 586.0 23.5 15.0 Pedestrian
186 72 19.0 595.5 25.5 15.0 Pedestrian
187 84 19.0 605.5 29.0 15.0 Pedestrian
188 96 19.0 616.5 31.5 15.0 Pedestrian
189 108 19.0 627.5 33.5 15.0 Pedestrian
190 120 19.0 635.5 35.5 15.0 Pedestrian
191 132 19.0 644.0 40.5 15.0 Pedestrian
192 144 19.0 652.0 42.5 15.0 Pedestrian
193 156 19.0 663.0 45.0 15.0 Pedestrian
194 168 19.0 671.5 47.0 15.0 Pedestrian
195 180 19.0 680.0 49.5 15.0 Pedestrian
196 192 19.0 688.0 51.5 15.0 Pedestrian
197 204 19.0 696.5 54.0 15.0 Pedestrian
198 216 19.0 704.5 56.5 15.0 Pedestrian
199 228 19.0 715.5 58.5 15.0 Pedestrian
200 240 2.0 1208.5 945.0 1.0 Pedestrian
201 252 2.0 1222.5 949.0 1.0 Pedestrian
202 264 2.0 1236.0 954.0 1.0 Pedestrian
203 276 2.0 1250.0 956.0 1.0 Pedestrian
204 288 2.0 1266.5 960.5 1.0 Pedestrian
205 300 2.0 1277.5 967.5 1.0 Pedestrian
206 312 2.0 1291.0 972.0 1.0 Pedestrian
207 324 2.0 1302.0 979.0 1.0 Pedestrian
208 336 2.0 1316.0 985.5 1.0 Pedestrian
209 348 2.0 1327.0 992.0 1.0 Pedestrian
210 360 2.0 1338.0 997.0 1.0 Pedestrian
211 372 2.0 1352.0 1004.0 1.0 Pedestrian
212 384 2.0 1363.0 1010.5 1.0 Pedestrian
213 396 2.0 1374.0 1017.0 1.0 Pedestrian
214 408 2.0 1385.0 1024.0 1.0 Pedestrian
215 420 2.0 1393.0 1031.0 1.0 Pedestrian
216 432 2.0 1401.5 1040.0 1.0 Pedestrian
217 444 2.0 1412.5 1047.0 1.0 Pedestrian
218 456 2.0 1420.5 1055.5 1.0 Pedestrian
219 468 2.0 1429.0 1063.5 1.0 Pedestrian
220 240 4.0 1343.5 1029.5 2.0 Pedestrian
221 252 4.0 1332.5 1029.5 2.0 Pedestrian
222 264 4.0 1318.5 1027.5 2.0 Pedestrian
223 276 4.0 1307.5 1027.5 2.0 Pedestrian
224 288 4.0 1296.5 1025.5 2.0 Pedestrian
225 300 4.0 1285.5 1025.5 2.0 Pedestrian
226 312 4.0 1272.0 1022.5 2.0 Pedestrian
227 324 4.0 1261.0 1020.5 2.0 Pedestrian
228 336 4.0 1250.0 1020.5 2.0 Pedestrian
229 348 4.0 1239.0 1018.5 2.0 Pedestrian
230 360 4.0 1228.0 1016.5 2.0 Pedestrian
231 372 4.0 1214.0 1016.5 2.0 Pedestrian
232 384 4.0 1203.0 1016.5 2.0 Pedestrian
233 396 4.0 1192.0 1016.5 2.0 Pedestrian
234 408 4.0 1181.0 1017.5 2.0 Pedestrian
235 420 4.0 1170.0 1017.5 2.0 Pedestrian
236 432 4.0 1159.0 1017.5 2.0 Pedestrian
237 444 4.0 1148.0 1019.5 2.0 Pedestrian
238 456 4.0 1134.0 1017.5 2.0 Pedestrian
239 468 4.0 1123.0 1015.0 2.0 Pedestrian
240 240 6.0 1273.0 718.0 3.0 Pedestrian
241 252 6.0 1262.0 709.0 3.0 Pedestrian
242 264 6.0 1251.0 702.5 3.0 Pedestrian
243 276 6.0 1240.0 693.5 3.0 Pedestrian
244 288 6.0 1229.0 686.5 3.0 Pedestrian
245 300 6.0 1218.0 677.5 3.0 Pedestrian
246 312 6.0 1207.0 668.5 3.0 Pedestrian
247 324 6.0 1196.0 661.5 3.0 Pedestrian
248 336 6.0 1185.0 652.5 3.0 Pedestrian
249 348 6.0 1174.0 643.5 3.0 Pedestrian
250 360 6.0 1166.0 636.5 3.0 Pedestrian
251 372 6.0 1155.0 627.5 3.0 Pedestrian
252 384 6.0 1144.0 618.5 3.0 Pedestrian
253 396 6.0 1133.0 611.5 3.0 Pedestrian
254 408 6.0 1122.0 602.5 3.0 Pedestrian
255 420 6.0 1111.0 593.5 3.0 Pedestrian
256 432 6.0 1102.5 584.5 3.0 Pedestrian
257 444 6.0 1091.5 575.5 3.0 Pedestrian
258 456 6.0 1080.5 566.5 3.0 Pedestrian
259 468 6.0 1069.5 557.5 3.0 Pedestrian
260 240 8.0 1398.5 688.5 4.0 Pedestrian
261 252 8.0 1385.0 679.5 4.0 Pedestrian
262 264 8.0 1371.0 668.0 4.0 Pedestrian
263 276 8.0 1357.5 659.0 4.0 Pedestrian
264 288 8.0 1343.5 650.0 4.0 Pedestrian
265 300 8.0 1327.0 641.0 4.0 Pedestrian
266 312 8.0 1313.5 630.0 4.0 Pedestrian
267 324 8.0 1299.5 620.5 4.0 Pedestrian
268 336 8.0 1283.0 611.5 4.0 Pedestrian
269 348 8.0 1269.0 602.5 4.0 Pedestrian
270 360 8.0 1255.5 591.0 4.0 Pedestrian
271 372 8.0 1239.0 582.0 4.0 Pedestrian
272 384 8.0 1225.0 573.0 4.0 Pedestrian
273 396 8.0 1211.5 562.0 4.0 Pedestrian
274 408 8.0 1195.0 552.5 4.0 Pedestrian
275 420 8.0 1181.0 543.5 4.0 Pedestrian
276 432 8.0 1164.5 532.0 4.0 Pedestrian
277 444 8.0 1150.5 523.0 4.0 Pedestrian
278 456 8.0 1134.0 512.0 4.0 Pedestrian
279 468 8.0 1117.5 500.5 4.0 Pedestrian
280 240 10.0 1218.5 197.0 7.0 Pedestrian
281 252 10.0 1232.0 199.0 7.0 Pedestrian
282 264 10.0 1243.0 201.0 7.0 Pedestrian
283 276 10.0 1254.0 201.0 7.0 Pedestrian
284 288 10.0 1265.0 203.5 7.0 Pedestrian
285 300 10.0 1278.5 206.0 7.0 Pedestrian
286 312 10.0 1289.5 206.0 7.0 Pedestrian
287 324 10.0 1301.0 208.0 7.0 Pedestrian
288 336 10.0 1314.5 208.0 7.0 Pedestrian
289 348 10.0 1325.5 210.0 7.0 Pedestrian
290 360 10.0 1336.5 210.0 7.0 Pedestrian
291 372 10.0 1347.5 212.5 7.0 Pedestrian
292 384 10.0 1361.5 212.5 7.0 Pedestrian
293 396 10.0 1372.5 215.0 7.0 Pedestrian
294 408 10.0 1383.5 217.0 7.0 Pedestrian
295 420 10.0 1394.5 219.5 7.0 Pedestrian
296 432 10.0 1408.5 222.0 7.0 Pedestrian
297 444 10.0 1419.5 222.0 7.0 Pedestrian
298 456 10.0 1430.5 224.0 7.0 Pedestrian
299 468 10.0 1441.5 226.0 7.0 Pedestrian
300 240 12.0 252.5 879.0 10.0 Pedestrian
301 252 12.0 255.5 879.0 10.0 Pedestrian
302 264 12.0 263.5 881.5 10.0 Pedestrian
303 276 12.0 269.5 881.5 10.0 Pedestrian
304 288 12.0 277.5 883.5 10.0 Pedestrian
305 300 12.0 283.5 883.5 10.0 Pedestrian
306 312 12.0 291.5 885.5 10.0 Pedestrian
307 324 12.0 296.5 885.5 10.0 Pedestrian
308 336 12.0 305.5 885.5 10.0 Pedestrian
309 348 12.0 310.5 885.5 10.0 Pedestrian
310 360 12.0 316.5 885.5 10.0 Pedestrian
311 372 12.0 324.5 883.5 10.0 Pedestrian
312 384 12.0 330.0 883.5 10.0 Pedestrian
313 396 12.0 335.5 881.5 10.0 Pedestrian
314 408 12.0 341.0 881.5 10.0 Pedestrian
315 420 12.0 349.5 881.5 10.0 Pedestrian
316 432 12.0 354.5 881.5 10.0 Pedestrian
317 444 12.0 363.5 881.5 10.0 Pedestrian
318 456 12.0 368.5 881.5 10.0 Pedestrian
319 468 12.0 374.5 881.5 10.0 Pedestrian
320 240 14.0 206.0 699.0 11.0 Pedestrian
321 252 14.0 214.5 701.0 11.0 Pedestrian
322 264 14.0 222.5 705.5 11.0 Pedestrian
323 276 14.0 231.0 708.0 11.0 Pedestrian
324 288 14.0 239.0 712.5 11.0 Pedestrian
325 300 14.0 247.5 714.5 11.0 Pedestrian
326 312 14.0 255.5 719.0 11.0 Pedestrian
327 324 14.0 264.0 724.0 11.0 Pedestrian
328 336 14.0 269.5 726.0 11.0 Pedestrian
329 348 14.0 275.0 730.5 11.0 Pedestrian
330 360 14.0 280.5 735.0 11.0 Pedestrian
331 372 14.0 288.5 737.5 11.0 Pedestrian
332 384 14.0 294.0 742.0 11.0 Pedestrian
333 396 14.0 299.5 746.5 11.0 Pedestrian
334 408 14.0 305.0 748.5 11.0 Pedestrian
335 420 14.0 308.0 753.0 11.0 Pedestrian
336 432 14.0 313.5 755.5 11.0 Pedestrian
337 444 14.0 316.0 762.0 11.0 Pedestrian
338 456 14.0 319.0 769.0 11.0 Pedestrian
339 468 14.0 322.0 776.0 11.0 Pedestrian
340 240 16.0 338.0 842.5 12.0 Pedestrian
341 252 16.0 347.0 842.5 12.0 Pedestrian
342 264 16.0 352.0 842.5 12.0 Pedestrian
343 276 16.0 358.0 842.5 12.0 Pedestrian
344 288 16.0 363.0 845.0 12.0 Pedestrian
345 300 16.0 371.0 845.0 12.0 Pedestrian
346 312 16.0 377.0 845.0 12.0 Pedestrian
347 324 16.0 382.0 845.0 12.0 Pedestrian
348 336 16.0 388.0 845.0 12.0 Pedestrian
349 348 16.0 396.0 847.5 12.0 Pedestrian
350 360 16.0 402.0 847.5 12.0 Pedestrian
351 372 16.0 407.0 847.5 12.0 Pedestrian
352 384 16.0 413.0 847.5 12.0 Pedestrian
353 396 16.0 421.0 847.5 12.0 Pedestrian
354 408 16.0 426.0 849.5 12.0 Pedestrian
355 420 16.0 432.0 849.5 12.0 Pedestrian
356 432 16.0 437.0 849.5 12.0 Pedestrian
357 444 16.0 446.0 849.5 12.0 Pedestrian
358 456 16.0 451.0 849.5 12.0 Pedestrian
359 468 16.0 457.0 849.5 12.0 Pedestrian
360 240 18.0 162.0 506.0 13.0 Pedestrian
361 252 18.0 162.0 506.0 13.0 Pedestrian
362 264 18.0 162.0 506.0 13.0 Pedestrian
363 276 18.0 162.0 508.5 13.0 Pedestrian
364 288 18.0 162.0 508.5 13.0 Pedestrian
365 300 18.0 162.0 508.5 13.0 Pedestrian
366 312 18.0 162.0 508.5 13.0 Pedestrian
367 324 18.0 162.0 508.5 13.0 Pedestrian
368 336 18.0 162.0 508.5 13.0 Pedestrian
369 348 18.0 162.0 508.5 13.0 Pedestrian
370 360 18.0 162.0 508.5 13.0 Pedestrian
371 372 18.0 162.0 508.5 13.0 Pedestrian
372 384 18.0 162.0 510.5 13.0 Pedestrian
373 396 18.0 165.0 517.5 13.0 Pedestrian
374 408 18.0 165.0 524.0 13.0 Pedestrian
375 420 18.0 167.5 531.0 13.0 Pedestrian
376 432 18.0 173.0 535.5 13.0 Pedestrian
377 444 18.0 179.0 538.0 13.0 Pedestrian
378 456 18.0 184.0 540.0 13.0 Pedestrian
379 468 18.0 190.0 542.5 13.0 Pedestrian
380 240 20.0 724.0 63.0 15.0 Pedestrian
381 252 20.0 732.0 65.5 15.0 Pedestrian
382 264 20.0 740.5 69.5 15.0 Pedestrian
383 276 20.0 748.5 74.5 15.0 Pedestrian
384 288 20.0 757.0 79.0 15.0 Pedestrian
385 300 20.0 762.5 83.5 15.0 Pedestrian
386 312 20.0 770.5 88.0 15.0 Pedestrian
387 324 20.0 779.0 90.5 15.0 Pedestrian
388 336 20.0 787.0 94.5 15.0 Pedestrian
389 348 20.0 795.5 99.5 15.0 Pedestrian
390 360 20.0 803.5 101.5 15.0 Pedestrian
391 372 20.0 812.0 106.0 15.0 Pedestrian
392 384 20.0 820.0 108.5 15.0 Pedestrian
393 396 20.0 828.5 113.0 15.0 Pedestrian
394 408 20.0 834.0 115.0 15.0 Pedestrian
395 420 20.0 842.5 117.5 15.0 Pedestrian
396 432 20.0 850.5 122.0 15.0 Pedestrian
397 444 20.0 859.0 124.5 15.0 Pedestrian
398 456 20.0 867.0 128.5 15.0 Pedestrian
399 468 20.0 878.0 131.0 15.0 Pedestrian
