312 104.0 -19.495 19.852
324 104.0 -19.309 19.852
336 104.0 -18.896 19.852
348 104.0 -18.268 19.852
360 104.0 -17.64 19.852
372 104.0 -17.012 19.623
384 104.0 -16.327 19.395
396 104.0 -15.699 19.395
408 108.0 -19.495 19.338
420 108.0 -19.181 19.338
432 108.0 -18.767 19.338
444 108.0 -18.296 19.338
456 108.0 -17.768 19.452
468 108.0 -17.083 19.452
480 108.0 -16.398 19.452
492 108.0 -15.77 19.338
552 105.0 -8.078 19.795
564 105.0 -7.478 19.795
576 105.0 -6.922 19.68
588 105.0 -6.308 19.68
600 105.0 -5.766 19.738
612 105.0 -5.252 19.738
624 105.0 -4.667 19.738
636 105.0 -4.139 19.738
648 109.0 -8.206 19.566
660 109.0 -7.578 19.566
672 109.0 -7.007 19.452
684 109.0 -6.422 19.452
696 109.0 -5.894 19.452
708 109.0 -5.323 19.338
720 109.0 -4.795 19.338
732 109.0 -4.224 19.338
684 100.0 16.298 18.111
696 100.0 15.67 18.111
708 100.0 15.085 18.111
720 100.0 14.514 18.111
732 100.0 13.943 18.111
744 100.0 13.358 18.111
756 100.0 12.73 18.054
768 100.0 12.159 18.054
792 106.0 3.568 19.623
804 106.0 4.082 19.623
816 106.0 4.61 19.623
828 106.0 5.195 19.623
840 106.0 5.709 19.509
852 106.0 6.279 19.509
864 106.0 6.822 19.395
876 106.0 7.393 19.395
924 101.0 4.496 17.825
936 101.0 3.925 17.825
948 101.0 3.354 17.768
960 101.0 2.783 17.768
972 101.0 2.198 17.768
984 101.0 1.57 17.768
996 101.0 0.985 17.768
1008 101.0 0.414 17.768
1140 67.0 -18.439 14.885
1152 67.0 -17.811 14.885
1164 67.0 -17.183 14.885
1176 67.0 -16.555 14.771
1188 67.0 -15.927 14.771
1200 67.0 -15.299 14.771
1212 67.0 -14.671 14.643
1224 67.0 -14.043 14.643
1164 102.0 -7.721 18.111
1176 102.0 -8.363 18.168
1188 102.0 -8.991 18.168
1200 102.0 -9.619 18.225
1212 102.0 -10.247 18.225
1224 102.0 -10.889 18.282
1236 102.0 -11.517 18.282
1248 102.0 -12.145 18.282
1380 68.0 -6.251 14.414
1392 68.0 -5.652 14.414
1404 68.0 -5.081 14.528
1416 68.0 -4.767 14.528
1428 68.0 -4.396 14.643
1440 68.0 -4.039 14.643
1452 68.0 -3.682 14.771
1464 68.0 -3.311 14.771
1500 70.0 6.494 6.208
1512 70.0 5.766 6.208
1524 70.0 5.024 6.208
1536 70.0 4.353 6.322
1548 70.0 3.611 6.322
1560 70.0 2.94 6.322
1572 70.0 2.198 6.436
1584 70.0 1.513 6.436
1536 58.0 16.983 28.757
1548 58.0 16.955 28.186
1560 58.0 16.926 27.601
1572 58.0 16.898 27.016
1584 58.0 16.883 26.445
1596 58.0 16.883 25.874
1608 58.0 16.855 25.218
1620 58.0 16.683 24.647
1620 69.0 2.968 16.855
1632 69.0 3.596 16.969
1644 69.0 4.224 17.083
1656 69.0 4.852 17.197
1668 69.0 5.48 17.311
1680 69.0 6.108 17.426
1692 69.0 6.736 17.54
1704 69.0 7.364 17.54
1740 71.0 -7.707 6.436
1752 71.0 -8.434 6.436
1764 71.0 -9.12 6.436
1776 71.0 -9.847 6.436
1788 71.0 -10.59 6.551
1800 71.0 -11.275 6.551
1812 71.0 -12.002 6.551
1824 71.0 -12.73 6.551
1776 59.0 12.488 19.095
1788 59.0 12.031 18.867
1800 59.0 11.546 18.639
1812 59.0 11.089 18.282
1824 59.0 10.661 17.939
1836 59.0 10.19 17.597
1848 59.0 9.776 17.14
1860 59.0 9.348 16.783
2016 60.0 4.724 10.547
2028 60.0 4.296 10.076
2040 60.0 3.882 9.605
2052 60.0 3.482 9.148
2064 60.0 3.026 8.691
2076 60.0 2.655 8.235
2088 60.0 2.226 7.764
2100 60.0 1.827 7.364
2256 61.0 -4.767 3.539
2268 61.0 -5.195 3.083
2280 61.0 -5.609 2.726
2292 61.0 -6.037 2.269
2304 61.0 -6.494 1.927
2316 61.0 -7.022 1.57
2328 61.0 -7.393 1.227
2340 61.0 -7.707 0.885
3012 21.0 16.812 19.795
3024 21.0 16.155 19.452
3036 21.0 15.527 19.338
3048 21.0 14.9 19.338
3060 21.0 14.5 19.338
3072 21.0 14.015 19.338
3084 21.0 13.387 19.11
3096 21.0 12.759 18.867
3060 141.0 -19.538 17.197
3072 141.0 -19.395 16.312
3084 141.0 -19.024 16.084
3096 141.0 -18.653 15.856
3108 141.0 -18.282 15.627
3120 141.0 -17.925 15.399
3132 141.0 -17.397 15.285
3144 141.0 -16.94 15.171
3108 137.0 16.869 18.91
3120 137.0 16.27 18.453
3132 137.0 15.799 18.453
3144 137.0 15.271 18.339
3156 137.0 14.757 18.339
3168 137.0 14.214 18.225
3180 137.0 13.758 18.225
3192 137.0 13.23 18.225
3252 22.0 4.367 18.995
3264 22.0 3.682 18.995
3276 22.0 3.054 18.995
3288 22.0 2.426 18.995
3300 22.0 1.741 18.995
3312 22.0 1.113 18.995
3324 22.0 0.485 18.995
3336 22.0 -0.143 18.995
3300 142.0 -12.488 10.661
3312 142.0 -12.059 10.433
3324 142.0 -11.574 10.204
3336 142.0 -11.175 9.962
3348 142.0 -10.689 9.719
3360 142.0 -10.233 9.491
3372 142.0 -9.862 9.262
3384 142.0 -9.548 9.034
3348 138.0 6.479 19.053
3360 138.0 5.994 19.167
3372 138.0 5.537 19.167
3384 138.0 4.995 19.281
3396 138.0 4.481 19.281
3408 138.0 3.953 19.281
3420 138.0 3.482 19.281
3432 138.0 3.054 19.281
3504 136.0 -6.608 16.955
3516 136.0 -7.264 17.54
3528 136.0 -7.949 17.426
3540 136.0 -8.634 17.311
3552 136.0 -9.262 17.183
3564 136.0 -9.89 17.183
3576 136.0 -10.49 17.183
3588 136.0 -11.06 17.183
3540 143.0 -4.581 5.98
3552 143.0 -4.153 5.737
3564 143.0 -3.725 5.737
3576 143.0 -3.297 5.737
3588 143.0 -2.911 5.737
3600 143.0 -2.44 5.623
3612 143.0 -1.969 5.623
3624 143.0 -1.441 5.623
3588 139.0 -3.639 19.038
3600 139.0 -4.224 19.038
3612 139.0 -4.795 19.038
3624 139.0 -5.323 19.038
3636 139.0 -5.894 18.924
3648 139.0 -6.322 18.81
3660 139.0 -6.793 18.81
3672 139.0 -7.207 18.696
3780 147.0 4.567 5.395
3792 147.0 5.138 5.28
3804 147.0 5.751 5.28
3816 147.0 6.123 5.28
3828 147.0 6.494 5.28
3840 147.0 6.865 5.28
3852 147.0 7.236 5.28
3864 147.0 7.65 5.152
3996 149.0 7.321 33.61
4008 149.0 7.107 33.61
4020 149.0 7.107 33.61
4032 149.0 7.107 33.61
4044 149.0 7.107 33.724
4056 149.0 7.05 33.724
4068 149.0 7.05 33.838
4080 149.0 7.05 33.838
4236 150.0 6.879 34.423
4248 150.0 6.879 34.423
4260 150.0 6.879 34.537
4272 150.0 6.836 34.537
4284 150.0 6.836 34.537
4296 150.0 6.836 34.651
4308 150.0 6.836 34.651
4320 150.0 6.793 34.651
5400 148.0 16.655 17.597
5412 148.0 16.512 17.483
5424 148.0 16.341 17.483
5436 148.0 16.241 17.369
5448 148.0 16.084 17.369
5460 148.0 15.984 17.254
5472 148.0 15.827 17.254
5484 148.0 15.713 17.14
5484 78.0 16.541 18.924
5496 78.0 15.913 19.152
5508 78.0 14.985 18.981
5520 78.0 14.229 18.867
5532 78.0 13.772 18.924
5544 78.0 13.287 18.924
5556 78.0 12.702 18.924
5568 78.0 12.188 18.81
5484 151.0 16.213 19.966
5496 151.0 15.67 19.966
5508 151.0 14.9 20.023
5520 151.0 14.015 20.251
5532 151.0 13.158 20.423
5544 151.0 12.673 20.651
5556 151.0 12.216 20.651
5568 151.0 11.646 20.423
5556 5.0 15.642 18.054
5568 5.0 15.385 18.225
5580 5.0 15.099 18.396
5592 5.0 14.828 18.567
5604 5.0 14.557 18.696
5616 5.0 14.3 18.924
5628 5.0 14.015 19.038
5640 5.0 13.701 19.167
5580 131.0 16.17 17.825
5592 131.0 15.742 17.483
5604 131.0 15.428 17.369
5616 131.0 15.057 17.369
5628 131.0 14.8 17.254
5640 131.0 14.571 17.254
5652 131.0 14.3 17.254
5664 131.0 14.072 17.254
5640 154.0 13.344 16.612
5652 154.0 13.144 16.555
5664 154.0 12.973 16.555
5676 154.0 12.759 16.498
5688 154.0 12.573 16.498
5700 154.0 12.388 16.441
5712 154.0 12.159 16.441
5724 154.0 11.845 16.441
5724 79.0 4.039 18.81
5736 79.0 3.568 18.81
5748 79.0 3.04 18.81
5760 79.0 2.512 18.81
5772 79.0 2.041 18.81
5784 79.0 1.57 18.81
5796 79.0 0.999 18.753
5808 79.0 0.414 18.624
5724 152.0 3.967 20.423
5736 152.0 3.454 20.537
5748 152.0 2.997 20.423
5760 152.0 2.398 20.423
5772 152.0 1.884 20.308
5784 152.0 1.256 20.308
5796 152.0 0.628 20.423
5808 152.0 0.057 20.423
5736 90.0 -20.194 13.358
5748 90.0 -17.411 12.559
5760 90.0 -14.5 12.331
5772 90.0 -11.66 12.502
5784 90.0 -8.834 12.673
5796 90.0 -6.008 12.902
5808 90.0 -3.168 13.144
5820 90.0 -0.285 13.372
5796 6.0 10.033 19.623
5808 6.0 9.762 19.623
5820 6.0 9.505 19.738
5832 6.0 9.248 19.738
5844 6.0 8.991 19.738
5856 6.0 8.734 19.852
5868 6.0 8.449 19.852
5880 6.0 8.192 19.966
5820 132.0 10.347 18.282
5832 132.0 10.033 18.282
5844 132.0 9.747 18.282
5856 132.0 9.476 18.282
5868 132.0 9.191 18.282
5880 132.0 8.934 18.282
5892 132.0 8.649 18.282
5904 132.0 8.392 18.396
5880 155.0 7.749 17.026
5892 155.0 7.435 17.026
5904 155.0 7.122 17.026
5916 155.0 6.808 17.026
5928 155.0 6.494 17.026
5940 155.0 6.18 17.026
5952 155.0 5.866 17.026
5964 155.0 5.552 17.026
5964 80.0 -7.792 18.681
5976 80.0 -8.306 18.81
5988 80.0 -8.734 18.924
6000 80.0 -9.191 18.681
6012 80.0 -9.776 18.624
6024 80.0 -10.333 18.624
6036 80.0 -10.875 18.567
6048 80.0 -11.417 18.567
5964 153.0 -7.906 20.423
5976 153.0 -8.506 20.423
5988 153.0 -9.077 20.537
6000 153.0 -9.648 20.651
6012 153.0 -10.161 20.48
6024 153.0 -10.647 20.366
6036 153.0 -11.146 20.251
6048 153.0 -11.603 20.137
6000 125.0 6.779 17.882
6012 125.0 6.522 17.768
6024 125.0 6.265 17.768
6036 125.0 6.023 17.768
6048 125.0 5.794 17.768
6060 125.0 5.552 17.711
6072 125.0 5.295 17.711
6084 125.0 5.081 17.711
6036 7.0 5.423 19.623
6048 7.0 5.266 19.566
6060 7.0 5.138 19.452
6072 7.0 5.009 19.395
6084 7.0 4.838 19.338
6096 7.0 4.724 19.281
6108 7.0 4.581 19.224
6120 7.0 4.524 19.11
6060 133.0 5.309 18.168
6072 133.0 5.052 18.111
6084 133.0 4.824 18.111
6096 133.0 4.524 18.054
6108 133.0 4.324 18.054
6120 133.0 4.11 18.054
6132 133.0 3.839 18.054
6144 133.0 3.639 18.168
6120 156.0 2.369 17.369
6132 156.0 2.112 17.369
6144 156.0 1.855 17.369
6156 156.0 1.598 17.369
6168 156.0 1.342 17.369
6180 156.0 1.227 17.254
6192 156.0 1.113 17.254
6204 156.0 1.028 17.254
6240 126.0 1.784 17.711
6252 126.0 1.513 17.825
6264 126.0 1.413 17.825
6276 126.0 1.313 17.825
6288 126.0 1.199 17.825
6300 126.0 1.099 17.825
6312 126.0 0.999 17.825
6324 126.0 0.885 17.825
6276 8.0 4.096 18.624
6288 8.0 4.096 18.624
6300 8.0 4.096 18.624
6312 8.0 4.096 18.624
6324 8.0 4.096 18.624
6336 8.0 4.096 18.624
6348 8.0 4.096 18.624
6360 8.0 4.096 18.624
6300 134.0 1.227 18.525
6312 134.0 1.07 18.525
6324 134.0 0.97 18.525
6336 134.0 0.813 18.525
6348 134.0 0.699 18.525
6360 134.0 0.599 18.525
6372 134.0 0.442 18.525
6384 134.0 0.328 18.525
6360 157.0 -0.714 17.483
6372 157.0 -0.856 17.54
6384 157.0 -1.056 17.54
6396 157.0 -1.199 17.54
6408 157.0 -1.37 17.654
6420 157.0 -1.513 17.654
6432 157.0 -1.684 17.654
6444 157.0 -1.884 17.654
6420 128.0 16.84 19.566
6432 128.0 16.241 19.566
6444 128.0 15.77 19.68
6456 128.0 15.299 19.68
6468 128.0 14.728 19.68
6480 128.0 14.043 19.566
6492 128.0 13.415 19.566
6504 128.0 12.573 19.509
6480 127.0 -1.841 17.939
6492 127.0 -2.155 17.939
6504 127.0 -2.498 18.054
6516 127.0 -2.811 18.054
6528 127.0 -3.154 18.054
6540 127.0 -3.468 18.054
6552 127.0 -3.811 18.054
6564 127.0 -4.096 18.054
6516 9.0 3.896 18.624
6528 9.0 3.796 18.624
6540 9.0 3.696 18.624
6552 9.0 3.554 18.624
6564 9.0 3.454 18.624
6576 9.0 3.354 18.696
6588 9.0 3.24 18.696
6600 9.0 3.111 18.753
6540 135.0 -3.225 18.753
6552 135.0 -3.511 18.753
6564 135.0 -3.796 18.753
6576 135.0 -4.11 18.753
6588 135.0 -4.381 18.867
6600 135.0 -4.667 18.867
6612 135.0 -4.981 18.867
6624 135.0 -5.28 18.867
6600 158.0 -6.579 17.426
6612 158.0 -6.965 17.426
6624 158.0 -7.364 17.426
6636 158.0 -7.764 17.426
6648 158.0 -8.178 17.426
6660 158.0 -8.549 17.426
6672 158.0 -8.948 17.426
6684 158.0 -10.276 17.654
6660 129.0 2.412 19.68
6672 129.0 1.299 19.795
6684 129.0 0.157 20.023
6696 129.0 -1.042 20.251
6708 129.0 -1.527 20.251
6720 129.0 -1.898 20.137
6732 129.0 -2.312 20.137
6744 129.0 -2.726 20.023
6720 130.0 -10.233 18.111
6732 130.0 -10.176 17.996
6744 130.0 -10.176 17.882
6756 130.0 -10.119 17.768
6768 130.0 -10.119 17.654
6780 130.0 -10.061 17.654
6792 130.0 -10.061 17.54
6804 130.0 -10.318 17.54
6756 10.0 3.625 18.924
6768 10.0 3.882 18.924
6780 10.0 4.139 18.924
6792 10.0 3.967 18.924
6804 10.0 3.711 18.924
6816 10.0 3.397 18.924
6828 10.0 3.14 18.924
6840 10.0 2.826 18.81
6780 140.0 -9.762 18.981
6792 140.0 -9.705 18.981
6804 140.0 -9.962 18.867
6816 140.0 -10.333 18.867
6828 140.0 -10.647 18.867
6840 140.0 -11.018 18.753
6852 140.0 -11.374 18.753
6864 140.0 -11.731 18.639
6840 159.0 -12.902 17.083
6852 159.0 -13.215 17.083
6864 159.0 -13.572 17.083
6876 159.0 -13.901 17.083
6888 159.0 -14.257 17.083
6900 159.0 -14.628 17.083
6912 159.0 -14.942 17.083
6924 159.0 -15.299 17.083
6996 11.0 -0.942 18.567
7008 11.0 -1.227 18.51
7020 11.0 -1.541 18.51
7032 11.0 -1.855 18.51
7044 11.0 -2.141 18.567
7056 11.0 -2.469 18.567
7068 11.0 -2.811 18.624
7080 11.0 -3.125 18.624
7140 23.0 15.713 21.35
7152 23.0 15.199 21.008
7164 23.0 14.671 20.779
7176 23.0 14.143 20.437
7188 23.0 13.672 20.194
7200 23.0 13.144 19.966
7212 23.0 12.63 19.623
7224 23.0 12.159 19.381
7236 12.0 -7.15 18.924
7248 12.0 -7.478 18.924
7260 12.0 -7.792 18.924
7272 12.0 -8.106 18.981
7284 12.0 -8.42 18.981
7296 12.0 -8.706 19.038
7308 12.0 -9.048 19.038
7320 12.0 -9.362 19.038
7380 24.0 4.082 18.696
7392 24.0 3.454 18.696
7404 24.0 2.783 18.696
7416 24.0 2.141 18.696
7428 24.0 1.513 18.696
7440 24.0 0.885 18.696
7452 24.0 0.214 18.696
7464 24.0 -0.414 18.696
7476 13.0 -13.401 19.324
7488 13.0 -13.715 19.324
7500 13.0 -13.744 19.381
7512 13.0 -14.257 19.152
7524 13.0 -14.728 18.924
7536 13.0 -15.256 18.739
7548 13.0 -15.656 18.624
7560 13.0 -16.013 18.624
7620 38.0 2.74 38.576
7632 38.0 3.054 38.119
7644 38.0 3.425 37.891
7656 38.0 3.768 37.663
7668 38.0 4.11 37.377
7680 38.0 4.481 37.092
7692 38.0 4.852 36.863
7704 38.0 5.209 36.549
7716 14.0 -19.752 19.11
7728 14.0 -19.809 19.11
7740 14.0 -19.837 19.109
7752 14.0 -19.827 19.104
7764 14.0 -19.818 19.099
7776 14.0 -19.809 19.094
7788 14.0 -19.8 19.089
7800 14.0 -19.791 19.083
7860 39.0 9.962 34.951
7872 39.0 10.318 34.951
7884 39.0 10.746 34.951
7896 39.0 11.16 34.951
7908 39.0 11.574 34.951
7920 39.0 12.002 34.951
7932 39.0 12.416 34.837
7944 39.0 12.787 34.837
7956 15.0 -19.672 19.016
7968 15.0 -19.663 19.011
7980 15.0 -19.654 19.005
7992 15.0 -19.645 19.0
8004 15.0 -19.636 18.995
8016 15.0 -19.627 18.99
8028 15.0 -19.617 18.985
8040 15.0 -19.608 18.98
8004 37.0 11.003 35.75
8016 37.0 11.317 35.75
8028 37.0 11.631 35.75
8040 37.0 11.945 35.636
8052 37.0 12.202 35.522
8064 37.0 12.673 35.522
8076 37.0 13.158 35.522
8088 37.0 13.315 35.522
8052 81.0 16.555 6.379
8064 81.0 15.984 6.379
8076 81.0 15.413 6.379
8088 81.0 14.828 6.379
8100 81.0 14.243 6.379
8112 81.0 13.672 6.379
8124 81.0 13.101 6.379
8136 81.0 12.53 6.379
8196 16.0 -19.489 18.912
8208 16.0 -19.48 18.907
8220 16.0 -19.471 18.902
8232 16.0 -19.462 18.897
8244 16.0 -19.453 18.892
8256 16.0 -19.444 18.886
8268 16.0 -19.434 18.881
8280 16.0 -19.425 18.876
8292 82.0 4.767 6.265
8304 82.0 4.139 6.265
8316 82.0 3.511 6.265
8328 82.0 2.883 6.265
8340 82.0 2.312 6.265
8352 82.0 1.727 6.265
8364 82.0 1.142 6.265
8376 82.0 0.628 6.379
8436 17.0 -12.074 19.224
8448 17.0 -11.446 19.224
8460 17.0 -10.818 19.224
8472 17.0 -10.19 19.224
8484 17.0 -9.562 19.224
8496 17.0 -8.934 19.224
8508 17.0 -8.363 19.053
8520 17.0 -7.749 18.867
8532 83.0 -7.179 6.551
8544 83.0 -7.807 6.322
8556 83.0 -8.377 5.98
8568 83.0 -9.005 5.923
8580 83.0 -9.662 5.98
8592 83.0 -10.304 6.037
8604 83.0 -10.961 6.094
8616 83.0 -11.589 6.037
8676 18.0 0.271 18.339
8688 18.0 0.842 18.339
8700 18.0 1.47 18.225
8712 18.0 2.098 18.225
8724 18.0 2.669 18.225
8736 18.0 3.297 18.339
8748 18.0 3.868 18.453
8760 18.0 4.453 18.567
8820 2.0 16.113 23.719
8832 2.0 16.041 22.906
8844 2.0 15.956 22.107
8856 2.0 15.899 21.365
8868 2.0 15.827 20.537
8880 2.0 15.77 19.852
8892 2.0 15.456 19.167
8904 2.0 15.142 18.453
9060 3.0 11.06 10.946
9072 3.0 10.433 10.375
9084 3.0 9.862 9.904
9096 3.0 9.248 9.319
9108 3.0 8.663 8.748
9120 3.0 8.035 8.178
9132 3.0 10.147 10.133
9144 3.0 7.022 7.407
9108 19.0 14.971 7.35
9120 19.0 14.172 7.122
9132 19.0 13.43 7.007
9144 19.0 12.802 6.893
9156 19.0 12.174 6.665
9168 19.0 11.603 6.551
9180 19.0 11.089 6.436
9192 19.0 10.547 6.322
9300 4.0 0.842 -1.727
9312 4.0 0.842 -1.727
9324 4.0 0.842 -1.727
9336 4.0 0.842 -1.727
9348 4.0 0.842 -1.727
9360 4.0 0.842 -1.727
9372 4.0 0.842 -1.727
9384 4.0 0.842 -1.727
9456 27.0 -18.867 18.054
9468 27.0 -18.239 18.111
9480 27.0 -17.611 18.225
9492 27.0 -17.083 18.168
9504 27.0 -16.569 18.054
9516 27.0 -16.041 17.939
9528 27.0 -15.513 17.768
9540 27.0 -14.957 17.711
9456 111.0 -18.353 17.197
9468 111.0 -17.754 17.197
9480 111.0 -17.183 17.197
9492 111.0 -16.612 17.083
9504 111.0 -16.141 16.84
9516 111.0 -15.727 16.84
9528 111.0 -15.342 16.726
9540 111.0 -14.8 16.84
9696 28.0 -7.592 17.996
9708 28.0 -7.136 17.996
9720 28.0 -6.708 17.996
9732 28.0 -6.251 18.111
9744 28.0 -5.709 18.111
9756 28.0 -5.195 18.111
9768 28.0 -4.71 18.111
9780 28.0 -4.196 18.111
9696 112.0 -7.407 16.969
9708 112.0 -6.95 16.84
9720 112.0 -6.522 16.84
9732 112.0 -6.108 16.84
9744 112.0 -5.751 16.969
9756 112.0 -5.38 16.969
9768 112.0 -4.895 17.083
9780 112.0 -4.324 17.083
9936 29.0 3.083 18.111
9948 29.0 3.397 18.111
9960 29.0 3.654 18.111
9972 29.0 4.139 18.111
9984 29.0 4.71 18.111
9996 29.0 5.338 18.111
10008 29.0 5.837 17.939
10020 29.0 6.294 17.882
9936 113.0 3.354 17.197
9948 113.0 3.668 17.197
9960 113.0 3.925 17.197
9972 113.0 4.353 16.969
9984 113.0 4.81 16.84
9996 113.0 5.181 16.726
10008 113.0 5.58 16.726
10020 113.0 6.194 16.84
10308 144.0 -20.18 19.252
10320 144.0 -19.837 18.339
10332 144.0 -19.566 18.396
10344 144.0 -19.295 18.51
10356 144.0 -18.838 18.739
10368 144.0 -18.325 18.739
10380 144.0 -17.74 18.739
10392 144.0 -17.169 18.739
10452 75.0 -20.094 18.054
10464 75.0 -19.88 18.168
10476 75.0 -19.595 18.111
10488 75.0 -19.181 18.054
10500 75.0 -18.582 18.054
10512 75.0 -18.068 17.996
10524 75.0 -17.483 18.054
10536 75.0 -16.912 18.111
10548 145.0 -9.933 17.825
10560 145.0 -9.462 17.711
10572 145.0 -8.963 17.597
10584 145.0 -8.52 17.311
10596 145.0 -8.106 16.84
10608 145.0 -7.735 16.27
10620 145.0 -7.307 15.799
10632 145.0 -6.936 15.342
10692 76.0 -9.676 18.168
10704 76.0 -9.091 18.168
10716 76.0 -8.52 18.054
10728 76.0 -7.935 17.939
10740 76.0 -7.364 17.825
10752 76.0 -6.836 17.711
10764 76.0 -6.265 17.711
10776 76.0 -5.737 17.711
10788 146.0 -2.655 8.977
10800 146.0 -2.226 8.52
10812 146.0 -1.798 8.049
10824 146.0 -1.342 7.707
10836 146.0 -0.813 7.592
10848 146.0 -0.228 7.364
10860 146.0 0.285 7.236
10872 146.0 0.856 7.122
10932 77.0 1.912 18.282
10944 77.0 2.483 18.282
10956 77.0 3.068 18.168
10968 77.0 3.582 18.054
10980 77.0 4.167 18.054
10992 77.0 4.738 17.939
11004 77.0 5.338 17.882
11016 77.0 5.98 17.825
12072 166.0 16.427 4.981
12084 166.0 15.856 4.981
12096 166.0 15.328 5.095
12108 166.0 14.8 5.095
12120 166.0 14.229 5.209
12132 166.0 13.715 5.209
12144 166.0 13.116 5.338
12156 166.0 12.602 5.338
12312 168.0 3.211 5.095
12324 168.0 2.44 5.095
12336 168.0 1.641 5.095
12348 168.0 0.871 5.095
12360 168.0 0.071 5.095
12372 168.0 -0.699 5.095
12384 168.0 -1.499 5.095
12396 168.0 -2.269 5.095
12360 121.0 -19.495 6.608
12372 121.0 -19.081 6.722
12384 121.0 -18.61 6.836
12396 121.0 -18.139 7.079
12408 121.0 -17.711 7.193
12420 121.0 -17.254 7.307
12432 121.0 -16.769 7.535
12444 121.0 -16.255 7.535
12480 45.0 16.598 6.95
12492 45.0 16.369 7.407
12504 45.0 16.113 7.992
12516 45.0 15.799 8.463
12528 45.0 15.428 8.92
12540 45.0 15.085 9.376
12552 45.0 14.743 9.847
12564 45.0 14.371 10.304
12600 122.0 -6.75 7.179
12612 122.0 -5.809 7.179
12624 122.0 -4.867 7.179
12636 122.0 -4.096 7.179
12648 122.0 -3.468 7.179
12660 122.0 -2.84 7.236
12672 122.0 -2.212 7.236
12684 122.0 -1.627 7.236
12720 46.0 9.462 16.27
12732 46.0 8.991 16.726
12744 46.0 8.534 17.197
12756 46.0 8.121 17.54
12768 46.0 7.807 17.768
12780 46.0 7.493 18.111
12792 46.0 7.122 18.339
12804 46.0 6.808 18.582
12840 123.0 5.809 6.665
12852 123.0 6.379 6.665
12864 123.0 6.979 6.665
12876 123.0 7.55 6.665
12888 123.0 8.178 6.665
12900 123.0 8.748 6.665
12912 123.0 9.319 6.665
12924 123.0 9.89 6.665
12960 47.0 -0.457 19.395
12972 47.0 -1.028 19.509
12984 47.0 -1.627 19.509
12996 47.0 -2.198 19.509
13008 47.0 -2.797 19.566
13020 47.0 -3.468 19.68
13032 47.0 -4.124 19.738
13044 47.0 -4.767 19.795
13068 167.0 -19.466 18.168
13080 167.0 -17.797 18.168
13092 167.0 -16.07 18.168
13104 167.0 -14.386 18.168
13116 167.0 -12.659 18.168
13128 167.0 -10.932 18.168
13140 167.0 -9.305 18.054
13152 167.0 -7.778 18.054
13188 51.0 16.84 31.826
13200 51.0 16.798 31.826
13212 51.0 16.741 31.826
13224 51.0 16.641 31.826
13236 51.0 16.584 31.826
13248 51.0 16.526 31.826
13260 51.0 16.526 31.94
13272 51.0 16.526 31.94
13200 48.0 -12.331 20.194
13212 48.0 -12.902 20.194
13224 48.0 -13.472 20.08
13236 48.0 -14.043 20.08
13248 48.0 -14.614 20.08
13260 48.0 -15.213 20.08
13272 48.0 -15.784 20.08
13284 48.0 -16.355 20.08
13428 52.0 16.526 31.94
13440 52.0 16.526 31.94
13452 52.0 16.526 31.94
13464 52.0 16.526 31.94
13476 52.0 16.526 31.94
13488 52.0 16.526 31.94
13500 52.0 16.526 31.94
13512 52.0 16.484 31.883
13440 49.0 -19.568 20.033
13452 49.0 -19.546 20.026
13464 49.0 -19.524 20.019
13476 49.0 -19.503 20.013
13488 49.0 -19.481 20.006
13500 49.0 -19.459 20.0
13512 49.0 -19.438 19.993
13524 49.0 -19.416 19.986
13524 42.0 16.869 28.301
13536 42.0 16.741 27.715
13548 42.0 16.626 27.13
13560 42.0 16.512 26.616
13572 42.0 16.369 26.046
13584 42.0 16.27 25.46
13596 42.0 16.113 24.875
13608 42.0 15.984 24.247
13668 53.0 16.398 31.868
13680 53.0 16.398 31.868
13692 53.0 16.398 31.868
13704 53.0 16.369 31.868
13716 53.0 16.369 31.868
13728 53.0 16.369 31.868
13740 53.0 16.369 31.868
13752 53.0 16.341 31.926
13680 50.0 -19.134 19.9
13692 50.0 -19.112 19.894
13704 50.0 -19.09 19.887
13716 50.0 -19.069 19.881
13728 50.0 -19.047 19.874
13740 50.0 -19.025 19.867
13752 50.0 -19.003 19.861
13764 50.0 -18.982 19.854
13764 43.0 12.216 17.426
13776 43.0 11.474 17.197
13788 43.0 11.003 16.855
13800 43.0 10.475 16.498
13812 43.0 9.79 16.255
13824 43.0 9.162 16.369
13836 43.0 8.763 15.913
13848 43.0 8.335 15.57
