0.0000 2.0000 3.8690 9.3580
0.0000 28.0000 1.5000 33.5420
0.0000 27.0000 2.6850 34.7260
0.0000 26.0000 4.2640 32.3180
0.0000 16.0000 -23.4530 28.4480
0.0000 15.0000 1.0660 29.5930
0.0000 14.0000 0.2960 44.6360
0.0000 11.0000 -2.6450 35.1410
0.0000 10.0000 -10.5030 1.2040
0.0000 7.0000 -24.2430 13.3260
0.0000 6.0000 -26.0990 0.8090
0.0000 5.0000 -12.9310 0.3360
0.0000 4.0000 -17.3330 -0.8090
0.0000 12.0000 -0.9480 34.8050
12.0000 10.0000 -10.4240 1.3820
12.0000 27.0000 2.3690 34.7260
12.0000 26.0000 3.8300 32.3960
12.0000 7.0000 -23.0980 13.1480
12.0000 11.0000 -2.7240 34.9830
12.0000 12.0000 -1.0270 34.8050
12.0000 4.0000 -17.8860 -1.0460
12.0000 5.0000 -12.6940 0.3360
12.0000 16.0000 -22.9800 28.2900
12.0000 2.0000 3.9090 9.0420
12.0000 28.0000 1.1850 33.5420
12.0000 15.0000 3.1980 29.1190
12.0000 14.0000 0.2960 44.0050
12.0000 6.0000 -26.0990 0.8090
24.0000 27.0000 2.0530 34.9040
24.0000 12.0000 -1.5000 34.8050
24.0000 5.0000 -12.3190 0.3360
24.0000 28.0000 0.8690 33.6990
24.0000 11.0000 -3.3170 34.8250
24.0000 15.0000 4.6200 28.6060
24.0000 16.0000 -22.5060 28.1320
24.0000 7.0000 -21.8350 12.8120
24.0000 6.0000 -26.0990 0.8090
24.0000 26.0000 3.4350 32.5540
24.0000 4.0000 -18.4390 -1.2040
24.0000 14.0000 0.2960 43.5310
24.0000 2.0000 4.1060 9.2000
24.0000 10.0000 -10.3050 1.9540
36.0000 6.0000 -26.0990 0.8090
36.0000 11.0000 -3.8690 34.5680
36.0000 12.0000 -2.0530 34.9040
36.0000 16.0000 -21.9530 27.9740
36.0000 7.0000 -20.5710 12.6550
36.0000 10.0000 -10.2260 2.3490
36.0000 15.0000 6.5150 27.8160
36.0000 14.0000 0.2960 42.8600
36.0000 4.0000 -18.9920 -1.2040
36.0000 26.0000 3.0400 32.7910
36.0000 28.0000 0.6510 33.8570
36.0000 5.0000 -12.0820 0.2570
36.0000 2.0000 4.5410 9.5950
36.0000 27.0000 1.8160 35.0620
48.0000 10.0000 -10.2260 2.6850
48.0000 14.0000 0.2960 42.3860
48.0000 16.0000 -21.4790 27.9740
48.0000 5.0000 -11.8450 0.2570
48.0000 11.0000 -4.5010 34.5680
48.0000 6.0000 -26.0990 0.8090
48.0000 15.0000 8.3310 27.1850
48.0000 4.0000 -19.5440 -1.2040
48.0000 26.0000 2.6450 32.8700
48.0000 7.0000 -19.0710 12.3390
48.0000 27.0000 1.5000 35.2390
48.0000 28.0000 0.3360 34.0150
48.0000 2.0000 5.0140 9.5160
48.0000 12.0000 -2.4480 35.0620
60.0000 26.0000 2.2900 33.0480
60.0000 10.0000 -10.2660 2.9220
60.0000 11.0000 -5.0540 34.5680
60.0000 7.0000 -17.7280 12.1810
60.0000 2.0000 5.5280 9.5950
60.0000 27.0000 1.1850 35.5550
60.0000 28.0000 -0.1970 33.8570
60.0000 14.0000 0.2960 41.7540
60.0000 15.0000 10.0680 26.3550
60.0000 5.0000 -11.6080 0.2570
60.0000 4.0000 -19.7020 -1.2040
60.0000 16.0000 -20.8470 27.8160
60.0000 6.0000 -26.0990 0.8090
60.0000 12.0000 -2.8430 35.0620
72.0000 12.0000 -3.1590 35.0620
72.0000 2.0000 4.9350 10.9770
72.0000 28.0000 -0.8290 33.3840
72.0000 26.0000 1.8950 33.0480
72.0000 10.0000 -10.2660 3.1590
72.0000 6.0000 -26.0990 0.8090
72.0000 11.0000 -4.9750 34.4100
72.0000 14.0000 0.2960 41.2800
72.0000 4.0000 -19.9390 -1.3620
72.0000 27.0000 0.7900 35.7130
72.0000 5.0000 -11.3710 0.2570
72.0000 15.0000 11.8060 25.7240
72.0000 16.0000 -20.2950 27.8160
72.0000 7.0000 -16.7810 12.1810
84.0000 14.0000 0.3750 40.6090
84.0000 11.0000 -4.8960 34.4100
84.0000 2.0000 5.6070 10.4040
84.0000 15.0000 13.4640 25.5660
84.0000 10.0000 -10.2660 3.0010
84.0000 16.0000 -19.6630 27.8160
84.0000 12.0000 -3.3960 35.0620
84.0000 26.0000 1.5000 33.0480
84.0000 4.0000 -20.7290 -1.3620
84.0000 27.0000 0.4940 35.7130
84.0000 6.0000 -26.0990 0.8090
84.0000 28.0000 -1.3820 33.2260
84.0000 5.0000 -11.2130 0.2570
84.0000 7.0000 -15.0630 11.8650
96.0000 2.0000 5.4880 12.4370
96.0000 27.0000 0.0990 35.5550
96.0000 6.0000 -26.0990 0.8090
96.0000 11.0000 -4.8170 34.2520
96.0000 28.0000 -1.6190 33.3840
96.0000 7.0000 -13.8000 12.0230
96.0000 12.0000 -3.5540 35.0620
96.0000 16.0000 -19.1100 27.6580
96.0000 26.0000 1.0270 33.2260
96.0000 5.0000 -11.0550 0.4150
96.0000 10.0000 -10.2660 2.5270
96.0000 15.0000 15.1820 25.4080
96.0000 14.0000 0.5330 40.1350
96.0000 4.0000 -21.5190 -1.2040
108.0000 4.0000 -22.3080 -1.0460
108.0000 16.0000 -18.5570 27.6580
108.0000 2.0000 6.2780 10.9770
108.0000 26.0000 0.6510 33.3840
108.0000 10.0000 -10.2660 2.1720
108.0000 27.0000 -0.2760 35.3970
108.0000 15.0000 16.9780 25.2500
108.0000 28.0000 -1.9350 33.5420
108.0000 7.0000 -12.5560 11.8650
108.0000 11.0000 -4.7380 34.2520
108.0000 5.0000 -10.8980 0.5730
108.0000 12.0000 -3.7900 35.0620
108.0000 6.0000 -26.0990 0.8090
108.0000 14.0000 0.6910 39.5040
120.0000 4.0000 -22.8610 -1.0460
120.0000 5.0000 -11.0550 0.7300
120.0000 12.0000 -3.9480 35.0620
120.0000 11.0000 -4.6590 34.0940
120.0000 15.0000 18.8730 25.0520
120.0000 2.0000 6.7910 11.2130
120.0000 6.0000 -26.0990 0.8090
120.0000 28.0000 -2.1720 33.8570
120.0000 26.0000 0.2570 33.5420
120.0000 16.0000 -17.9260 27.6580
120.0000 7.0000 -11.3710 10.8780
120.0000 10.0000 -10.2660 2.0140
120.0000 14.0000 0.7700 39.0100
120.0000 27.0000 -0.6710 35.3970
132.0000 28.0000 -2.6450 33.6990
132.0000 4.0000 -23.4140 -1.0460
132.0000 14.0000 0.6120 38.6740
132.0000 2.0000 6.7910 11.2130
132.0000 12.0000 -4.1460 35.0620
132.0000 5.0000 -11.6870 0.7300
132.0000 27.0000 -1.1060 35.3970
132.0000 15.0000 20.7680 25.0520
132.0000 11.0000 -4.5800 33.9360
132.0000 6.0000 -26.0990 0.8090
132.0000 26.0000 -0.1970 33.3840
132.0000 16.0000 -17.3730 27.5000
132.0000 10.0000 -10.2660 2.3690
132.0000 7.0000 -10.1870 10.2460
144.0000 26.0000 -0.6710 33.3840
144.0000 28.0000 -3.0400 33.5420
144.0000 16.0000 -16.7410 27.5000
144.0000 27.0000 -1.5000 35.3970
144.0000 15.0000 22.7430 24.5790
144.0000 30.0000 7.0280 30.2250
144.0000 12.0000 -4.3430 35.0620
144.0000 11.0000 -4.5010 33.9360
144.0000 2.0000 6.8700 11.2920
144.0000 4.0000 -23.8880 -1.2040
144.0000 6.0000 -26.0990 0.8090
144.0000 14.0000 0.6910 38.0430
144.0000 10.0000 -10.2660 2.5270
144.0000 7.0000 -9.8710 9.2790
144.0000 5.0000 -12.3190 0.7300
156.0000 7.0000 -9.1600 9.1210
156.0000 6.0000 -26.0990 0.8090
156.0000 14.0000 0.7700 37.2530
156.0000 15.0000 24.7960 24.1050
156.0000 11.0000 -4.4220 33.7780
156.0000 16.0000 -16.1880 27.5000
156.0000 26.0000 -1.0660 33.2260
156.0000 10.0000 -10.2660 2.6850
156.0000 17.0000 -8.2520 33.1470
156.0000 2.0000 6.9490 11.3710
156.0000 12.0000 -4.5410 35.0620
156.0000 5.0000 -12.3980 0.7300
156.0000 28.0000 -3.4350 33.3840
156.0000 27.0000 -1.8560 35.4760
156.0000 4.0000 -24.4400 -1.3620
156.0000 30.0000 6.3960 30.3830
168.0000 5.0000 -12.3190 0.7300
168.0000 28.0000 -3.8300 33.2260
168.0000 16.0000 -15.6360 27.5000
168.0000 30.0000 5.8440 30.5410
168.0000 7.0000 -8.5290 7.9950
168.0000 27.0000 -2.2900 35.4760
168.0000 26.0000 -1.5400 33.2260
168.0000 6.0000 -26.0990 0.8090
168.0000 4.0000 -24.9140 -1.5200
168.0000 10.0000 -10.2660 3.0010
168.0000 14.0000 0.9870 36.5820
168.0000 2.0000 7.0280 11.4500
168.0000 17.0000 -7.9360 32.9490
168.0000 11.0000 -4.3430 33.7780
168.0000 12.0000 -4.7780 35.0620
168.0000 15.0000 26.7700 24.1050
180.0000 28.0000 -4.1460 33.3840
180.0000 14.0000 1.2240 36.0290
180.0000 2.0000 7.0280 11.6280
180.0000 4.0000 -25.4670 -1.5200
180.0000 27.0000 -2.6060 35.3970
180.0000 12.0000 -4.9350 35.0620
180.0000 5.0000 -12.3190 0.7300
180.0000 15.0000 26.5850 24.2750
180.0000 6.0000 -26.0990 0.8090
180.0000 30.0000 5.3700 30.6990
180.0000 26.0000 -1.9350 33.2260
180.0000 10.0000 -10.2660 3.1590
180.0000 11.0000 -4.2640 33.7780
180.0000 16.0000 -15.0830 27.5000
180.0000 7.0000 -7.8970 6.8500
180.0000 17.0000 -7.6990 32.7910
192.0000 12.0000 -5.1720 35.0620
192.0000 27.0000 -3.0010 35.3970
192.0000 30.0000 4.8170 31.0340
192.0000 5.0000 -12.2400 0.7300
192.0000 10.0000 -10.2660 3.4750
192.0000 4.0000 -25.9800 -1.5200
192.0000 16.0000 -14.5500 27.5000
192.0000 15.0000 25.3600 24.5310
192.0000 11.0000 -4.6200 34.0940
192.0000 2.0000 6.4360 11.0550
192.0000 26.0000 -2.3300 33.2260
192.0000 14.0000 1.5400 35.9500
192.0000 6.0000 -26.0990 0.8090
192.0000 28.0000 -4.5410 33.5420
192.0000 17.0000 -7.6990 32.3180
192.0000 7.0000 -7.1070 5.4290
204.0000 16.0000 -13.9970 27.5000
204.0000 2.0000 6.5150 11.0550
204.0000 4.0000 -26.4540 -1.5200
204.0000 10.0000 -10.3450 3.6330
204.0000 27.0000 -3.3960 35.2390
204.0000 28.0000 -4.8570 33.8570
204.0000 14.0000 1.9740 35.6340
204.0000 11.0000 -4.9750 34.4100
204.0000 7.0000 -6.3960 4.1260
204.0000 30.0000 4.2640 31.3700
