336.0000 26.0000 8.9440 27.7420
348.0000 26.0000 8.2410 27.0150
360.0000 26.0000 7.6500 27.0150
372.0000 26.0000 7.1510 26.8330
384.0000 26.0000 6.5610 26.8330
396.0000 26.0000 6.0390 26.8330
408.0000 26.0000 5.4480 26.6520
420.0000 26.0000 4.9490 26.6520
432.0000 26.0000 4.3590 26.6520
444.0000 11.0000 -30.9200 27.4920
444.0000 26.0000 3.8590 26.4700
456.0000 11.0000 -29.8300 26.5610
456.0000 26.0000 3.2690 26.4700
468.0000 26.0000 2.7700 26.2660
468.0000 11.0000 -29.1490 26.5610
480.0000 26.0000 2.1790 26.2660
480.0000 11.0000 -28.5820 26.3570
492.0000 26.0000 1.6800 26.2660
492.0000 11.0000 -27.9910 25.9940
504.0000 21.0000 17.9120 4.6080
504.0000 11.0000 -27.4690 25.9940
504.0000 17.0000 -19.4100 20.7490
504.0000 26.0000 1.1350 26.1750
516.0000 26.0000 0.6360 26.1750
516.0000 11.0000 -26.9700 26.3790
516.0000 17.0000 -19.7280 20.7490
516.0000 21.0000 17.9120 4.6080
528.0000 21.0000 17.9120 4.6080
528.0000 17.0000 -20.1360 20.7490
528.0000 26.0000 0.1820 26.1750
528.0000 11.0000 -26.4480 26.6520
540.0000 17.0000 -20.5000 20.5680
540.0000 21.0000 17.9120 4.6080
540.0000 11.0000 -26.0390 26.9240
540.0000 26.0000 -0.3180 26.1750
552.0000 11.0000 -25.5390 27.1060
552.0000 17.0000 -20.9080 20.5680
552.0000 21.0000 17.9120 4.6080
552.0000 26.0000 -0.8170 26.1750
564.0000 17.0000 -21.2260 20.3630
564.0000 21.0000 17.9120 4.6080
564.0000 26.0000 -1.4300 25.9030
564.0000 11.0000 -24.9490 27.1060
576.0000 11.0000 -24.3590 26.9240
576.0000 21.0000 17.9120 4.6080
576.0000 17.0000 -21.5890 20.3630
576.0000 19.0000 21.4990 17.3670
576.0000 27.0000 -2.0200 25.7210
588.0000 27.0000 -2.7020 25.3350
588.0000 21.0000 17.9120 4.6080
588.0000 19.0000 20.8180 17.3670
588.0000 17.0000 -21.9980 20.1820
588.0000 11.0000 -23.6780 26.7430
600.0000 19.0000 20.2270 17.3670
600.0000 17.0000 -22.3390 20.1820
600.0000 21.0000 17.9120 4.6080
600.0000 11.0000 -23.0880 26.5610
600.0000 27.0000 -3.2920 24.9490
612.0000 19.0000 19.6370 17.3670
612.0000 17.0000 -22.7700 20.1820
612.0000 21.0000 17.9120 4.6080
612.0000 11.0000 -22.4970 26.3790
612.0000 27.0000 -3.9500 24.7680
624.0000 21.0000 17.9120 4.6080
624.0000 27.0000 -4.5400 24.4040
624.0000 19.0000 19.0470 17.3670
624.0000 31.0000 -29.2170 31.5100
624.0000 11.0000 -21.9980 25.9940
624.0000 17.0000 -22.9970 19.9780
636.0000 19.0000 18.5470 17.3670
636.0000 17.0000 -23.1790 19.9780
636.0000 11.0000 -21.5890 25.6080
636.0000 27.0000 -5.0400 24.4040
636.0000 31.0000 -29.9890 30.1930
636.0000 21.0000 17.9120 4.6080
648.0000 11.0000 -21.1580 25.0630
648.0000 27.0000 -5.6300 24.4040
648.0000 21.0000 17.9120 4.6080
648.0000 19.0000 18.1160 17.1850
648.0000 31.0000 -30.5790 29.4670
648.0000 17.0000 -23.4510 19.9780
660.0000 31.0000 -31.1700 28.8990
660.0000 17.0000 -23.5870 19.9780
660.0000 27.0000 -6.2200 24.2230
660.0000 11.0000 -20.7270 24.4950
660.0000 21.0000 17.9120 4.6080
660.0000 19.0000 17.7070 17.1850
672.0000 31.0000 -31.3280 28.2410
672.0000 17.0000 -23.8600 19.9780
672.0000 11.0000 -20.4090 24.1090
672.0000 21.0000 17.9120 4.6080
672.0000 27.0000 -6.8110 24.2230
672.0000 19.0000 17.3670 17.0040
684.0000 27.0000 -7.3100 24.0410
684.0000 31.0000 -31.7360 27.6700
684.0000 19.0000 16.8670 16.7990
684.0000 21.0000 17.9120 4.6080
684.0000 17.0000 -24.0410 19.9780
684.0000 12.0000 -20.0000 23.5640
696.0000 31.0000 -31.7330 27.6620
696.0000 12.0000 -19.5460 23.1790
696.0000 19.0000 16.2770 16.7990
696.0000 27.0000 -7.9000 24.0410
696.0000 21.0000 17.9120 4.6080
696.0000 17.0000 -24.2680 19.7960
708.0000 31.0000 -31.7310 27.6540
708.0000 12.0000 -19.1380 22.7020
708.0000 19.0000 15.6870 16.6180
708.0000 21.0000 17.9120 4.6080
708.0000 17.0000 -24.4500 19.7960
708.0000 27.0000 -8.4900 24.0410
720.0000 27.0000 -9.0810 24.0410
720.0000 19.0000 15.0970 16.6180
720.0000 12.0000 -18.7290 22.3390
720.0000 21.0000 17.9120 4.6080
720.0000 31.0000 -31.7290 27.6460
720.0000 17.0000 -24.6770 19.7960
732.0000 12.0000 -18.2750 21.8850
732.0000 31.0000 -31.7260 27.6380
732.0000 27.0000 -9.5800 24.4040
732.0000 17.0000 -24.8580 19.7960
732.0000 21.0000 17.9120 4.6080
732.0000 19.0000 14.5060 16.4130
744.0000 22.0000 17.9120 4.6080
744.0000 27.0000 -10.1700 24.5860
744.0000 12.0000 -17.8210 21.3850
744.0000 31.0000 -31.7240 27.6290
744.0000 19.0000 13.8250 16.4130
756.0000 19.0000 13.2350 16.4130
756.0000 27.0000 -10.7610 24.7680
756.0000 12.0000 -17.4120 20.9310
756.0000 31.0000 -31.7210 27.6210
756.0000 22.0000 17.9120 4.6080
768.0000 12.0000 -17.0040 20.5680
768.0000 22.0000 17.9120 4.6080
768.0000 31.0000 -31.7190 27.6130
768.0000 19.0000 12.7360 16.7990
768.0000 27.0000 -11.3510 24.9490
780.0000 12.0000 -16.6400 20.1590
780.0000 27.0000 -11.9410 24.9490
780.0000 22.0000 17.9120 4.6080
780.0000 31.0000 -31.7170 27.6050
780.0000 19.0000 12.1450 17.0040
792.0000 22.0000 17.9120 4.6080
792.0000 27.0000 -12.5310 24.7680
792.0000 19.0000 11.5550 17.1850
792.0000 31.0000 -31.7140 27.5970
792.0000 12.0000 -16.0960 19.7050
804.0000 22.0000 17.9120 4.6080
804.0000 12.0000 -15.5960 19.3420
804.0000 31.0000 -31.7120 27.5890
804.0000 19.0000 10.9650 17.1850
804.0000 27.0000 -13.1220 24.5860
816.0000 12.0000 -15.0970 18.9790
816.0000 22.0000 17.9120 4.6080
816.0000 28.0000 -13.7120 24.5860
816.0000 31.0000 -31.7090 27.5800
828.0000 12.0000 -14.5970 18.5700
828.0000 22.0000 17.9120 4.6080
828.0000 28.0000 -14.3020 24.7680
828.0000 31.0000 -31.7070 27.5720
840.0000 28.0000 -14.8920 24.9490
840.0000 22.0000 17.9120 4.6080
840.0000 12.0000 -14.0980 18.2070
840.0000 31.0000 -31.7040 27.5640
852.0000 12.0000 -13.5980 17.8440
852.0000 22.0000 17.9120 4.6080
852.0000 31.0000 -31.7020 27.5560
852.0000 28.0000 -15.4830 25.1310
864.0000 12.0000 -13.0990 17.4800
864.0000 22.0000 17.9120 4.6080
864.0000 28.0000 -16.0730 25.3350
864.0000 33.0000 -31.6990 27.5480
876.0000 12.0000 -12.5990 17.0720
876.0000 22.0000 17.9120 4.6080
876.0000 28.0000 -16.5720 25.5390
876.0000 33.0000 -31.6970 27.5400
888.0000 28.0000 -17.0040 25.5390
888.0000 22.0000 17.9120 4.6080
888.0000 12.0000 -12.1450 16.7080
888.0000 33.0000 -31.6940 27.5310
900.0000 12.0000 -11.6460 16.1640
900.0000 33.0000 -31.6920 27.5230
900.0000 5.0000 -30.2610 31.7820
900.0000 22.0000 17.9120 4.6080
900.0000 28.0000 -17.4120 25.5390
912.0000 33.0000 -31.6890 27.5150
912.0000 5.0000 -30.1710 30.6930
912.0000 28.0000 -17.8440 25.5390
912.0000 12.0000 -11.2370 15.7550
912.0000 22.0000 17.9120 4.6080
924.0000 28.0000 -18.4340 25.7210
924.0000 13.0000 -10.8290 15.3920
924.0000 5.0000 -29.8530 30.2840
924.0000 33.0000 -31.6870 27.5070
924.0000 22.0000 17.9120 4.6080
936.0000 13.0000 -10.4660 15.0290
936.0000 33.0000 -31.6850 27.4990
936.0000 22.0000 17.9120 4.6080
936.0000 5.0000 -29.5800 30.1030
936.0000 28.0000 -19.0240 25.7210
948.0000 5.0000 -29.2630 29.9210
948.0000 22.0000 17.9120 4.6080
948.0000 28.0000 -19.6140 25.7210
948.0000 13.0000 -10.0570 14.4610
948.0000 33.0000 -31.6820 27.4900
960.0000 28.0000 -20.3630 25.9030
960.0000 5.0000 -28.6040 29.5580
960.0000 13.0000 -9.6480 14.0750
960.0000 22.0000 17.9120 4.6080
960.0000 33.0000 -31.6800 27.4820
972.0000 22.0000 17.9120 4.6080
972.0000 5.0000 -27.8550 29.3760
972.0000 28.0000 -21.0220 26.0840
972.0000 33.0000 -31.6770 27.4740
972.0000 13.0000 -9.2850 13.7120
984.0000 33.0000 -31.6750 27.4660
984.0000 28.0000 -21.7030 26.2660
984.0000 13.0000 -8.9670 13.1670
984.0000 5.0000 -26.9920 29.1940
996.0000 33.0000 -31.6730 27.4580
996.0000 28.0000 -22.2020 26.2660
996.0000 5.0000 -26.2660 28.7860
996.0000 13.0000 -8.6950 12.5770
1008.0000 13.0000 -8.5130 11.8500
1008.0000 5.0000 -25.6760 28.4230
1008.0000 28.0000 -22.7930 26.1750
1008.0000 33.0000 -31.6700 27.4500
1020.0000 28.0000 -23.4280 26.0840
1020.0000 5.0000 -25.0850 28.0590
1020.0000 33.0000 -31.6680 27.4420
1020.0000 13.0000 -8.3770 11.2600
1032.0000 33.0000 -31.6650 27.4340
1032.0000 28.0000 -24.0180 26.1750
1032.0000 13.0000 -8.2410 10.6240
1032.0000 5.0000 -24.4040 27.8780
1044.0000 33.0000 -31.6630 27.4260
1044.0000 13.0000 -8.1270 9.9430
1044.0000 5.0000 -23.7230 27.6960
1044.0000 28.0000 -24.6090 26.0840
1056.0000 5.0000 -23.1330 27.3780
1056.0000 13.0000 -7.9680 9.3990
1056.0000 33.0000 -31.6600 27.4170
1068.0000 13.0000 -7.8780 8.6490
1068.0000 33.0000 -31.6580 27.4090
1068.0000 5.0000 -22.4520 27.1060
1080.0000 5.0000 -21.7940 26.8330
1080.0000 33.0000 -31.6550 27.4010
1080.0000 13.0000 -7.7410 8.0820
1092.0000 13.0000 -7.5820 7.4460
1092.0000 33.0000 -31.6530 27.3930
1092.0000 5.0000 -21.2030 26.6520
1104.0000 5.0000 -20.4540 26.4700
1104.0000 13.0000 -7.4920 6.7650
1104.0000 34.0000 -31.6500 27.3850
1116.0000 5.0000 -19.6820 26.1980
1116.0000 13.0000 -7.3550 6.1290
1116.0000 34.0000 -31.6480 27.3770
1128.0000 34.0000 -31.6450 27.3680
1128.0000 5.0000 -18.9330 25.9710
1128.0000 13.0000 -7.1960 5.5390
1140.0000 13.0000 -7.0830 4.9040
1140.0000 34.0000 -31.6430 27.3600
1140.0000 6.0000 -18.1840 25.6980
1152.0000 34.0000 -31.6410 27.3520
1152.0000 13.0000 -6.9920 4.2230
1152.0000 6.0000 -17.3210 25.5170
1164.0000 14.0000 -6.8110 3.6780
1164.0000 6.0000 -16.6630 25.3350
1164.0000 34.0000 -31.6380 27.3440
1176.0000 14.0000 -6.6740 2.9510
1176.0000 6.0000 -16.0050 25.1540
1176.0000 34.0000 -31.6360 27.3360
1188.0000 14.0000 -6.6060 2.3610
1188.0000 6.0000 -15.3240 24.9720
1188.0000 34.0000 -31.6330 27.3270
1200.0000 14.0000 -6.4470 1.8160
1200.0000 34.0000 -31.6310 27.3190
1200.0000 6.0000 -14.6430 24.9720
1212.0000 34.0000 -31.6290 27.3110
1212.0000 14.0000 -6.3110 1.0440
1212.0000 6.0000 -13.9620 24.7900
1224.0000 34.0000 -31.6260 27.3030
1224.0000 14.0000 -6.1750 0.4990
1224.0000 6.0000 -13.2810 24.5860
1236.0000 34.0000 -31.6240 27.2950
1236.0000 14.0000 -6.0610 -0.2720
1236.0000 6.0000 -12.6220 24.3820
1248.0000 34.0000 -31.6210 27.2870
1248.0000 6.0000 -11.8730 24.3820
1248.0000 14.0000 -5.9480 -0.8170
1260.0000 14.0000 -5.8120 -1.4760
1260.0000 6.0000 -11.1010 24.2000
1260.0000 34.0000 -31.6190 27.2780
1272.0000 6.0000 -10.4200 24.2000
1272.0000 34.0000 -31.6160 27.2700
1272.0000 14.0000 -5.6300 -2.1340
1284.0000 14.0000 -5.5620 -2.6790
1284.0000 34.0000 -31.6140 27.2620
1284.0000 6.0000 -9.6940 24.2000
1296.0000 30.0000 -31.4650 28.6040
1296.0000 14.0000 -5.4260 -3.3600
1296.0000 6.0000 -8.9220 24.0180
1296.0000 34.0000 -31.6110 27.2540
1308.0000 6.0000 -8.1500 24.0180
1308.0000 34.0000 -31.6090 27.2460
1308.0000 14.0000 -5.2670 -3.9960
1308.0000 30.0000 -30.7840 28.9900
1320.0000 6.0000 -7.4920 23.8370
1320.0000 34.0000 -31.6060 27.2380
1320.0000 14.0000 -5.1760 -4.6770
1320.0000 30.0000 -30.0340 29.3760
1332.0000 14.0000 -5.0620 -5.2210
1332.0000 6.0000 -6.8330 23.6550
1332.0000 34.0000 -31.6040 27.2290
1332.0000 30.0000 -29.5350 29.9210
1344.0000 6.0000 -6.0610 23.4740
1344.0000 30.0000 -29.1040 30.4880
1344.0000 14.0000 -4.8810 -5.8800
1356.0000 6.0000 -5.3800 23.2690
1356.0000 14.0000 -4.7450 -6.5380
1356.0000 30.0000 -28.6950 31.2380
1368.0000 14.0000 -4.6770 -7.1740
1368.0000 6.0000 -4.6990 23.0880
1368.0000 30.0000 -28.5130 31.4190
1380.0000 7.0000 -4.0410 23.0880
1380.0000 30.0000 -28.5130 31.4190
1380.0000 14.0000 -4.5180 -7.8550
1392.0000 30.0000 -28.5130 31.4190
1392.0000 7.0000 -3.2920 23.0880
1392.0000 14.0000 -4.3810 -8.4000
1404.0000 30.0000 -28.5130 31.4190
1404.0000 7.0000 -2.6110 23.0880
1416.0000 30.0000 -28.5130 31.4190
1416.0000 7.0000 -1.8390 23.0880
1428.0000 30.0000 -28.5130 31.4190
1428.0000 7.0000 -1.1120 23.0880
1440.0000 30.0000 -28.5130 31.4190
1440.0000 7.0000 -0.4310 23.0880
1452.0000 30.0000 -28.5130 31.4190
1452.0000 7.0000 0.2500 23.2690
1464.0000 30.0000 -28.5130 31.4190
1464.0000 7.0000 0.9310 23.2690
1476.0000 7.0000 1.5890 23.2690
1476.0000 30.0000 -28.5130 31.4190
1488.0000 30.0000 -28.5130 31.4190
1488.0000 7.0000 2.2700 23.4740
1500.0000 32.0000 -22.8150 22.1570
1500.0000 7.0000 2.7700 23.4740
1500.0000 37.0000 18.9560 3.8590
1500.0000 30.0000 -28.5130 31.4190
1512.0000 7.0000 3.2240 23.6550
1512.0000 30.0000 -28.5130 31.4190
1512.0000 37.0000 18.9110 3.7680
1512.0000 32.0000 -23.4060 22.1570
1524.0000 30.0000 -28.5130 31.4190
1524.0000 37.0000 18.9110 3.7680
1524.0000 32.0000 -23.9960 22.2480
1524.0000 7.0000 3.7000 23.9280
1536.0000 32.0000 -24.6310 22.1570
1536.0000 7.0000 4.2000 24.2230
1536.0000 37.0000 18.9110 3.6780
1548.0000 7.0000 5.0850 24.4040
1548.0000 32.0000 -25.2670 22.1570
1548.0000 37.0000 18.9110 3.6780
1560.0000 7.0000 6.1070 24.4040
1560.0000 32.0000 -25.9480 21.9750
1560.0000 37.0000 18.9110 3.6780
1572.0000 7.0000 7.1060 24.4040
1572.0000 32.0000 -26.6290 21.9750
1572.0000 37.0000 18.9110 3.5870
1584.0000 7.0000 7.9460 24.4040
1584.0000 32.0000 -27.2190 21.7710
1584.0000 37.0000 18.9110 3.5870
1596.0000 37.0000 18.9110 3.5870
1596.0000 7.0000 8.3770 24.9490
1596.0000 32.0000 -27.7190 21.7710
1608.0000 37.0000 18.9110 3.4960
1608.0000 32.0000 -28.2180 21.7710
1608.0000 7.0000 8.7860 24.4040
1620.0000 8.0000 9.4670 24.4040
1620.0000 32.0000 -28.8090 21.7710
1620.0000 37.0000 18.9110 3.4960
1632.0000 8.0000 9.9660 23.6550
1632.0000 37.0000 18.8200 3.4960
