0 3.0 40.391 7.389
12 3.0 40.391 7.389
24 3.0 40.391 7.389
36 3.0 40.391 7.389
48 3.0 40.391 7.389
60 3.0 40.391 7.389
72 3.0 40.391 7.389
84 3.0 40.391 7.498
0 5.0 40.5 5.526
12 5.0 40.5 5.526
24 5.0 40.5 5.526
36 5.0 40.5 5.526
48 5.0 40.5 5.526
60 5.0 40.5 5.526
72 5.0 40.5 5.526
84 5.0 40.5 5.526
0 7.0 45.028 7.541
12 7.0 45.028 7.541
24 7.0 45.028 7.541
36 7.0 45.028 7.541
48 7.0 45.028 7.541
60 7.0 45.028 7.541
72 7.0 45.028 7.541
84 7.0 45.028 7.541
0 9.0 44.552 6.869
12 9.0 44.552 6.869
24 9.0 44.552 6.869
36 9.0 44.552 6.869
48 9.0 44.552 6.869
60 9.0 44.552 6.869
72 9.0 44.552 6.869
84 9.0 44.552 6.869
0 11.0 47.889 6.414
12 11.0 47.889 6.414
24 11.0 47.889 6.414
36 11.0 47.889 6.414
48 11.0 47.889 6.414
60 11.0 47.889 6.414
72 11.0 47.889 6.414
84 11.0 47.889 6.414
0 13.0 52.483 3.922
12 13.0 52.483 3.922
24 13.0 52.483 3.922
36 13.0 52.483 3.922
48 13.0 52.483 3.922
60 13.0 52.483 3.922
72 13.0 52.483 3.922
84 13.0 52.483 3.922
0 15.0 51.182 6.111
12 15.0 51.182 6.024
24 15.0 51.182 6.024
36 15.0 51.182 5.916
48 15.0 51.312 5.916
60 15.0 51.312 5.829
72 15.0 51.312 5.829
84 15.0 51.312 5.829
0 17.0 50.467 5.396
12 17.0 50.706 5.179
24 17.0 51.052 4.984
36 17.0 51.312 4.897
48 17.0 51.529 4.897
60 17.0 51.659 4.897
72 17.0 51.789 4.897
84 17.0 52.006 4.897
0 19.0 46.632 9.253
12 19.0 46.415 9.751
24 19.0 46.155 10.249
36 19.0 45.938 10.726
48 19.0 45.808 11.225
60 19.0 45.678 11.723
72 19.0 45.57 12.2
84 19.0 45.57 12.698
0 21.0 46.762 12.806
12 21.0 46.762 12.698
24 21.0 46.762 12.698
36 21.0 46.762 12.698
48 21.0 46.762 12.698
60 21.0 46.762 12.611
72 21.0 46.762 12.611
84 21.0 46.762 12.611
0 23.0 47.13 11.615
12 23.0 47.13 11.615
24 23.0 47.13 11.615
36 23.0 47.13 11.615
48 23.0 47.13 11.615
60 23.0 47.13 11.615
72 23.0 47.13 11.615
84 23.0 47.13 11.615
0 25.0 52.006 9.209
12 25.0 52.266 9.318
24 25.0 52.613 9.404
36 25.0 52.959 9.513
48 25.0 52.962 9.515
60 25.0 52.965 9.517
72 25.0 52.968 9.521
84 25.0 52.972 9.523
0 27.0 53.393 -1.95
12 27.0 53.393 -1.95
24 27.0 53.393 -1.95
36 27.0 53.393 -1.82
48 27.0 53.393 -1.82
60 27.0 53.436 -1.734
72 27.0 53.436 -1.734
84 27.0 53.501 -1.647
0 29.0 11.961 -22.124
12 29.0 12.221 -22.319
24 29.0 12.438 -22.471
36 29.0 12.698 -22.601
48 29.0 13.045 -22.774
60 29.0 13.305 -22.904
72 29.0 13.522 -23.056
84 29.0 13.653 -23.099
60 1.0 -13.391 -22.601
72 1.0 -11.355 -21.431
84 1.0 -9.318 -20.261
96 1.0 -7.302 -18.982
108 1.0 -5.287 -17.79
120 1.0 -3.38 -16.23
132 1.0 -1.56 -14.562
144 1.0 0.347 -12.98
240 4.0 40.391 7.693
252 4.0 40.391 7.693
264 4.0 40.391 7.693
276 4.0 40.391 7.693
288 4.0 40.391 7.693
300 4.0 40.391 7.693
312 4.0 40.391 7.693
324 4.0 40.391 7.693
240 6.0 40.5 5.526
252 6.0 40.5 5.526
264 6.0 40.5 5.526
276 6.0 40.5 5.526
288 6.0 40.5 5.526
300 6.0 40.5 5.526
312 6.0 40.5 5.526
324 6.0 40.5 5.526
240 8.0 45.028 7.541
252 8.0 45.028 7.541
264 8.0 45.028 7.541
276 8.0 45.028 7.541
288 8.0 45.028 7.541
300 8.0 45.028 7.541
312 8.0 45.028 7.541
324 8.0 45.028 7.541
240 10.0 44.552 6.869
252 10.0 44.552 6.869
264 10.0 44.552 6.869
276 10.0 44.552 6.869
288 10.0 44.552 6.869
300 10.0 44.552 6.869
312 10.0 44.552 6.869
324 10.0 44.552 6.869
240 12.0 47.889 6.414
252 12.0 47.889 6.414
264 12.0 47.889 6.414
276 12.0 47.889 6.414
288 12.0 47.889 6.414
300 12.0 47.889 6.414
312 12.0 47.889 6.414
324 12.0 47.889 6.414
240 14.0 52.483 3.922
252 14.0 52.483 3.922
264 14.0 52.483 3.922
276 14.0 52.483 3.922
288 14.0 52.483 3.922
300 14.0 52.483 3.922
312 14.0 52.483 3.922
324 14.0 52.483 3.922
240 16.0 51.659 5.526
252 16.0 51.659 5.526
264 16.0 51.659 5.526
276 16.0 51.659 5.526
288 16.0 51.659 5.526
300 16.0 51.659 5.526
312 16.0 51.659 5.526
324 16.0 51.659 5.526
240 18.0 53.089 5.396
252 18.0 53.089 5.396
264 18.0 52.959 5.396
276 18.0 52.851 5.396
288 18.0 52.851 5.287
300 18.0 52.743 5.287
312 18.0 52.613 5.287
324 18.0 52.483 5.287
240 20.0 46.153 18.568
252 20.0 46.132 18.283
264 20.0 46.111 17.998
276 20.0 46.09 17.713
288 20.0 46.068 17.428
300 20.0 46.047 17.142
312 20.0 46.026 16.857
324 20.0 46.004 16.572
240 22.0 46.892 12.308
252 22.0 46.892 12.308
264 22.0 46.892 12.308
276 22.0 46.892 12.2
288 22.0 46.892 12.2
300 22.0 46.892 12.2
312 22.0 46.892 12.2
324 22.0 46.892 12.2
240 24.0 47.13 11.615
252 24.0 47.13 11.615
264 24.0 47.13 11.615
276 24.0 47.13 11.615
288 24.0 47.13 11.615
300 24.0 47.13 11.615
312 24.0 47.13 11.615
324 24.0 47.13 11.615
240 26.0 53.015 9.559
252 26.0 53.018 9.562
264 26.0 53.022 9.565
276 26.0 53.025 9.567
288 26.0 53.028 9.57
300 26.0 53.032 9.573
312 26.0 53.035 9.576
324 26.0 53.038 9.579
240 28.0 53.804 -1.04
252 28.0 53.848 -0.953
264 28.0 53.848 -0.953
276 28.0 53.848 -0.867
288 28.0 53.848 -0.867
300 28.0 53.978 -0.737
312 28.0 53.978 -0.737
324 28.0 53.978 -0.65
240 30.0 13.7 -23.099
252 30.0 13.704 -23.099
264 30.0 13.707 -23.099
276 30.0 13.711 -23.099
288 30.0 13.715 -23.099
300 30.0 13.719 -23.099
312 30.0 13.722 -23.099
324 30.0 13.726 -23.099
276 0.0 -16.967 -22.861
288 0.0 -15.233 -22.861
300 0.0 -13.457 -22.861
312 0.0 -11.68 -22.861
324 0.0 -9.859 -22.753
336 0.0 -7.823 -22.666
348 0.0 -5.829 -22.666
360 0.0 -3.792 -22.558
