0.0000 28.0000 23.1660 0.9520
0.0000 213.0000 21.6690 -12.8780
0.0000 318.0000 -11.3660 -1.8340
0.0000 143.0000 21.2490 6.5230
0.0000 312.0000 -10.6660 -1.6660
12.0000 318.0000 -11.3660 -1.8340
12.0000 143.0000 21.2490 6.5230
12.0000 312.0000 -10.6660 -1.6660
12.0000 28.0000 21.6270 0.8960
12.0000 213.0000 21.6270 -12.9900
24.0000 318.0000 -11.3660 -1.8340
24.0000 28.0000 21.6270 0.8960
24.0000 312.0000 -10.6660 -1.6660
24.0000 213.0000 21.6270 -13.0460
24.0000 143.0000 21.2490 6.5230
36.0000 318.0000 -11.3660 -1.8340
36.0000 28.0000 20.9270 0.7560
36.0000 213.0000 21.7390 -12.8500
36.0000 143.0000 21.2490 6.5230
36.0000 312.0000 -10.6660 -1.6660
48.0000 318.0000 -11.3660 -1.8340
48.0000 312.0000 -10.6660 -1.6660
48.0000 213.0000 22.0190 -12.4720
48.0000 28.0000 20.1710 0.7000
48.0000 143.0000 21.2490 6.5230
60.0000 213.0000 22.2430 -12.0940
60.0000 143.0000 21.2490 6.5230
60.0000 318.0000 -11.3660 -1.8340
60.0000 312.0000 -10.6660 -1.6660
60.0000 28.0000 19.4710 0.5600
72.0000 213.0000 22.5090 -11.6460
72.0000 318.0000 -11.3660 -1.8340
72.0000 143.0000 21.2490 6.5230
72.0000 312.0000 -10.6660 -1.6660
72.0000 28.0000 18.7710 0.5040
84.0000 318.0000 -11.3660 -1.8340
84.0000 312.0000 -10.6660 -1.6660
84.0000 143.0000 21.2490 6.5230
84.0000 213.0000 22.7460 -11.2540
84.0000 28.0000 18.0150 0.4480
240.0000 313.0000 -10.6660 -1.6660
240.0000 144.0000 21.2490 6.5230
240.0000 319.0000 -11.3660 -1.8340
240.0000 214.0000 25.5600 -7.1810
240.0000 29.0000 9.1690 -0.7420
252.0000 319.0000 -11.3660 -1.8340
252.0000 29.0000 8.5530 -0.8400
252.0000 144.0000 21.2490 6.5230
252.0000 313.0000 -10.6660 -1.6660
252.0000 214.0000 25.7000 -6.9150
264.0000 29.0000 7.9370 -0.9240
264.0000 313.0000 -10.6660 -1.6660
264.0000 144.0000 21.2490 6.5230
264.0000 214.0000 25.7840 -6.7330
264.0000 319.0000 -11.3660 -1.8340
276.0000 214.0000 26.0080 -6.6630
276.0000 313.0000 -10.6660 -1.6660
276.0000 319.0000 -11.3660 -1.8340
276.0000 144.0000 21.2490 6.5230
276.0000 29.0000 7.3210 -0.9940
288.0000 29.0000 6.7610 -1.0360
288.0000 214.0000 26.0080 -6.7330
288.0000 144.0000 21.2490 6.5230
288.0000 319.0000 -11.3660 -1.8340
288.0000 313.0000 -10.6660 -1.6660
300.0000 144.0000 21.2490 6.5230
300.0000 214.0000 25.9520 -6.8030
300.0000 319.0000 -11.3660 -1.8340
300.0000 313.0000 -10.6660 -1.6660
300.0000 29.0000 6.2290 -1.0640
312.0000 5.0000 25.0840 -6.0890
312.0000 319.0000 -11.3660 -1.8340
312.0000 144.0000 21.2490 6.5230
312.0000 313.0000 -10.6660 -1.6660
312.0000 29.0000 5.6970 -1.0920
312.0000 214.0000 25.8680 -6.8030
324.0000 144.0000 21.2490 6.5230
324.0000 313.0000 -10.6660 -1.6660
324.0000 319.0000 -11.3660 -1.8340
324.0000 5.0000 25.0840 -6.0890
324.0000 29.0000 5.4730 -1.2180
324.0000 214.0000 25.7840 -6.8590
336.0000 5.0000 25.0840 -6.0890
348.0000 5.0000 25.0840 -6.0890
360.0000 5.0000 25.0840 -6.0890
372.0000 5.0000 25.0840 -6.0890
384.0000 5.0000 25.0840 -6.0890
396.0000 5.0000 25.0840 -6.0890
480.0000 320.0000 -11.3660 -1.8340
480.0000 215.0000 24.9720 -7.1810
480.0000 314.0000 -10.6660 -1.6660
480.0000 145.0000 21.2490 6.5230
492.0000 145.0000 21.2490 6.5230
492.0000 215.0000 24.9020 -7.1810
492.0000 320.0000 -11.3660 -1.8340
492.0000 314.0000 -10.6660 -1.6660
504.0000 208.0000 11.3940 9.4630
504.0000 324.0000 32.7550 13.0600
504.0000 210.0000 6.4950 9.5890
504.0000 215.0000 24.8600 -7.2090
504.0000 145.0000 21.2490 6.4950
504.0000 320.0000 -11.4360 -1.8900
504.0000 314.0000 -10.7500 -1.6660
516.0000 324.0000 32.8250 13.1860
516.0000 210.0000 6.4950 9.5890
516.0000 208.0000 11.3940 9.4630
516.0000 320.0000 -11.4360 -1.8900
516.0000 145.0000 21.2490 6.4950
516.0000 314.0000 -10.8200 -1.6380
516.0000 215.0000 24.8600 -7.2090
528.0000 208.0000 11.3940 9.4630
528.0000 215.0000 24.8600 -7.2090
528.0000 210.0000 6.4950 9.5890
528.0000 320.0000 -11.4360 -1.8900
528.0000 314.0000 -10.8620 -1.5400
528.0000 324.0000 32.8670 13.2840
528.0000 145.0000 21.2490 6.4950
540.0000 215.0000 24.8600 -7.2090
540.0000 324.0000 32.8670 13.3400
540.0000 145.0000 21.2490 6.4950
540.0000 314.0000 -11.0160 -1.4420
540.0000 208.0000 11.3940 9.4630
540.0000 210.0000 6.4950 9.5890
540.0000 320.0000 -11.5060 -1.8900
552.0000 210.0000 6.4950 9.5890
552.0000 324.0000 32.8670 13.3400
552.0000 6.0000 25.0140 -6.1590
552.0000 145.0000 21.2490 6.4950
552.0000 314.0000 -11.1700 -1.3160
552.0000 208.0000 11.3940 9.4630
552.0000 215.0000 24.8600 -7.2090
552.0000 320.0000 -11.5060 -1.9180
564.0000 145.0000 21.2490 6.4950
564.0000 6.0000 24.9720 -6.1590
564.0000 324.0000 32.8670 13.3400
564.0000 314.0000 -11.3940 -1.1760
564.0000 215.0000 24.8600 -7.2090
564.0000 210.0000 6.4950 9.5890
564.0000 320.0000 -11.5480 -1.9180
564.0000 208.0000 11.3940 9.4630
576.0000 210.0000 6.4950 9.5890
576.0000 324.0000 32.8670 13.3820
576.0000 208.0000 11.3940 9.4630
576.0000 6.0000 24.9720 -6.1870
588.0000 6.0000 24.9300 -6.1870
588.0000 208.0000 11.3940 9.4630
588.0000 324.0000 32.8670 13.4100
588.0000 210.0000 6.4950 9.5890
600.0000 6.0000 24.9300 -6.1870
612.0000 6.0000 24.9300 -6.1870
624.0000 6.0000 24.9440 -6.2290
636.0000 6.0000 24.9440 -6.2290
720.0000 146.0000 21.3190 6.4950
720.0000 321.0000 -11.9400 -2.0440
720.0000 216.0000 24.7760 -7.2090
720.0000 315.0000 -11.1700 -0.6160
732.0000 146.0000 21.3190 6.4950
732.0000 321.0000 -11.9400 -2.0440
732.0000 216.0000 24.7760 -7.2090
732.0000 315.0000 -11.1700 -0.6720
744.0000 325.0000 32.9510 13.3120
744.0000 211.0000 6.4950 9.5890
744.0000 209.0000 11.3940 9.4630
744.0000 315.0000 -11.1700 -0.8120
744.0000 321.0000 -11.7860 -2.1140
744.0000 216.0000 24.7760 -7.2090
744.0000 146.0000 21.3190 6.4950
756.0000 209.0000 11.3940 9.4630
756.0000 216.0000 24.7760 -7.2370
756.0000 325.0000 32.9510 13.2560
756.0000 315.0000 -11.2400 -0.8120
756.0000 321.0000 -11.3240 -2.3100
756.0000 146.0000 21.3190 6.4950
756.0000 211.0000 6.4950 9.5890
768.0000 209.0000 11.3940 9.4630
768.0000 321.0000 -10.7780 -2.4640
768.0000 146.0000 21.3190 6.4950
768.0000 216.0000 24.7760 -7.2370
768.0000 315.0000 -11.2400 -0.8120
768.0000 325.0000 32.9510 13.2560
768.0000 211.0000 6.4950 9.5890
780.0000 209.0000 11.3940 9.4630
780.0000 325.0000 32.9510 13.1860
780.0000 211.0000 6.4950 9.5890
780.0000 216.0000 24.7760 -7.2370
780.0000 321.0000 -10.3160 -2.5900
780.0000 315.0000 -11.3240 -0.8120
780.0000 146.0000 21.3190 6.4950
792.0000 321.0000 -9.7840 -2.7160
792.0000 216.0000 24.7760 -7.2370
792.0000 7.0000 24.7480 -6.3130
792.0000 211.0000 6.4950 9.5890
792.0000 146.0000 21.3190 6.4950
792.0000 315.0000 -11.3940 -0.8120
792.0000 209.0000 11.3940 9.4630
792.0000 325.0000 32.9510 13.1300
804.0000 315.0000 -11.3940 -0.8120
804.0000 321.0000 -9.2390 -2.7160
804.0000 211.0000 6.4950 9.5890
804.0000 209.0000 11.3940 9.4630
804.0000 146.0000 21.3610 6.4950
804.0000 216.0000 24.7480 -7.2370
804.0000 7.0000 24.7480 -6.3550
804.0000 325.0000 32.9510 13.0600
816.0000 7.0000 24.7060 -6.3550
816.0000 325.0000 32.9510 12.9900
816.0000 209.0000 11.3520 9.4350
816.0000 211.0000 6.4950 9.5890
828.0000 325.0000 32.9510 12.9340
828.0000 209.0000 11.3520 9.4350
828.0000 7.0000 24.7060 -6.3550
828.0000 211.0000 6.4950 9.5890
840.0000 7.0000 24.7060 -6.3550
852.0000 7.0000 24.6780 -6.3550
864.0000 7.0000 24.6780 -6.3550
876.0000 7.0000 24.7200 -6.3550
960.0000 217.0000 24.7060 -7.2370
960.0000 322.0000 -1.1620 -1.2880
960.0000 316.0000 -7.0130 -2.4360
960.0000 147.0000 21.4030 6.4950
972.0000 322.0000 -0.4620 -1.0920
972.0000 316.0000 -6.4670 -2.3240
972.0000 217.0000 24.7060 -7.2370
972.0000 147.0000 21.4030 6.4950
984.0000 322.0000 0.2240 -0.9520
984.0000 217.0000 24.7060 -7.2370
984.0000 316.0000 -5.9350 -2.2400
984.0000 147.0000 21.4030 6.4950
996.0000 322.0000 0.9240 -0.8400
996.0000 316.0000 -5.4730 -2.0440
996.0000 217.0000 24.7060 -7.2370
996.0000 147.0000 21.4030 6.4950
1008.0000 217.0000 24.6640 -7.2650
1008.0000 316.0000 -4.9690 -1.8620
1008.0000 147.0000 21.4030 6.4670
1008.0000 322.0000 1.4280 -0.6860
1020.0000 217.0000 24.6640 -7.2650
1020.0000 316.0000 -4.5490 -1.5960
1020.0000 147.0000 21.4030 6.4670
1020.0000 322.0000 1.9180 -0.5180
1032.0000 8.0000 24.6360 -6.3830
1032.0000 217.0000 24.6640 -7.2650
1032.0000 316.0000 -4.1570 -1.3720
1032.0000 147.0000 21.4030 6.4670
1032.0000 322.0000 2.3800 -0.3640
1044.0000 8.0000 24.6360 -6.3830
1044.0000 322.0000 2.8140 -0.1960
1044.0000 217.0000 24.6640 -7.2650
1044.0000 147.0000 21.4030 6.4670
1044.0000 316.0000 -3.6530 -1.1900
1056.0000 8.0000 24.6360 -6.3830
1068.0000 8.0000 24.6360 -6.3830
1080.0000 8.0000 24.5940 -6.3830
1092.0000 8.0000 24.5940 -6.3830
1104.0000 8.0000 24.5940 -6.3830
1116.0000 8.0000 24.5940 -6.3830
1200.0000 218.0000 24.6220 -7.3070
1200.0000 317.0000 1.5820 -3.5410
1200.0000 323.0000 2.5760 -1.0360
1200.0000 148.0000 21.3330 6.3970
1212.0000 317.0000 1.6520 -3.7930
1212.0000 148.0000 21.3330 6.3970
1212.0000 323.0000 2.5060 -1.5960
1212.0000 218.0000 24.6220 -7.3070
1224.0000 317.0000 1.7220 -3.9330
1224.0000 323.0000 2.4220 -2.0440
1224.0000 218.0000 24.6220 -7.3070
1224.0000 148.0000 21.3330 6.3970
1236.0000 218.0000 24.6220 -7.3070
1236.0000 323.0000 2.4220 -2.2400
1236.0000 148.0000 21.3330 6.3970
1236.0000 317.0000 1.7220 -3.9330
1248.0000 317.0000 1.7220 -3.9330
1248.0000 148.0000 21.3330 6.3970
1248.0000 323.0000 2.4220 -2.4360
1248.0000 218.0000 24.6220 -7.3070
1260.0000 148.0000 21.2910 6.3270
1260.0000 317.0000 1.7220 -3.9330
1260.0000 323.0000 2.1980 -2.7440
1260.0000 218.0000 24.6220 -7.3490
1272.0000 148.0000 21.2910 6.3270
1272.0000 323.0000 2.0300 -2.9960
1272.0000 9.0000 24.5240 -6.4110
1272.0000 218.0000 24.6220 -7.3490
1272.0000 317.0000 1.7220 -3.9330
1284.0000 148.0000 21.2910 6.3270
1284.0000 317.0000 1.7220 -3.9330
1284.0000 323.0000 2.0300 -2.9960
1284.0000 218.0000 24.6220 -7.3490
1284.0000 9.0000 24.5240 -6.4110
1296.0000 9.0000 24.4820 -6.4110
1308.0000 9.0000 24.4820 -6.4110
1320.0000 9.0000 24.4820 -6.4110
1332.0000 9.0000 24.4820 -6.4110
1344.0000 9.0000 24.4820 -6.4110
1356.0000 9.0000 24.4820 -6.4110
1440.0000 149.0000 21.2070 6.2710
1440.0000 219.0000 24.5940 -7.3770
1452.0000 149.0000 21.2070 6.2710
1452.0000 219.0000 24.5940 -7.3770
1464.0000 149.0000 21.2070 6.2710
1464.0000 219.0000 24.5940 -7.3770
1476.0000 219.0000 24.5940 -7.3770
1476.0000 302.0000 10.8900 -14.6000
1476.0000 149.0000 21.2070 6.2710
1488.0000 149.0000 21.2070 6.2710
1488.0000 219.0000 24.5940 -7.3770
1488.0000 302.0000 10.8900 -14.5440
1500.0000 297.0000 10.3160 -13.2980
1500.0000 149.0000 21.2070 6.2710
1500.0000 219.0000 24.6360 -7.3770
1500.0000 14.0000 9.8540 -13.8300
1500.0000 302.0000 10.8900 -14.2920
1512.0000 14.0000 9.6170 -13.8300
1512.0000 10.0000 24.5660 -6.3830
1512.0000 149.0000 21.2070 6.2710
1512.0000 219.0000 24.7480 -7.3770
1512.0000 297.0000 10.0080 -13.2980
1512.0000 302.0000 10.8900 -13.9560
1524.0000 302.0000 10.9320 -13.6480
1524.0000 10.0000 24.7480 -6.3550
1524.0000 149.0000 21.2070 6.2710
1524.0000 219.0000 24.8600 -7.3350
1524.0000 14.0000 9.4630 -13.7740
1524.0000 262.0000 23.2920 12.4020
1524.0000 297.0000 9.7010 -13.2420
1536.0000 10.0000 24.9440 -6.3270
1536.0000 297.0000 9.3930 -13.1720
1536.0000 262.0000 22.4810 12.4020
1536.0000 14.0000 9.3090 -13.7180
1536.0000 302.0000 10.8060 -13.3400
1548.0000 302.0000 10.6660 -13.0880
1548.0000 262.0000 22.0890 12.4020
1548.0000 10.0000 25.1400 -6.2850
1548.0000 14.0000 9.0850 -13.6620
1548.0000 297.0000 9.2250 -13.1020
1560.0000 302.0000 10.3580 -12.8080
1560.0000 297.0000 9.1690 -13.0460
1560.0000 10.0000 25.2380 -6.2850
1560.0000 262.0000 22.2430 12.4580
1560.0000 14.0000 8.9310 -13.5780
1572.0000 262.0000 22.3970 12.5840
1572.0000 10.0000 25.2380 -6.4110
1572.0000 297.0000 9.0850 -12.9760
1572.0000 14.0000 8.9310 -13.5780
1584.0000 262.0000 22.3970 12.5840
1584.0000 10.0000 25.4900 -6.5370
1584.0000 297.0000 9.0850 -12.9760
1584.0000 14.0000 8.9310 -13.5780
1596.0000 262.0000 22.3970 12.5840
1596.0000 10.0000 25.7140 -6.6070
1608.0000 262.0000 22.3970 12.5840
1680.0000 150.0000 21.2910 6.2990
1680.0000 220.0000 27.3660 -8.5110
1692.0000 150.0000 21.2910 6.2990
1692.0000 220.0000 27.8280 -8.6510
1704.0000 150.0000 21.2910 6.2990
1704.0000 220.0000 28.4440 -8.7770
1716.0000 303.0000 9.5750 -12.2480
1716.0000 150.0000 21.3330 6.2990
1716.0000 220.0000 28.9760 -8.8330
1728.0000 220.0000 29.5210 -8.9030
1728.0000 303.0000 9.5050 -12.1080
1728.0000 150.0000 21.3330 6.2990
1740.0000 303.0000 9.3510 -12.0520
1740.0000 15.0000 8.6230 -13.3960
1740.0000 298.0000 8.9170 -12.7940
1740.0000 220.0000 30.0670 -8.9590
1740.0000 150.0000 21.3330 6.2990
1752.0000 150.0000 21.3330 6.2990
1752.0000 303.0000 9.2670 -11.9400
1752.0000 15.0000 8.6230 -13.3960
1752.0000 220.0000 30.6830 -8.9590
1752.0000 298.0000 9.0010 -12.7240
1764.0000 220.0000 31.2150 -9.0290
1764.0000 150.0000 21.3330 6.2990
1764.0000 303.0000 9.1270 -11.8000
1764.0000 263.0000 22.3970 12.7100
1764.0000 15.0000 8.5390 -13.3260
1764.0000 298.0000 9.0010 -12.7240
1776.0000 263.0000 22.4810 12.7100
1776.0000 298.0000 9.0850 -12.7240
1776.0000 303.0000 8.9590 -11.8000
1776.0000 15.0000 8.5390 -13.3260
1788.0000 263.0000 22.4810 12.7100
1788.0000 15.0000 8.5390 -13.3260
1788.0000 298.0000 9.0850 -12.6540
1788.0000 303.0000 8.8190 -11.8000
1800.0000 15.0000 8.5390 -13.3260
1800.0000 303.0000 8.6510 -11.7440
1800.0000 298.0000 9.1690 -12.6540
1800.0000 263.0000 22.4810 12.7100
1812.0000 298.0000 9.1690 -12.6540
1812.0000 15.0000 8.5390 -13.3260
1812.0000 263.0000 22.4810 12.7100
1824.0000 263.0000 22.4810 12.7100
1824.0000 15.0000 8.5390 -13.3260
1824.0000 298.0000 9.2250 -12.5980
1836.0000 263.0000 22.4810 12.7100
1848.0000 263.0000 22.4810 12.7100
1908.0000 16.0000 5.5570 -14.6000
1920.0000 16.0000 5.1090 -14.3480
1920.0000 221.0000 34.7940 -8.9710
1920.0000 151.0000 21.4030 6.3270
1932.0000 221.0000 34.7930 -8.9610
1932.0000 307.0000 3.8770 -14.8520
1932.0000 151.0000 21.4450 6.3270
1932.0000 16.0000 4.8850 -13.9000
1932.0000 34.0000 4.7730 -14.7260
1944.0000 151.0000 21.4450 6.3270
1944.0000 16.0000 4.6610 -13.5360
1944.0000 34.0000 4.5490 -14.4460
1944.0000 221.0000 34.7920 -8.9500
1944.0000 307.0000 3.6530 -14.6000
1956.0000 307.0000 3.4990 -14.2920
1956.0000 151.0000 21.4450 6.3270
1956.0000 16.0000 4.3530 -13.2000
1956.0000 34.0000 4.3810 -14.1240
1956.0000 304.0000 8.6510 -11.7440
1956.0000 221.0000 34.7920 -8.9400
1968.0000 307.0000 3.2610 -13.9980
1968.0000 34.0000 4.1570 -13.8440
1968.0000 151.0000 21.4450 6.3270
1968.0000 304.0000 8.6510 -11.7440
1968.0000 221.0000 34.7910 -8.9290
1968.0000 16.0000 3.9610 -12.8920
1980.0000 151.0000 21.4450 6.3270
1980.0000 307.0000 3.0380 -13.7460
1980.0000 16.0000 3.5690 -12.6400
1980.0000 299.0000 7.8530 -12.4020
1980.0000 304.0000 8.4270 -11.7440
1980.0000 34.0000 3.9330 -13.5640
1980.0000 221.0000 34.7900 -8.9190
1992.0000 34.0000 3.4570 -13.2980
1992.0000 221.0000 34.7890 -8.9080
1992.0000 16.0000 3.1920 -12.3040
1992.0000 151.0000 21.4450 6.3270
1992.0000 307.0000 2.6460 -13.6200
1992.0000 304.0000 8.2730 -11.7440
1992.0000 299.0000 7.6290 -12.4020
2004.0000 30.0000 -3.2750 14.6280
2004.0000 304.0000 7.9650 -11.7440
2004.0000 299.0000 7.3210 -12.3460
2004.0000 264.0000 22.3270 12.7100
2004.0000 307.0000 2.2680 -13.4940
2004.0000 151.0000 21.4870 6.3550
2004.0000 34.0000 3.0100 -13.1160
2004.0000 221.0000 34.7890 -8.8980
2016.0000 30.0000 -3.2750 14.0540
2016.0000 264.0000 22.1310 12.7940
2016.0000 299.0000 7.0410 -12.2760
2016.0000 307.0000 1.8060 -13.4240
2016.0000 304.0000 7.6290 -11.7020
2016.0000 34.0000 2.5340 -12.9760
2028.0000 299.0000 6.7330 -12.2200
2028.0000 304.0000 7.2370 -11.6320
2028.0000 30.0000 -3.2750 13.4380
2028.0000 264.0000 22.1310 12.7940
2040.0000 299.0000 6.4250 -12.1780
2040.0000 304.0000 6.8870 -11.5760
2040.0000 30.0000 -3.2750 12.8780
2040.0000 264.0000 22.2150 12.8780
2052.0000 264.0000 22.2150 12.9340
2052.0000 30.0000 -3.2750 12.2620
2052.0000 299.0000 6.1590 -12.1220
2064.0000 264.0000 22.2150 12.9340
2064.0000 30.0000 -3.2750 11.6600
2064.0000 299.0000 5.8510 -12.0660
2076.0000 30.0000 -3.2750 11.0860
2076.0000 264.0000 22.2850 12.9900
2088.0000 264.0000 22.2850 13.0600
2088.0000 30.0000 -3.2750 10.4420
2148.0000 17.0000 -2.7720 -10.7780
2160.0000 222.0000 34.7780 -8.7620
2160.0000 152.0000 21.5150 6.4390
2160.0000 17.0000 -3.2340 -10.7220
2172.0000 35.0000 -3.6250 -11.6040
2172.0000 222.0000 34.7770 -8.7510
2172.0000 308.0000 -4.1990 -12.3740
2172.0000 152.0000 21.5150 6.4390
2172.0000 17.0000 -3.7790 -10.5960
2184.0000 222.0000 34.7770 -8.7410
2184.0000 35.0000 -4.0870 -11.4920
2184.0000 308.0000 -4.5910 -12.3180
2184.0000 17.0000 -4.2410 -10.5260
2184.0000 152.0000 21.5150 6.4390
2196.0000 305.0000 2.2400 -10.9180
2196.0000 17.0000 -4.7030 -10.4000
2196.0000 222.0000 34.7760 -8.7300
2196.0000 35.0000 -4.4650 -11.4080
2196.0000 152.0000 21.5150 6.4390
2196.0000 308.0000 -4.9690 -12.2480
2208.0000 308.0000 -5.3470 -12.1780
2208.0000 35.0000 -4.9270 -11.3520
2208.0000 305.0000 1.8480 -10.9180
2208.0000 222.0000 34.7750 -8.7200
2208.0000 17.0000 -5.1650 -10.3300
2208.0000 152.0000 21.5150 6.4670
2220.0000 152.0000 21.5150 6.4670
2220.0000 222.0000 34.7740 -8.7090
2220.0000 17.0000 -5.6270 -10.2040
2220.0000 35.0000 -5.3890 -11.2960
2220.0000 308.0000 -5.7390 -12.1220
2220.0000 300.0000 1.2740 -11.5060
2220.0000 305.0000 1.5400 -10.8340
2232.0000 308.0000 -6.2010 -12.0660
2232.0000 17.0000 -6.0890 -10.1480
2232.0000 222.0000 34.7730 -8.6990
2232.0000 300.0000 0.8820 -11.4500
2232.0000 35.0000 -5.7810 -11.1560
2232.0000 152.0000 21.5150 6.4670
2232.0000 305.0000 1.1480 -10.7780
2244.0000 222.0000 34.7730 -8.6880
2244.0000 305.0000 0.7560 -10.7780
2244.0000 300.0000 0.4900 -11.4500
2244.0000 265.0000 22.3550 13.7740
2244.0000 31.0000 -1.6100 2.8840
2244.0000 308.0000 -6.5790 -11.9820
2244.0000 35.0000 -6.2430 -11.1000
2244.0000 152.0000 21.5150 6.4670
2256.0000 305.0000 0.3920 -10.7220
2256.0000 265.0000 22.2850 13.7740
2256.0000 35.0000 -6.7050 -11.0440
2256.0000 300.0000 0.1120 -11.3940
2256.0000 31.0000 -1.2740 2.4780
2256.0000 308.0000 -6.9710 -11.9260
2268.0000 265.0000 22.2150 13.7740
2268.0000 31.0000 -0.9660 2.0720
2268.0000 305.0000 0.0840 -10.7220
2268.0000 300.0000 -0.2660 -11.3940
2280.0000 300.0000 -0.6580 -11.3240
2280.0000 31.0000 -0.5040 1.6240
2280.0000 305.0000 -0.3080 -10.6520
2280.0000 265.0000 22.1310 13.8300
2292.0000 300.0000 -1.1200 -11.3240
2292.0000 31.0000 0.0000 1.2320
2292.0000 265.0000 22.0470 13.8300
2304.0000 31.0000 0.4620 0.8120
2304.0000 265.0000 22.0470 13.8300
2304.0000 300.0000 -1.4980 -11.3240
2316.0000 265.0000 21.9770 13.8300
2316.0000 31.0000 0.9940 0.4480
2328.0000 265.0000 21.9770 13.8860
2328.0000 31.0000 1.4980 0.0280
2388.0000 18.0000 -11.0860 -9.1830
2400.0000 18.0000 -11.3940 -9.1270
2400.0000 223.0000 34.7620 -8.5520
2400.0000 153.0000 21.5570 6.5790
2412.0000 153.0000 21.5570 6.5790
2412.0000 18.0000 -11.6320 -9.0570
2412.0000 223.0000 34.7610 -8.5420
2412.0000 309.0000 -12.3600 -11.1000
2412.0000 36.0000 -11.7860 -9.9520
2424.0000 223.0000 34.7600 -8.5310
2424.0000 309.0000 -12.7380 -11.0300
2424.0000 36.0000 -12.0940 -9.8960
2424.0000 18.0000 -11.9400 -9.0010
2424.0000 153.0000 21.5850 6.5790
2436.0000 153.0000 21.5850 6.5790
2436.0000 36.0000 -12.4720 -9.8120
2436.0000 223.0000 34.7600 -8.5210
2436.0000 306.0000 -5.9350 -10.0220
2436.0000 309.0000 -13.2140 -10.9740
2436.0000 18.0000 -12.2480 -8.9310
2448.0000 223.0000 34.7590 -8.5110
2448.0000 153.0000 21.5850 6.5790
2448.0000 309.0000 -13.5920 -10.9180
2448.0000 18.0000 -12.5560 -8.8750
2448.0000 306.0000 -6.3830 -9.9520
2448.0000 36.0000 -12.8640 -9.7010
2460.0000 36.0000 -13.2420 -9.6450
2460.0000 309.0000 -14.0540 -10.8340
2460.0000 306.0000 -6.7750 -9.8820
2460.0000 223.0000 34.7580 -8.5000
2460.0000 153.0000 21.5850 6.5790
2460.0000 18.0000 -12.8640 -8.8750
2460.0000 301.0000 -7.1250 -10.6100
2472.0000 36.0000 -13.5500 -9.5610
2472.0000 223.0000 34.7570 -8.4900
2472.0000 153.0000 21.5850 6.5790
2472.0000 309.0000 -14.4460 -10.7780
2472.0000 306.0000 -7.2510 -9.8820
2472.0000 18.0000 -13.1720 -8.8050
2472.0000 301.0000 -7.5870 -10.5540
2484.0000 32.0000 5.6270 -5.8090
2484.0000 306.0000 -7.6990 -9.8260
2484.0000 301.0000 -7.9650 -10.6100
2484.0000 309.0000 -14.3620 -10.7220
2484.0000 36.0000 -13.6340 -9.5050
2484.0000 153.0000 21.5850 6.5790
2484.0000 223.0000 34.6730 -8.5530
2496.0000 296.0000 -8.3990 -11.3800
2496.0000 301.0000 -8.4410 -10.6940
2496.0000 32.0000 5.9910 -6.2570
2496.0000 309.0000 -14.1380 -10.7220
2496.0000 36.0000 -13.6340 -9.5050
2496.0000 306.0000 -8.1750 -9.8260
2508.0000 306.0000 -8.6230 -9.8820
2508.0000 311.0000 -19.4010 -13.8580
2508.0000 32.0000 6.3130 -7.1530
2508.0000 296.0000 -9.0430 -11.6600
2508.0000 301.0000 -8.8190 -10.7780
2520.0000 296.0000 -9.4350 -11.6600
2520.0000 32.0000 7.1950 -7.5870
2520.0000 311.0000 -17.7490 -13.8720
2520.0000 301.0000 -9.2390 -10.8760
2520.0000 306.0000 -8.9310 -9.9100
2532.0000 301.0000 -9.7140 -10.9740
2532.0000 32.0000 7.5030 -7.6990
2532.0000 311.0000 -16.3630 -13.7740
2532.0000 296.0000 -9.8540 -11.7440
2544.0000 301.0000 -10.1200 -11.0580
2544.0000 296.0000 -10.2880 -11.8000
2544.0000 32.0000 7.9230 -7.8530
2544.0000 311.0000 -14.5160 -13.5780
2556.0000 296.0000 -10.6940 -11.8000
2556.0000 32.0000 8.3990 -7.9370
2556.0000 311.0000 -12.6680 -13.3960
2568.0000 296.0000 -11.0860 -11.9400
2568.0000 311.0000 -10.9740 -13.3540
2568.0000 32.0000 8.8890 -7.9370
2580.0000 311.0000 -9.2810 -13.3260
2580.0000 296.0000 -11.4780 -11.9960
2592.0000 311.0000 -7.5450 -13.2980
2628.0000 19.0000 -13.7180 -8.8610
2640.0000 154.0000 21.5850 6.6210
2640.0000 224.0000 29.1710 -9.9520
2640.0000 19.0000 -13.7180 -8.8610
2652.0000 310.0000 -12.8640 -8.4130
2652.0000 154.0000 21.5850 6.6210
2652.0000 37.0000 -13.7460 -10.0220
2652.0000 224.0000 28.7940 -9.9520
2652.0000 19.0000 -13.7180 -8.8610
2664.0000 19.0000 -13.7180 -8.8610
2664.0000 310.0000 -12.8640 -8.4130
2664.0000 37.0000 -13.7460 -10.0220
2664.0000 154.0000 21.5850 6.6210
2664.0000 224.0000 28.4860 -9.9520
2676.0000 37.0000 -13.7460 -10.0220
2676.0000 310.0000 -12.8640 -8.4130
2676.0000 224.0000 28.0240 -10.0220
2676.0000 19.0000 -13.7180 -8.8610
2676.0000 154.0000 21.6270 6.6490
2688.0000 310.0000 -12.8640 -8.4130
2688.0000 154.0000 21.6270 6.6490
2688.0000 224.0000 27.4080 -10.0220
2688.0000 19.0000 -13.7180 -8.8610
2688.0000 37.0000 -13.7460 -10.0220
2700.0000 310.0000 -12.8640 -8.4130
2700.0000 37.0000 -13.7460 -10.0220
2700.0000 19.0000 -13.7180 -8.8610
2700.0000 224.0000 26.8620 -10.0780
2700.0000 154.0000 21.6270 6.6490
2712.0000 19.0000 -13.7180 -8.8610
2712.0000 37.0000 -13.7460 -10.0220
2712.0000 310.0000 -12.8640 -8.4130
2712.0000 224.0000 26.2460 -10.1340
2712.0000 154.0000 21.6270 6.6490
2724.0000 310.0000 -12.8640 -8.4130
2724.0000 33.0000 16.4750 -7.5870
2724.0000 37.0000 -13.7460 -10.0220
2724.0000 224.0000 25.7140 -10.1340
2724.0000 154.0000 21.6270 6.6490
2736.0000 310.0000 -12.8640 -8.4130
2736.0000 33.0000 17.0070 -7.5310
2736.0000 37.0000 -13.7460 -10.0220
2748.0000 33.0000 17.5390 -7.3910
2760.0000 33.0000 18.0990 -7.3910
2772.0000 33.0000 18.6310 -7.3910
2784.0000 33.0000 19.1630 -7.3910
2796.0000 33.0000 19.6950 -7.3910
2808.0000 33.0000 20.2550 -7.3910
2856.0000 56.0000 21.9770 13.5080
2868.0000 20.0000 -13.7180 -8.8610
2868.0000 56.0000 21.9070 13.5080
2880.0000 56.0000 21.9070 13.5080
2880.0000 225.0000 18.3230 -10.4700
2880.0000 155.0000 21.6690 6.6770
2880.0000 20.0000 -13.7180 -8.8610
2892.0000 225.0000 17.9730 -10.6240
2892.0000 155.0000 21.6690 6.6770
2892.0000 20.0000 -13.7180 -8.8610
2892.0000 38.0000 -13.7460 -10.0220
2892.0000 56.0000 21.8230 13.5080
2904.0000 38.0000 -13.7460 -10.0220
2904.0000 225.0000 17.6230 -10.7500
2904.0000 56.0000 21.7390 13.5080
2904.0000 155.0000 21.6690 6.6770
2904.0000 20.0000 -13.7180 -8.8610
2916.0000 56.0000 21.6690 13.5080
2916.0000 155.0000 21.6690 6.6770
2916.0000 38.0000 -13.7460 -10.0220
2916.0000 20.0000 -13.7180 -8.8610
2916.0000 225.0000 17.2030 -10.8760
2928.0000 38.0000 -13.7460 -10.0220
2928.0000 56.0000 21.6690 13.5080
2928.0000 20.0000 -13.7180 -8.8610
2928.0000 225.0000 16.8110 -11.0300
2928.0000 155.0000 21.6690 6.6770
2940.0000 20.0000 -13.7180 -8.8610
2940.0000 225.0000 16.2790 -11.1700
2940.0000 56.0000 21.2910 13.5080
2940.0000 155.0000 21.6690 6.6770
2940.0000 38.0000 -13.7460 -10.0220
2952.0000 155.0000 21.6690 6.6770
2952.0000 225.0000 15.7480 -11.2820
2952.0000 20.0000 -13.7180 -8.8610
2952.0000 38.0000 -13.7460 -10.0220
2964.0000 155.0000 21.6690 6.6770
2964.0000 225.0000 15.2020 -11.4220
2964.0000 38.0000 -13.7460 -10.0220
2976.0000 38.0000 -13.7460 -10.0220
3012.0000 76.0000 -12.7800 -9.6030
3024.0000 76.0000 -12.7800 -9.6030
3036.0000 76.0000 -12.7800 -9.6030
3048.0000 76.0000 -12.7800 -9.6030
3048.0000 62.0000 -1.1900 -2.8140
3060.0000 62.0000 -1.1900 -2.8140
3060.0000 76.0000 -12.7800 -9.6030
3072.0000 62.0000 -1.1900 -2.8140
3072.0000 76.0000 -12.7800 -9.6450
3084.0000 76.0000 -12.7800 -9.6450
3084.0000 62.0000 -1.1200 -2.8140
3096.0000 76.0000 -12.7800 -9.6450
3096.0000 62.0000 -1.1200 -2.8140
3096.0000 57.0000 22.0290 13.5500
3108.0000 57.0000 22.0860 13.5530
3108.0000 62.0000 -1.0500 -2.8140
3108.0000 21.0000 -13.7180 -8.8610
3120.0000 226.0000 8.5390 -12.5980
3120.0000 21.0000 -13.7180 -8.8610
3120.0000 156.0000 21.6270 6.5930
3120.0000 57.0000 22.1430 13.5560
3120.0000 62.0000 -1.0500 -2.8140
3132.0000 39.0000 -14.0540 -10.1480
3132.0000 226.0000 8.1610 -12.5980
3132.0000 156.0000 21.6270 6.5650
3132.0000 21.0000 -13.7180 -8.8610
3132.0000 57.0000 22.1990 13.5590
3132.0000 62.0000 -1.0500 -2.8140
3144.0000 39.0000 -14.0540 -10.1480
3144.0000 226.0000 7.6990 -12.5980
3144.0000 156.0000 21.6270 6.5650
3144.0000 57.0000 22.2560 13.5620
3144.0000 21.0000 -13.7180 -8.8610
3156.0000 21.0000 -13.7180 -8.8610
3156.0000 156.0000 21.6270 6.5230
3156.0000 39.0000 -14.0960 -10.1480
3156.0000 57.0000 22.2850 13.5640
3156.0000 226.0000 6.9990 -12.7240
3168.0000 39.0000 -14.0960 -10.1480
3168.0000 21.0000 -13.7180 -8.8330
3168.0000 156.0000 21.6270 6.5230
3168.0000 57.0000 22.2850 13.5640
3168.0000 226.0000 6.3130 -12.8640
3180.0000 39.0000 -14.1800 -10.2040
3180.0000 226.0000 6.0050 -12.8920
3180.0000 21.0000 -13.7180 -8.8330
3180.0000 57.0000 22.2850 13.5640
3180.0000 156.0000 21.6270 6.5230
3192.0000 226.0000 5.6970 -12.8920
3192.0000 156.0000 21.6270 6.5230
3192.0000 21.0000 -13.7180 -8.8330
3192.0000 39.0000 -14.1800 -10.2040
3204.0000 226.0000 5.0810 -13.0740
3204.0000 156.0000 21.5850 6.4950
3204.0000 39.0000 -14.2080 -10.2040
3216.0000 39.0000 -14.2080 -10.2040
3252.0000 77.0000 -12.8220 -9.7010
3264.0000 77.0000 -12.8220 -9.7010
3276.0000 77.0000 -12.8220 -9.7010
3288.0000 77.0000 -12.8220 -9.7010
3288.0000 63.0000 -0.9240 -2.9400
3300.0000 77.0000 -12.8220 -9.7010
3300.0000 63.0000 -0.9240 -2.9400
3312.0000 77.0000 -12.8220 -9.7010
3312.0000 63.0000 -0.8540 -2.8840
3324.0000 77.0000 -12.8220 -9.7280
3324.0000 63.0000 -0.7700 -2.8140
3336.0000 77.0000 -12.8640 -9.7280
3336.0000 63.0000 -0.7000 -2.8140
3336.0000 212.0000 24.5240 -14.1240
3348.0000 22.0000 -13.7180 -8.8050
3348.0000 212.0000 24.6640 -13.6200
3348.0000 63.0000 -0.7000 -2.7440
3360.0000 63.0000 -0.6160 -2.6880
3360.0000 212.0000 24.8740 -13.1300
3360.0000 227.0000 -1.8480 -13.9000
3360.0000 22.0000 -13.7180 -8.8050
3360.0000 157.0000 21.5430 6.3690
3372.0000 63.0000 -0.5460 -2.6880
3372.0000 212.0000 24.6360 -12.6960
3372.0000 40.0000 -14.4320 -10.2600
3372.0000 227.0000 -2.3100 -13.9700
3372.0000 22.0000 -13.7180 -8.8050
3372.0000 157.0000 21.5430 6.3690
3384.0000 227.0000 -3.0800 -14.0960
3384.0000 157.0000 21.5430 6.3270
3384.0000 40.0000 -14.4320 -10.2600
3384.0000 212.0000 24.7200 -12.1220
3384.0000 22.0000 -13.7180 -8.8050
3396.0000 40.0000 -14.4320 -10.2600
3396.0000 212.0000 24.7900 -11.5200
3396.0000 227.0000 -3.7790 -14.2220
3396.0000 22.0000 -13.7180 -8.8050
3396.0000 157.0000 21.5430 6.3270
3408.0000 157.0000 21.5150 6.2990
3408.0000 212.0000 24.8320 -10.9740
3408.0000 40.0000 -14.4320 -10.2600
3408.0000 227.0000 -4.6190 -14.2220
3408.0000 22.0000 -13.7180 -8.8050
3420.0000 157.0000 21.5150 6.2990
3420.0000 22.0000 -13.7180 -8.8050
3420.0000 212.0000 24.8320 -10.4700
3420.0000 227.0000 -5.3890 -14.2920
3420.0000 40.0000 -14.4320 -10.2600
3432.0000 40.0000 -14.4320 -10.2600
3432.0000 22.0000 -13.7180 -8.8050
3432.0000 227.0000 -5.8510 -14.2920
3432.0000 157.0000 21.5150 6.2990
3444.0000 40.0000 -14.4320 -10.2600
3444.0000 157.0000 21.5150 6.2990
3444.0000 227.0000 -6.3970 -14.2920
3456.0000 40.0000 -14.4320 -10.2600
3492.0000 78.0000 -12.8640 -9.7840
3504.0000 78.0000 -12.9060 -9.7560
3504.0000 50.0000 11.5480 9.6450
3516.0000 78.0000 -12.9060 -9.7560
3516.0000 50.0000 11.5480 9.6450
3528.0000 78.0000 -12.9060 -9.7560
3528.0000 50.0000 11.5480 9.6450
3528.0000 64.0000 1.8480 -2.9120
3540.0000 78.0000 -12.9060 -9.7560
3540.0000 50.0000 11.5480 9.6450
3540.0000 64.0000 2.0720 -3.1640
3552.0000 78.0000 -12.9480 -9.7560
3552.0000 64.0000 2.2260 -3.4150
3552.0000 50.0000 11.5480 9.6450
3564.0000 64.0000 2.3100 -3.4850
3564.0000 50.0000 11.5480 9.6450
3564.0000 78.0000 -12.9480 -9.7280
3576.0000 50.0000 11.5480 9.6450
3576.0000 78.0000 -12.9480 -9.7280
3576.0000 64.0000 2.4640 -3.5410
3588.0000 64.0000 2.3800 -3.4150
3588.0000 23.0000 -13.7460 -8.7770
3588.0000 50.0000 11.5480 9.6450
3600.0000 23.0000 -13.7460 -8.7770
3600.0000 64.0000 2.2260 -3.2340
3600.0000 158.0000 21.4450 6.2710
3612.0000 158.0000 21.4450 6.2710
3612.0000 41.0000 -14.2780 -10.1760
3612.0000 23.0000 -13.7460 -8.7770
3612.0000 64.0000 2.0020 -3.0380
3624.0000 158.0000 21.4450 6.2710
3624.0000 41.0000 -14.2360 -10.1760
3624.0000 23.0000 -13.7040 -8.7770
3636.0000 23.0000 -13.7040 -8.7770
3636.0000 158.0000 21.4450 6.2710
3636.0000 41.0000 -14.2360 -10.1760
3648.0000 23.0000 -13.7040 -8.7770
3648.0000 41.0000 -14.2080 -10.1480
3648.0000 158.0000 21.4450 6.2710
3660.0000 41.0000 -14.2080 -10.1480
3660.0000 158.0000 21.4450 6.2710
3660.0000 23.0000 -13.7040 -8.7770
3672.0000 158.0000 21.4030 6.2990
3672.0000 23.0000 -13.7040 -8.7770
3672.0000 41.0000 -14.1660 -10.1480
3684.0000 41.0000 -14.1660 -10.0780
3684.0000 158.0000 21.4030 6.2990
3696.0000 11.0000 17.9310 -14.4460
3696.0000 41.0000 -14.1240 -10.0780
3708.0000 11.0000 17.7070 -14.3200
3720.0000 11.0000 17.4690 -14.0120
3732.0000 11.0000 17.1610 -13.5640
3732.0000 79.0000 -13.1020 -9.6590
3744.0000 11.0000 16.8530 -13.1160
3744.0000 51.0000 11.7020 9.6450
3744.0000 79.0000 -13.1020 -9.6590
3756.0000 51.0000 11.7020 9.6450
3756.0000 79.0000 -13.1020 -9.6310
3756.0000 11.0000 16.4750 -12.7240
3768.0000 51.0000 11.7020 9.6450
3768.0000 79.0000 -13.1300 -9.6310
3768.0000 65.0000 1.3860 -2.5340
3768.0000 11.0000 16.0140 -12.2760
3780.0000 79.0000 -13.1300 -9.6310
3780.0000 65.0000 1.3860 -2.5340
3780.0000 11.0000 15.5520 -11.8280
3780.0000 51.0000 11.7020 9.6450
3792.0000 51.0000 11.7020 9.6450
3792.0000 65.0000 1.3020 -2.5340
3792.0000 79.0000 -13.1300 -9.6310
3804.0000 51.0000 11.7020 9.6450
3804.0000 79.0000 -13.1720 -9.6310
3804.0000 65.0000 1.3020 -2.5340
3816.0000 51.0000 11.7020 9.6450
3816.0000 79.0000 -13.1720 -9.6310
3816.0000 65.0000 1.3020 -2.5340
3828.0000 24.0000 -13.6620 -8.8050
3828.0000 65.0000 1.3020 -2.5340
3828.0000 51.0000 11.7020 9.6450
3840.0000 65.0000 1.3020 -2.5340
3840.0000 24.0000 -13.6620 -8.8050
3840.0000 159.0000 21.3190 6.3410
3852.0000 65.0000 1.2320 -2.4640
3852.0000 42.0000 -13.9000 -9.9520
3852.0000 24.0000 -13.6200 -8.8050
3852.0000 159.0000 21.3190 6.3410
3864.0000 159.0000 21.3190 6.3410
3864.0000 24.0000 -13.6200 -8.8050
3864.0000 42.0000 -13.9000 -9.9520
3876.0000 24.0000 -13.6200 -8.8050
3876.0000 159.0000 21.3190 6.3410
3876.0000 42.0000 -13.9700 -9.9520
3888.0000 24.0000 -13.6200 -8.8050
3888.0000 159.0000 21.3190 6.3410
3888.0000 42.0000 -14.0540 -9.9520
3900.0000 24.0000 -13.6200 -8.8050
3900.0000 159.0000 21.3190 6.3410
3900.0000 42.0000 -14.0540 -9.9520
3912.0000 42.0000 -14.0540 -9.8260
3912.0000 159.0000 21.3190 6.3410
3912.0000 24.0000 -13.6200 -8.8050
3924.0000 42.0000 -14.0540 -9.8260
3924.0000 159.0000 21.3190 6.3690
3936.0000 42.0000 -14.0540 -9.8260
3936.0000 12.0000 7.4610 -8.5810
3936.0000 276.0000 11.0860 9.1970
3948.0000 12.0000 6.7750 -8.5250
3948.0000 276.0000 10.6660 9.1970
3960.0000 12.0000 6.0750 -8.5250
3960.0000 276.0000 10.4980 9.2670
3972.0000 80.0000 -13.0040 -9.5330
3972.0000 276.0000 10.2740 9.2670
3972.0000 4.0000 -9.7840 -14.5020
3972.0000 12.0000 5.4590 -8.4550
3984.0000 52.0000 11.1560 9.9660
3984.0000 12.0000 4.8430 -8.3850
3984.0000 276.0000 10.0500 9.3370
3984.0000 4.0000 -10.2460 -14.5020
3984.0000 80.0000 -13.0040 -9.5330
3996.0000 4.0000 -10.8620 -14.5300
3996.0000 52.0000 10.8480 10.0360
3996.0000 80.0000 -13.0040 -9.5330
3996.0000 276.0000 9.8120 9.4630
3996.0000 12.0000 4.2270 -8.2730
4008.0000 276.0000 9.5890 9.8120
4008.0000 4.0000 -11.3520 -14.4740
4008.0000 52.0000 10.5820 10.1620
4008.0000 66.0000 0.9520 -2.6880
4008.0000 12.0000 3.3870 -8.2730
4008.0000 80.0000 -13.0460 -9.5330
4008.0000 273.0000 22.5230 0.9240
4020.0000 52.0000 10.3440 10.4140
4020.0000 276.0000 9.3090 10.1900
4020.0000 80.0000 -13.0460 -9.5330
4020.0000 12.0000 2.5760 -8.2310
4020.0000 66.0000 0.9520 -2.6880
4020.0000 4.0000 -11.7860 -14.3200
4020.0000 273.0000 22.5930 1.1760
4032.0000 66.0000 0.9100 -2.6880
4032.0000 273.0000 21.5990 1.1480
4032.0000 4.0000 -12.1640 -14.1940
4032.0000 52.0000 10.1200 10.6100
4032.0000 80.0000 -13.0460 -9.5330
4044.0000 80.0000 -13.0460 -9.5330
4044.0000 273.0000 20.9830 0.9800
4044.0000 4.0000 -12.5140 -14.0400
4044.0000 52.0000 9.9240 10.8620
4044.0000 66.0000 0.9100 -2.6880
4056.0000 273.0000 20.3250 0.8540
4056.0000 66.0000 0.8820 -2.6880
4056.0000 52.0000 9.8400 11.1280
4056.0000 80.0000 -13.0180 -9.5330
4056.0000 4.0000 -12.9060 -13.8720
4068.0000 66.0000 0.8820 -2.6880
4068.0000 52.0000 9.7010 11.3800
4068.0000 273.0000 19.5130 0.7840
4068.0000 25.0000 -13.8300 -8.8610
4080.0000 66.0000 0.8820 -2.6880
4080.0000 160.0000 21.3610 6.3690
4080.0000 273.0000 18.8270 0.7560
4080.0000 27.0000 33.0210 8.1190
4080.0000 25.0000 -13.7880 -8.8610
4092.0000 160.0000 21.3610 6.3690
4092.0000 273.0000 18.2110 0.7560
4092.0000 25.0000 -13.7880 -8.8610
4092.0000 66.0000 0.8400 -2.6880
4092.0000 43.0000 -14.0120 -9.8540
4092.0000 27.0000 33.1470 8.1190
4104.0000 160.0000 21.3610 6.3690
4104.0000 43.0000 -14.0120 -9.8540
4104.0000 27.0000 32.7550 8.2450
4104.0000 25.0000 -13.7880 -8.8610
4116.0000 27.0000 32.4470 8.4410
4116.0000 43.0000 -14.0120 -9.8540
4116.0000 25.0000 -13.8160 -8.8610
4116.0000 160.0000 21.3610 6.3690
4128.0000 27.0000 32.3630 8.8190
4128.0000 43.0000 -13.9840 -9.8540
4128.0000 25.0000 -13.8160 -8.8610
4128.0000 160.0000 21.3610 6.3410
4140.0000 43.0000 -13.9840 -9.8540
4140.0000 160.0000 21.3610 6.3410
4140.0000 25.0000 -13.8160 -8.8750
4140.0000 27.0000 32.3630 8.8890
4152.0000 160.0000 21.4030 6.3410
4152.0000 27.0000 31.9850 9.8400
4152.0000 43.0000 -13.9840 -9.8540
4152.0000 25.0000 -13.7740 -8.8750
4164.0000 160.0000 21.4030 6.3410
4164.0000 43.0000 -13.9840 -9.8540
4164.0000 27.0000 31.8310 10.4140
4176.0000 13.0000 -5.7110 -5.2630
4176.0000 277.0000 7.9460 12.3680
4176.0000 43.0000 -14.0260 -9.8540
4188.0000 13.0000 -6.2430 -4.8850
4188.0000 277.0000 7.9500 12.3740
4200.0000 13.0000 -6.8590 -4.5070
4200.0000 277.0000 7.9540 12.3810
4212.0000 13.0000 -7.3910 -4.1150
4212.0000 277.0000 7.9580 12.3870
4212.0000 81.0000 -12.8920 -9.5050
4224.0000 13.0000 -8.0070 -3.7370
4224.0000 53.0000 8.7420 13.1000
4224.0000 81.0000 -12.8920 -9.5050
4224.0000 277.0000 7.9620 12.3930
4236.0000 53.0000 8.7500 13.1020
4236.0000 81.0000 -12.8640 -9.5050
4236.0000 13.0000 -8.5390 -3.2340
4236.0000 277.0000 7.9660 12.4000
4248.0000 67.0000 0.0700 -2.6600
4248.0000 53.0000 8.7580 13.1040
4248.0000 277.0000 7.9700 12.4060
4248.0000 13.0000 -9.0150 -2.7160
4248.0000 274.0000 10.8900 -0.1120
4248.0000 81.0000 -12.8640 -9.5050
4260.0000 81.0000 -12.9060 -9.4770
4260.0000 53.0000 8.7660 13.1060
4260.0000 274.0000 10.4280 -0.1680
4260.0000 13.0000 -9.4630 -2.2120
4260.0000 67.0000 -0.1540 -2.6600
4260.0000 277.0000 7.9740 12.4130
4272.0000 53.0000 8.7740 13.1080
4272.0000 274.0000 9.9660 -0.2940
4272.0000 67.0000 -0.3080 -2.6600
4272.0000 81.0000 -12.9060 -9.4770
4284.0000 81.0000 -12.8640 -9.4770
4284.0000 274.0000 9.5050 -0.3640
4284.0000 67.0000 -0.4620 -2.6180
4284.0000 53.0000 8.7820 13.1100
4296.0000 274.0000 9.0430 -0.4200
4296.0000 67.0000 -0.4620 -2.6180
4296.0000 53.0000 8.7900 13.1120
4296.0000 81.0000 -12.8640 -9.4770
4308.0000 67.0000 -0.5460 -2.6180
4308.0000 53.0000 8.7980 13.1140
4308.0000 274.0000 8.5810 -0.4760
4308.0000 26.0000 -13.8300 -8.8750
4320.0000 67.0000 -0.5460 -2.6180
4320.0000 274.0000 8.0770 -0.6160
4320.0000 161.0000 21.4730 6.3270
4320.0000 26.0000 -13.8580 -8.8750
4332.0000 44.0000 -13.9280 -9.8960
4332.0000 274.0000 7.4610 -0.6720
4332.0000 67.0000 -0.6160 -2.6180
4332.0000 26.0000 -13.8580 -8.8750
4332.0000 161.0000 21.4730 6.3270
4344.0000 26.0000 -13.8580 -8.8750
4344.0000 44.0000 -13.9700 -9.8960
4344.0000 161.0000 21.4730 6.3550
4356.0000 161.0000 21.4730 6.3550
4356.0000 26.0000 -13.8580 -8.8750
4356.0000 44.0000 -13.9700 -9.8960
4368.0000 161.0000 21.5150 6.3550
4368.0000 26.0000 -13.8580 -8.8750
4368.0000 44.0000 -13.9700 -9.8960
4380.0000 26.0000 -13.8580 -8.8750
4380.0000 161.0000 21.5150 6.3270
4380.0000 44.0000 -13.9420 -9.8960
4392.0000 270.0000 34.3370 -8.7770
4392.0000 44.0000 -13.9420 -9.8960
4392.0000 161.0000 21.5150 6.3270
4392.0000 26.0000 -13.8580 -8.8750
4404.0000 44.0000 -13.9420 -9.8960
4404.0000 270.0000 33.9450 -8.7770
4404.0000 161.0000 21.5150 6.3270
4416.0000 44.0000 -13.9420 -9.8960
4416.0000 270.0000 33.5670 -8.7770
4416.0000 278.0000 8.0280 12.4960
4428.0000 270.0000 33.1050 -8.7770
4428.0000 278.0000 8.0320 12.5030
4440.0000 270.0000 32.7130 -8.8330
4440.0000 278.0000 8.0360 12.5090
4452.0000 278.0000 8.0400 12.5150
4452.0000 82.0000 -12.7520 -9.4350
4452.0000 270.0000 32.3350 -8.8330
4464.0000 82.0000 -12.7100 -9.4350
4464.0000 278.0000 8.0440 12.5220
4464.0000 54.0000 8.9010 13.1400
4464.0000 270.0000 31.9430 -8.8330
4476.0000 82.0000 -12.7100 -9.4350
4476.0000 54.0000 8.9090 13.1420
4476.0000 278.0000 8.0480 12.5280
4476.0000 270.0000 31.4110 -8.8330
4488.0000 278.0000 8.0520 12.5350
4488.0000 68.0000 0.8400 -2.9680
4488.0000 54.0000 8.9170 13.1440
4488.0000 275.0000 0.2240 -1.3720
4488.0000 82.0000 -12.7100 -9.4350
4500.0000 278.0000 8.0570 12.5410
4500.0000 82.0000 -12.6680 -9.3790
4500.0000 275.0000 -0.3080 -1.5120
4500.0000 68.0000 0.9940 -2.9680
4500.0000 54.0000 8.9250 13.1460
4512.0000 82.0000 -12.7100 -9.3790
4512.0000 54.0000 8.9330 13.1480
4512.0000 275.0000 -0.8400 -1.6660
4512.0000 68.0000 1.3720 -3.0100
4524.0000 54.0000 8.9400 13.1500
4524.0000 275.0000 -1.3860 -1.8200
4524.0000 68.0000 1.8060 -2.9680
4524.0000 82.0000 -12.7100 -9.3790
4536.0000 275.0000 -1.9180 -1.9460
4536.0000 68.0000 2.2680 -3.0100
4536.0000 54.0000 8.9490 13.1520
4536.0000 82.0000 -12.7100 -9.3790
4548.0000 68.0000 2.4220 -3.0660
4548.0000 54.0000 8.9560 13.1540
4548.0000 275.0000 -2.4780 -2.0160
4560.0000 275.0000 -3.0940 -2.2680
4560.0000 68.0000 2.5760 -3.1360
4560.0000 162.0000 21.5570 6.3690
4572.0000 68.0000 2.7300 -3.2610
4572.0000 162.0000 21.5150 6.3690
4572.0000 275.0000 -3.6250 -2.4640
4572.0000 45.0000 -13.9420 -9.8680
4584.0000 162.0000 21.5150 6.3690
4584.0000 45.0000 -13.9420 -9.8680
4596.0000 162.0000 21.5150 6.3690
4596.0000 45.0000 -13.9420 -9.8680
4608.0000 162.0000 21.5150 6.3690
4608.0000 45.0000 -13.9840 -9.8680
4620.0000 45.0000 -13.9840 -9.8260
4620.0000 162.0000 21.5150 6.3690
4632.0000 162.0000 21.4730 6.3690
4632.0000 45.0000 -13.9840 -9.8260
4632.0000 271.0000 24.8740 -8.5250
4644.0000 45.0000 -13.9840 -9.8260
4644.0000 162.0000 21.4730 6.3690
4644.0000 271.0000 24.3140 -8.5250
4656.0000 279.0000 8.1100 12.6240
4656.0000 271.0000 23.7820 -8.5250
4656.0000 45.0000 -13.9840 -9.8260
4668.0000 271.0000 23.1660 -8.5810
4668.0000 279.0000 8.1140 12.6310
4680.0000 271.0000 22.6350 -8.6370
4680.0000 279.0000 8.1180 12.6370
4692.0000 271.0000 22.1030 -8.7070
4692.0000 83.0000 -12.8220 -9.2810
4692.0000 279.0000 8.1220 12.6440
4704.0000 55.0000 9.0590 13.1800
4704.0000 83.0000 -12.8640 -9.2810
4704.0000 279.0000 8.1260 12.6500
4704.0000 271.0000 21.4870 -8.7070
4716.0000 279.0000 8.1300 12.6560
4716.0000 271.0000 21.0110 -8.6370
4716.0000 83.0000 -12.8640 -9.2810
4716.0000 55.0000 9.0680 13.1820
4728.0000 69.0000 2.7300 -7.5870
4728.0000 55.0000 9.0750 13.1840
4728.0000 83.0000 -12.8640 -9.2810
4728.0000 279.0000 8.1340 12.6630
4740.0000 279.0000 8.1390 12.6690
4740.0000 55.0000 9.0830 13.1860
4740.0000 83.0000 -12.8640 -9.2810
4740.0000 69.0000 2.5760 -7.7830
4752.0000 83.0000 -12.9060 -9.2530
4752.0000 55.0000 9.1550 12.8640
4752.0000 69.0000 2.4220 -7.9090
4764.0000 83.0000 -12.9060 -9.2530
4764.0000 69.0000 2.1840 -8.2310
4764.0000 55.0000 9.2390 12.4860
4776.0000 69.0000 1.9600 -8.4830
4776.0000 55.0000 9.3090 12.1080
4776.0000 83.0000 -12.9060 -9.2530
4788.0000 69.0000 1.8760 -8.5530
4788.0000 55.0000 9.3930 11.7160
4800.0000 69.0000 1.8760 -8.5530
4800.0000 163.0000 21.4450 6.3690
4812.0000 46.0000 -14.0120 -9.7420
4812.0000 163.0000 21.4450 6.3690
4812.0000 69.0000 1.8760 -8.5530
4824.0000 163.0000 21.4030 6.3690
4824.0000 46.0000 -14.0120 -9.7420
4836.0000 46.0000 -14.0120 -9.7010
4836.0000 163.0000 21.4030 6.3690
4848.0000 163.0000 21.4030 6.3690
4848.0000 46.0000 -14.0120 -9.7010
4860.0000 46.0000 -14.0120 -9.7010
4860.0000 163.0000 21.4030 6.3690
4872.0000 163.0000 21.4030 6.3690
4872.0000 46.0000 -14.0120 -9.7010
4884.0000 163.0000 21.3610 6.3690
4884.0000 46.0000 -14.0120 -9.7010
4896.0000 46.0000 -14.0120 -9.6730
4932.0000 84.0000 -13.0180 -9.1830
4944.0000 84.0000 -13.0180 -9.1550
4956.0000 84.0000 -13.0600 -9.1550
4968.0000 70.0000 1.8760 -8.5530
4968.0000 84.0000 -13.0600 -9.1550
4980.0000 84.0000 -13.0600 -9.1550
4980.0000 70.0000 1.8760 -8.5530
4992.0000 84.0000 -13.0600 -9.1550
4992.0000 70.0000 1.8760 -8.5530
5004.0000 84.0000 -13.1020 -9.1550
5004.0000 199.0000 -13.7040 -8.7350
5004.0000 70.0000 1.8340 -8.5530
5004.0000 58.0000 1.8760 -4.2830
5016.0000 199.0000 -13.7040 -8.7350
5016.0000 58.0000 1.8760 -4.2830
5016.0000 70.0000 1.8340 -8.4270
5016.0000 84.0000 -13.1020 -9.1550
5028.0000 70.0000 1.8760 -8.3290
5028.0000 58.0000 1.8760 -4.2830
5028.0000 199.0000 -13.7040 -8.7350
5040.0000 58.0000 1.8760 -4.2830
5040.0000 199.0000 -13.7040 -8.7350
5040.0000 70.0000 1.8480 -8.2310
5040.0000 164.0000 21.3190 6.3550
5052.0000 70.0000 1.8900 -8.1470
5052.0000 58.0000 1.8760 -4.2830
5052.0000 47.0000 -14.1660 -9.7010
5052.0000 164.0000 21.3190 6.3550
5052.0000 199.0000 -13.7040 -8.7350
5064.0000 164.0000 21.3190 6.3550
5064.0000 47.0000 -14.1660 -9.7420
5064.0000 199.0000 -13.6340 -8.7350
5064.0000 58.0000 1.8760 -4.2830
5076.0000 199.0000 -13.6340 -8.7350
5076.0000 164.0000 21.3190 6.3550
5076.0000 47.0000 -14.1660 -9.7420
5076.0000 58.0000 1.8760 -4.2830
5088.0000 164.0000 21.3190 6.3550
5088.0000 47.0000 -14.2080 -9.7700
5088.0000 199.0000 -13.6340 -8.7350
5088.0000 58.0000 1.8760 -4.2830
5100.0000 47.0000 -14.2500 -9.7700
5100.0000 164.0000 21.3190 6.3550
5112.0000 164.0000 21.3190 6.3550
5112.0000 47.0000 -14.2500 -9.7980
5124.0000 164.0000 21.3190 6.3550
5124.0000 47.0000 -14.2780 -9.8260
5136.0000 47.0000 -14.2780 -9.8260
5172.0000 85.0000 -13.1720 -9.4070
5184.0000 85.0000 -13.1720 -9.4070
5196.0000 85.0000 -13.1720 -9.4490
5208.0000 85.0000 -13.1720 -9.4490
5208.0000 71.0000 3.6110 -3.4150
5220.0000 71.0000 3.2200 -2.9680
5220.0000 85.0000 -13.1720 -9.4770
5232.0000 49.0000 3.3450 14.4600
5232.0000 85.0000 -13.1720 -9.4770
5232.0000 71.0000 2.9120 -2.8560
5244.0000 59.0000 1.8760 -4.2830
5244.0000 71.0000 2.6040 -2.6600
5244.0000 200.0000 -13.3960 -8.7350
5244.0000 49.0000 3.4150 14.0120
5244.0000 85.0000 -13.2140 -9.5050
5256.0000 200.0000 -13.3960 -8.7350
5256.0000 49.0000 3.4990 13.5080
5256.0000 85.0000 -13.2140 -9.5050
5256.0000 71.0000 2.2960 -2.5200
5256.0000 59.0000 1.8760 -4.2830
5268.0000 49.0000 3.6530 13.0600
5268.0000 71.0000 1.9880 -2.4080
5268.0000 59.0000 1.8760 -4.2830
5268.0000 200.0000 -13.3960 -8.7350
5280.0000 165.0000 21.3190 6.3270
5280.0000 59.0000 1.8760 -4.2830
5280.0000 200.0000 -13.3260 -8.7350
5280.0000 49.0000 3.7230 12.6120
5280.0000 71.0000 1.6800 -2.2120
5292.0000 59.0000 1.8760 -4.2830
5292.0000 49.0000 3.8070 12.1640
5292.0000 71.0000 1.4560 -2.3240
5292.0000 48.0000 -14.5860 -10.1200
5292.0000 200.0000 -13.3260 -8.7350
5292.0000 165.0000 21.3190 6.3270
5304.0000 49.0000 3.8910 11.6600
5304.0000 59.0000 1.8760 -4.2830
5304.0000 48.0000 -14.5860 -10.1200
5304.0000 200.0000 -13.3260 -8.7350
5304.0000 165.0000 21.3190 6.3270
5316.0000 48.0000 -14.5860 -10.1480
5316.0000 165.0000 21.3190 6.3270
5316.0000 200.0000 -13.3260 -8.7350
5316.0000 59.0000 1.8760 -4.2830
5316.0000 49.0000 3.9610 11.1420
5328.0000 200.0000 -13.2420 -8.7350
5328.0000 59.0000 1.8760 -4.2830
5328.0000 48.0000 -14.6700 -10.1760
5328.0000 165.0000 21.3190 6.3270
5340.0000 165.0000 21.3190 6.3270
5340.0000 48.0000 -14.6700 -10.1760
5352.0000 165.0000 21.3190 6.3270
5352.0000 48.0000 -14.6700 -10.2040
5364.0000 48.0000 -14.6700 -10.2040
5364.0000 165.0000 21.3190 6.3270
5376.0000 48.0000 -14.9780 -10.2740
5448.0000 72.0000 1.9320 -3.4710
5460.0000 72.0000 1.9880 -3.4710
5472.0000 72.0000 2.0720 -3.5550
5484.0000 201.0000 -9.0150 -10.6520
5484.0000 192.0000 -4.9410 14.5580
5484.0000 60.0000 1.8760 -4.2830
5484.0000 72.0000 2.1560 -3.5550
5496.0000 60.0000 1.8760 -4.2830
5496.0000 74.0000 3.6950 -2.7720
5496.0000 201.0000 -8.3990 -10.7780
5496.0000 72.0000 2.1560 -3.4710
5496.0000 192.0000 -4.9970 14.1800
5508.0000 201.0000 -7.8530 -10.8480
5508.0000 60.0000 1.8340 -4.3110
5508.0000 74.0000 3.1920 -2.5900
5508.0000 72.0000 2.2400 -3.4150
5508.0000 192.0000 -5.0810 13.7600
5520.0000 166.0000 21.3190 6.3270
5520.0000 74.0000 2.8420 -2.2680
5520.0000 201.0000 -7.3210 -10.8480
5520.0000 72.0000 2.2680 -3.3310
5520.0000 60.0000 1.8340 -4.3110
5520.0000 192.0000 -5.0810 13.2560
5532.0000 166.0000 21.3190 6.3270
5532.0000 72.0000 2.3100 -3.2470
5532.0000 74.0000 2.5340 -1.9880
5532.0000 201.0000 -6.7050 -10.8480
5532.0000 192.0000 -5.0810 12.7800
5532.0000 60.0000 1.8340 -4.3110
5544.0000 166.0000 21.3190 6.3270
5544.0000 74.0000 2.1840 -1.6660
5544.0000 192.0000 -5.1650 12.3320
5544.0000 201.0000 -6.1590 -10.8760
5544.0000 60.0000 1.8340 -4.3110
5544.0000 205.0000 -18.6730 -6.6350
5556.0000 201.0000 -5.6270 -10.8760
5556.0000 205.0000 -18.1410 -6.6350
5556.0000 60.0000 1.8340 -4.3110
5556.0000 74.0000 1.8480 -1.3440
5556.0000 192.0000 -5.1650 11.8140
5556.0000 166.0000 21.3190 6.3270
5568.0000 74.0000 1.6100 -1.0220
5568.0000 205.0000 -17.5950 -6.6350
5568.0000 60.0000 1.8340 -4.3110
5568.0000 192.0000 -5.1650 11.3380
5568.0000 166.0000 21.3190 6.3270
5568.0000 201.0000 -5.0810 -10.9040
5580.0000 205.0000 -17.0490 -6.5790
5580.0000 166.0000 21.3190 6.3690
5580.0000 74.0000 1.8480 -0.6440
5592.0000 166.0000 21.3190 6.3690
5592.0000 205.0000 -16.5170 -6.5790
5604.0000 166.0000 21.3610 6.3690
5604.0000 205.0000 -15.9860 -6.5790
5616.0000 205.0000 -15.4400 -6.5090
5628.0000 205.0000 -14.8940 -6.5090
5676.0000 197.0000 -18.9810 2.7300
5676.0000 195.0000 -19.1770 0.7280
5688.0000 195.0000 -19.1770 0.7280
5688.0000 73.0000 1.7780 -2.8420
5688.0000 197.0000 -18.9810 2.7300
5700.0000 73.0000 1.6940 -2.7860
5700.0000 197.0000 -18.8270 2.3520
5700.0000 195.0000 -19.0230 0.3360
5712.0000 197.0000 -18.6030 1.8340
5712.0000 195.0000 -18.8690 -0.0700
5712.0000 73.0000 1.6100 -2.7860
5724.0000 193.0000 -5.5570 5.0250
5724.0000 61.0000 1.8060 -4.2830
5724.0000 197.0000 -18.3650 1.3860
5724.0000 73.0000 1.6100 -2.7860
5724.0000 202.0000 2.1560 -11.0300
5724.0000 195.0000 -18.6310 -0.4760
5736.0000 193.0000 -5.5570 4.5910
5736.0000 73.0000 1.5260 -2.7160
5736.0000 197.0000 -18.1270 0.9380
5736.0000 75.0000 7.0830 2.2260
5736.0000 195.0000 -18.4070 -0.9240
5736.0000 202.0000 2.6880 -11.0720
5736.0000 61.0000 1.8060 -4.2830
5748.0000 202.0000 3.2340 -11.0720
5748.0000 75.0000 7.6990 2.2820
5748.0000 193.0000 -5.5570 4.0730
5748.0000 61.0000 1.8060 -4.2830
5748.0000 195.0000 -18.2530 -1.3160
5748.0000 73.0000 1.4700 -2.7160
5748.0000 197.0000 -17.9030 0.5040
5760.0000 61.0000 1.8060 -4.2830
5760.0000 167.0000 21.3890 6.4950
5760.0000 75.0000 8.3150 2.3520
5760.0000 73.0000 1.3860 -2.6600
5760.0000 193.0000 -5.5570 3.5830
5760.0000 202.0000 3.7650 -11.0720
5760.0000 195.0000 -18.0150 -1.7640
5760.0000 197.0000 -17.6790 0.0560
5772.0000 167.0000 21.3890 6.4950
5772.0000 202.0000 4.3110 -11.1280
5772.0000 75.0000 8.8470 2.4220
5772.0000 193.0000 -5.4730 2.9680
5772.0000 73.0000 1.3020 -2.6600
5772.0000 61.0000 1.8060 -4.2830
5784.0000 193.0000 -5.3890 2.3240
5784.0000 202.0000 4.7730 -11.1980
5784.0000 206.0000 -8.0910 -5.5850
5784.0000 167.0000 21.3890 6.4950
5784.0000 61.0000 1.8060 -4.2830
5784.0000 75.0000 9.5470 2.4780
5796.0000 193.0000 -5.2490 1.7360
5796.0000 206.0000 -7.5450 -5.3890
5796.0000 167.0000 21.3890 6.5370
5796.0000 202.0000 5.2350 -11.2540
5796.0000 61.0000 1.8060 -4.2830
5796.0000 75.0000 10.2320 2.4780
5808.0000 206.0000 -7.0830 -5.1790
5808.0000 202.0000 5.6970 -11.3240
5808.0000 167.0000 21.4310 6.5370
5808.0000 75.0000 10.9320 2.4780
5808.0000 61.0000 1.8060 -4.2830
5808.0000 193.0000 -5.1650 1.1200
5820.0000 167.0000 21.4310 6.5370
5820.0000 75.0000 11.7020 2.4780
5820.0000 206.0000 -6.5510 -4.9410
5832.0000 167.0000 21.4310 6.5370
5832.0000 206.0000 -6.0890 -4.7590
5844.0000 167.0000 21.4310 6.5370
5844.0000 206.0000 -5.5430 -4.5350
5844.0000 266.0000 0.4200 14.6280
5856.0000 206.0000 -5.0810 -4.3110
5856.0000 266.0000 0.4200 14.4320
5868.0000 206.0000 -4.5490 -4.1150
5868.0000 266.0000 0.4200 14.2360
5880.0000 266.0000 0.4900 14.0400
5892.0000 266.0000 0.4900 13.8580
5904.0000 266.0000 0.5740 13.6060
5916.0000 266.0000 0.5740 13.4100
5916.0000 196.0000 -14.3200 -6.5090
5916.0000 198.0000 -13.9420 -4.7170
5928.0000 266.0000 0.5740 13.2280
5928.0000 196.0000 -13.9420 -6.7610
5928.0000 198.0000 -13.5920 -5.0530
5940.0000 196.0000 -13.5500 -7.0830
5940.0000 198.0000 -13.2420 -5.3050
5952.0000 196.0000 -13.1720 -7.4050
5952.0000 198.0000 -12.8640 -5.5570
5964.0000 203.0000 11.5480 -12.1500
5964.0000 194.0000 -6.5370 -6.2150
5964.0000 198.0000 -12.5560 -5.8090
5964.0000 196.0000 -12.7800 -7.6570
5976.0000 198.0000 -12.1640 -6.0610
5976.0000 203.0000 12.0100 -12.2200
5976.0000 196.0000 -12.4020 -7.9790
5976.0000 194.0000 -6.7050 -6.7330
5988.0000 196.0000 -11.9400 -8.2310
5988.0000 203.0000 12.4720 -12.2760
5988.0000 198.0000 -11.7860 -6.3130
5988.0000 194.0000 -6.8450 -7.3070
6000.0000 168.0000 21.5150 6.6770
6000.0000 194.0000 -7.0130 -7.8110
6000.0000 280.0000 22.9420 3.5270
6000.0000 196.0000 -11.7020 -8.5530
6000.0000 198.0000 -11.4780 -6.7050
6000.0000 203.0000 12.9340 -12.3180
6012.0000 203.0000 13.2700 -12.3740
6012.0000 168.0000 21.5150 6.6490
6012.0000 280.0000 22.9420 4.1010
6012.0000 194.0000 -7.4330 -8.2310
6024.0000 207.0000 2.6040 -1.3860
6024.0000 280.0000 23.0120 4.6750
6024.0000 168.0000 21.5150 6.6490
6024.0000 203.0000 13.7040 -12.3740
6024.0000 194.0000 -7.8250 -8.5810
6036.0000 194.0000 -8.1750 -8.9590
6036.0000 168.0000 21.5150 6.6490
6036.0000 207.0000 3.2200 -1.3160
6036.0000 203.0000 14.1240 -12.4300
6036.0000 280.0000 23.0120 5.2490
6048.0000 280.0000 23.0960 5.8230
6048.0000 203.0000 14.5160 -12.4300
6048.0000 207.0000 3.7790 -1.2460
6048.0000 194.0000 -8.5810 -9.3090
6048.0000 168.0000 21.5150 6.6490
6060.0000 280.0000 23.0960 6.3970
6060.0000 168.0000 21.5150 6.6490
6060.0000 207.0000 4.3950 -1.1900
6072.0000 168.0000 21.5150 6.6490
6072.0000 280.0000 23.1660 6.9710
6072.0000 207.0000 4.9270 -1.1620
6084.0000 207.0000 5.5430 -1.0780
6084.0000 267.0000 1.2320 10.8060
6084.0000 168.0000 21.5150 6.6490
6084.0000 280.0000 23.1660 7.4890
6096.0000 207.0000 6.0750 -1.0220
6096.0000 267.0000 1.1480 10.6100
6108.0000 207.0000 6.6910 -0.9940
6108.0000 267.0000 1.1480 10.4140
6120.0000 267.0000 1.1480 10.2180
6132.0000 267.0000 1.0780 10.0640
6144.0000 267.0000 1.0780 9.8820
6156.0000 267.0000 0.9940 9.6870
6168.0000 267.0000 0.9940 9.4910
6204.0000 204.0000 14.8240 -13.0180
6216.0000 204.0000 14.8240 -13.0180
6228.0000 204.0000 14.8240 -13.0740
6240.0000 169.0000 21.5150 6.6490
6240.0000 281.0000 22.6350 11.4360
6240.0000 204.0000 14.8240 -13.0740
6252.0000 281.0000 22.6350 11.4360
6252.0000 169.0000 21.5570 6.6770
6252.0000 204.0000 14.8240 -13.0740
6264.0000 204.0000 14.8240 -13.0740
6264.0000 281.0000 22.6350 11.4360
6264.0000 169.0000 21.5570 6.6770
6276.0000 281.0000 22.6350 11.4360
6276.0000 169.0000 21.5570 6.6770
6276.0000 204.0000 14.8240 -13.0740
6288.0000 204.0000 14.8240 -13.0740
6288.0000 169.0000 21.5570 6.6770
6288.0000 281.0000 22.6350 11.4360
6300.0000 169.0000 21.5570 6.6770
6300.0000 281.0000 22.6350 11.4920
6312.0000 281.0000 22.6350 11.4920
6312.0000 169.0000 21.5570 6.6770
6324.0000 281.0000 22.6350 11.4920
6324.0000 268.0000 1.5400 7.1950
6324.0000 169.0000 21.5570 6.6770
6336.0000 112.0000 1.7360 -2.2680
6336.0000 268.0000 1.5400 6.9990
6348.0000 268.0000 1.8480 6.5510
6348.0000 112.0000 1.3720 -2.2680
6360.0000 268.0000 2.1560 6.1030
6360.0000 112.0000 1.0080 -2.2680
6372.0000 268.0000 2.4640 5.6550
6372.0000 112.0000 0.7000 -2.2680
6384.0000 112.0000 0.3080 -2.2680
6384.0000 268.0000 2.6880 5.2070
6396.0000 268.0000 2.9960 4.7730
6396.0000 112.0000 0.0000 -2.2680
6396.0000 272.0000 -2.1980 -14.4600
6408.0000 268.0000 3.3030 4.2550
6408.0000 112.0000 -0.3080 -2.2680
6408.0000 272.0000 -2.9260 -14.6280
6420.0000 112.0000 -0.7000 -2.2960
6420.0000 272.0000 -3.4710 -14.6280
6432.0000 272.0000 -4.0030 -14.6280
6444.0000 272.0000 -4.5490 -14.6280
6456.0000 272.0000 -5.1650 -14.6280
6468.0000 272.0000 -5.7810 -14.6280
6480.0000 272.0000 -6.3130 -14.5720
6480.0000 170.0000 21.5570 6.6770
6480.0000 282.0000 22.5510 11.4920
6492.0000 170.0000 21.5570 6.6770
6492.0000 282.0000 22.6350 11.4360
6504.0000 282.0000 22.7460 11.3800
6504.0000 170.0000 21.5570 6.6490
6504.0000 102.0000 1.8060 -4.0870
6516.0000 170.0000 21.5570 6.6490
6516.0000 102.0000 1.8060 -4.0870
6516.0000 282.0000 22.7460 11.3800
6528.0000 282.0000 22.7460 11.4360
6528.0000 102.0000 1.8060 -4.0870
6528.0000 170.0000 21.5570 6.6490
6540.0000 170.0000 21.5570 6.6490
6540.0000 102.0000 1.8060 -4.0870
6540.0000 282.0000 22.7460 11.4920
6552.0000 102.0000 1.8060 -4.0870
6552.0000 170.0000 21.5570 6.6210
6552.0000 282.0000 22.7460 11.5200
6564.0000 170.0000 21.5570 6.6210
6564.0000 102.0000 1.8060 -4.0870
6564.0000 269.0000 9.4770 2.0020
6564.0000 282.0000 22.7460 11.5620
6576.0000 102.0000 1.8060 -4.0870
6576.0000 269.0000 10.0080 1.7500
6576.0000 113.0000 -2.7720 -2.2680
6588.0000 102.0000 1.8060 -4.0870
6588.0000 269.0000 10.4980 1.4840
6588.0000 113.0000 -2.3100 -2.2680
6600.0000 269.0000 11.1140 1.4280
6600.0000 113.0000 -1.9320 -2.1980
6612.0000 113.0000 -1.5400 -2.1980
6612.0000 269.0000 11.6600 1.4000
6624.0000 269.0000 12.2060 1.3580
6624.0000 113.0000 -1.2320 -2.2680
6636.0000 269.0000 12.7380 1.3300
6636.0000 113.0000 -1.0080 -2.3380
6648.0000 113.0000 -0.7000 -2.3940
6648.0000 269.0000 13.2700 1.3300
6660.0000 113.0000 -0.3080 -2.4640
6720.0000 283.0000 22.7460 12.1360
6720.0000 171.0000 21.5150 6.4950
6732.0000 171.0000 21.5150 6.4950
6732.0000 283.0000 22.7460 12.1640
6744.0000 171.0000 21.5150 6.4950
6744.0000 103.0000 1.8060 -4.0870
6744.0000 283.0000 22.7460 12.2340
6756.0000 103.0000 1.8060 -4.0870
6756.0000 283.0000 22.7460 12.2340
6756.0000 171.0000 21.5150 6.4250
6768.0000 283.0000 22.6620 12.2900
6768.0000 171.0000 21.5150 6.4250
6768.0000 103.0000 1.8060 -4.0870
6780.0000 171.0000 21.5150 6.4250
6780.0000 283.0000 22.5930 12.2900
6780.0000 103.0000 1.8060 -4.0870
6792.0000 171.0000 21.5150 6.4250
6792.0000 283.0000 22.5930 12.2900
6792.0000 103.0000 1.8060 -4.0870
6804.0000 103.0000 1.8060 -4.0870
6804.0000 171.0000 21.5150 6.3970
6804.0000 283.0000 22.5230 12.2900
6816.0000 103.0000 1.8060 -4.0870
6816.0000 114.0000 0.7700 -2.7580
6828.0000 103.0000 1.8060 -4.0870
6828.0000 114.0000 0.7700 -2.7580
6840.0000 114.0000 0.7700 -2.6740
6852.0000 114.0000 0.7700 -2.6740
6864.0000 114.0000 0.6860 -2.6740
6876.0000 114.0000 0.4620 -2.6740
6888.0000 114.0000 0.2240 -2.6740
6900.0000 114.0000 0.1540 -2.8140
6960.0000 284.0000 21.8230 12.3600
6960.0000 172.0000 21.4730 6.2710
6972.0000 284.0000 21.7390 12.3600
6972.0000 172.0000 21.4730 6.2710
6984.0000 172.0000 21.4730 6.2710
6984.0000 104.0000 1.8060 -4.0870
6984.0000 284.0000 21.7390 12.4300
6996.0000 172.0000 21.4730 6.2710
6996.0000 285.0000 15.0480 -12.1920
6996.0000 104.0000 1.8060 -4.0870
6996.0000 284.0000 21.7390 12.4300
7008.0000 104.0000 1.7640 -4.1150
7008.0000 285.0000 15.1320 -12.5280
7008.0000 284.0000 21.8230 12.3600
7008.0000 172.0000 21.4450 6.2430
7020.0000 284.0000 21.8230 12.3600
7020.0000 285.0000 15.2020 -12.6680
7020.0000 172.0000 21.4450 6.2430
7020.0000 104.0000 1.7640 -4.1150
7032.0000 285.0000 15.2720 -12.6680
7032.0000 104.0000 1.7640 -4.1150
7032.0000 284.0000 21.8230 12.3600
7032.0000 172.0000 21.4450 6.2430
7044.0000 104.0000 1.7640 -4.1150
7044.0000 285.0000 15.2720 -12.5980
7044.0000 172.0000 21.4450 6.2430
7044.0000 284.0000 21.8230 12.3600
7056.0000 285.0000 15.1320 -12.4720
7056.0000 115.0000 0.0280 -2.8700
7056.0000 104.0000 1.7640 -4.1150
7068.0000 104.0000 1.7640 -4.1150
7068.0000 285.0000 14.7400 -12.3320
7068.0000 115.0000 0.0280 -2.8700
7080.0000 285.0000 14.3480 -12.2200
7080.0000 115.0000 0.0700 -2.8700
7092.0000 115.0000 0.1540 -2.8700
7104.0000 115.0000 0.1540 -2.8700
7116.0000 115.0000 0.2380 -2.8700
7128.0000 115.0000 0.2660 -2.8700
7140.0000 115.0000 0.3360 -2.8700
7200.0000 173.0000 21.2350 6.2430
7212.0000 173.0000 21.2350 6.2430
7224.0000 173.0000 21.2350 6.2710
7224.0000 105.0000 1.8060 -4.2130
7236.0000 173.0000 21.2350 6.2710
7236.0000 286.0000 3.2610 -11.4500
7236.0000 105.0000 1.8060 -4.2130
7248.0000 173.0000 21.2350 6.2710
7248.0000 286.0000 2.0720 -11.4500
7248.0000 105.0000 1.8060 -4.2130
7260.0000 286.0000 0.6160 -11.5200
7260.0000 173.0000 21.1790 6.2430
7260.0000 105.0000 1.8060 -4.1850
7272.0000 286.0000 -0.8540 -11.5760
7272.0000 105.0000 1.8060 -4.1850
7272.0000 173.0000 21.1790 6.2430
7284.0000 173.0000 21.1790 6.2430
7284.0000 286.0000 -2.3100 -11.6040
7284.0000 105.0000 1.8060 -4.1850
7296.0000 105.0000 1.8060 -4.2130
7296.0000 116.0000 0.9240 -2.8700
7296.0000 286.0000 -3.7790 -11.6320
7308.0000 116.0000 0.9240 -2.8700
7308.0000 286.0000 -5.2350 -11.7160
7308.0000 105.0000 1.8060 -4.2130
7320.0000 286.0000 -6.7050 -11.7440
7320.0000 116.0000 0.9660 -2.8700
7332.0000 116.0000 1.0360 -2.8700
7344.0000 116.0000 1.0360 -2.8700
7356.0000 116.0000 1.1060 -2.8700
7368.0000 116.0000 1.1060 -2.8700
7380.0000 116.0000 1.1060 -2.8700
7440.0000 174.0000 20.9690 6.2710
7452.0000 174.0000 20.9690 6.2710
7464.0000 174.0000 20.9690 6.2710
7464.0000 106.0000 1.8480 -4.2830
7476.0000 174.0000 20.9690 6.2710
7476.0000 287.0000 -18.9760 -11.9320
7476.0000 106.0000 1.8480 -4.2830
7488.0000 287.0000 -18.9690 -11.9490
7488.0000 106.0000 1.8480 -4.2830
7488.0000 174.0000 20.9690 6.2710
7500.0000 287.0000 -18.9620 -11.9650
7500.0000 106.0000 1.8900 -4.2550
7500.0000 174.0000 20.9690 6.2990
7512.0000 174.0000 20.9690 6.2710
7512.0000 287.0000 -18.9550 -11.9810
7512.0000 106.0000 1.8060 -4.2550
7524.0000 106.0000 1.8060 -4.2550
7524.0000 174.0000 20.9690 6.2710
7524.0000 287.0000 -18.9480 -11.9980
7536.0000 287.0000 -18.9410 -12.0140
7536.0000 117.0000 1.0360 -2.9540
7536.0000 106.0000 1.8060 -4.2550
7548.0000 106.0000 1.8060 -4.2550
7548.0000 287.0000 -18.9340 -12.0300
7548.0000 117.0000 1.0080 -2.9540
7560.0000 287.0000 -18.9270 -12.0470
7560.0000 117.0000 1.0080 -2.9540
7572.0000 117.0000 1.0080 -2.9540
7584.0000 117.0000 0.9660 -2.9820
7596.0000 117.0000 0.9660 -2.9820
7608.0000 117.0000 0.9660 -2.9820
7620.0000 117.0000 0.9240 -2.9820
7656.0000 289.0000 11.8140 -6.0050
7668.0000 289.0000 11.3520 -6.2150
7668.0000 89.0000 1.5260 14.5020
7680.0000 289.0000 10.9740 -6.4110
7680.0000 175.0000 21.1370 6.2990
7680.0000 89.0000 1.5260 14.1100
7692.0000 289.0000 10.5400 -6.6070
7692.0000 175.0000 21.1370 6.3270
7692.0000 89.0000 1.5680 13.9140
7704.0000 107.0000 1.7220 -4.2130
7704.0000 89.0000 1.6100 13.8020
7704.0000 175.0000 21.2070 6.3270
7704.0000 289.0000 10.0780 -6.8310
7716.0000 89.0000 1.6520 13.6620
7716.0000 288.0000 -18.8360 -12.2590
7716.0000 175.0000 21.2070 6.3270
7716.0000 289.0000 9.7010 -7.0270
7716.0000 107.0000 1.7220 -4.2130
7728.0000 107.0000 1.7220 -4.2130
7728.0000 89.0000 1.7360 13.5080
7728.0000 175.0000 21.2070 6.3270
7728.0000 289.0000 9.2390 -7.1390
7728.0000 288.0000 -18.8290 -12.2750
7740.0000 107.0000 1.7220 -4.2130
7740.0000 289.0000 8.7770 -7.2790
7740.0000 288.0000 -18.8220 -12.2920
7740.0000 175.0000 21.2070 6.3270
7740.0000 89.0000 1.7640 13.3540
7752.0000 175.0000 21.2490 6.3270
7752.0000 288.0000 -18.8150 -12.3080
7752.0000 89.0000 1.8060 13.1860
7752.0000 107.0000 1.6520 -4.1850
7764.0000 175.0000 21.2490 6.3270
7764.0000 107.0000 1.6520 -4.1850
7764.0000 288.0000 -18.8080 -12.3240
7776.0000 288.0000 -18.8010 -12.3410
7776.0000 107.0000 1.6520 -4.1850
7776.0000 118.0000 0.7700 -3.0660
7788.0000 118.0000 0.7700 -3.0660
7788.0000 288.0000 -18.3230 -12.4720
7788.0000 107.0000 1.6520 -4.1850
7800.0000 288.0000 -17.5670 -12.6540
7800.0000 118.0000 0.6860 -3.0660
7812.0000 118.0000 0.6860 -3.0100
7824.0000 118.0000 0.6860 -2.9400
7836.0000 118.0000 0.6860 -2.8840
7848.0000 118.0000 0.6860 -2.8560
7860.0000 118.0000 0.6860 -2.8140
7884.0000 292.0000 21.8650 -3.1080
7896.0000 292.0000 21.4730 -3.1080
7896.0000 290.0000 2.7720 -7.5870
7908.0000 290.0000 2.2260 -7.5870
7908.0000 90.0000 2.1560 9.6870
7908.0000 292.0000 21.1650 -3.1080
7920.0000 90.0000 2.2260 9.4350
7920.0000 292.0000 20.7870 -3.1080
7920.0000 176.0000 21.4310 6.3690
7920.0000 290.0000 1.6940 -7.5870
7932.0000 292.0000 20.4790 -3.1640
7932.0000 290.0000 1.2320 -7.5870
7932.0000 90.0000 2.2260 9.2950
7932.0000 176.0000 21.4310 6.3690
7944.0000 292.0000 20.3950 -3.5410
7944.0000 290.0000 0.6860 -7.5870
7944.0000 108.0000 1.5680 -4.1570
7944.0000 176.0000 21.4310 6.3970
7944.0000 90.0000 2.3100 9.0990
7956.0000 108.0000 1.5680 -4.1570
7956.0000 176.0000 21.4730 6.3970
7956.0000 90.0000 2.3800 8.9170
7956.0000 292.0000 20.2410 -3.9330
7956.0000 290.0000 0.1540 -7.6570
7968.0000 108.0000 1.5680 -4.1570
7968.0000 292.0000 20.0870 -4.3110
7968.0000 176.0000 21.4730 6.3970
7968.0000 90.0000 2.3800 8.7350
7968.0000 290.0000 -0.3080 -7.6570
7980.0000 176.0000 21.4730 6.3970
7980.0000 290.0000 -0.7700 -7.6570
7980.0000 90.0000 2.4640 8.5390
7980.0000 108.0000 1.5680 -4.1570
7992.0000 176.0000 21.4730 6.3970
7992.0000 90.0000 2.4640 8.3430
7992.0000 108.0000 1.5680 -4.1570
8004.0000 108.0000 1.5680 -4.1290
8004.0000 294.0000 -12.0520 -1.4140
8004.0000 176.0000 21.5990 6.6490
8016.0000 294.0000 -12.0520 -1.4140
8016.0000 108.0000 1.5680 -4.1290
8016.0000 119.0000 0.8820 -2.3660
8028.0000 119.0000 0.9100 -2.4220
8028.0000 294.0000 -12.0520 -1.4140
8028.0000 108.0000 1.5680 -4.1290
8040.0000 294.0000 -12.0520 -1.4140
8040.0000 119.0000 0.9520 -2.5060
8052.0000 294.0000 -12.0520 -1.4140
8052.0000 119.0000 1.0780 -2.5620
8064.0000 294.0000 -12.0520 -1.4140
8064.0000 119.0000 1.1060 -2.6460
8076.0000 119.0000 1.1480 -2.7160
8076.0000 294.0000 -12.0520 -1.4140
8088.0000 294.0000 -12.0520 -1.4140
8088.0000 119.0000 1.1900 -2.7440
8100.0000 119.0000 1.1900 -2.8140
8124.0000 293.0000 18.8970 -9.6310
8136.0000 293.0000 18.8270 -10.0780
8136.0000 291.0000 -6.5510 -7.0270
8148.0000 293.0000 18.7010 -10.4840
8148.0000 91.0000 3.4990 4.6750
8148.0000 291.0000 -6.9710 -6.9570
8160.0000 177.0000 21.5990 6.6490
8160.0000 291.0000 -7.4330 -6.8870
8160.0000 91.0000 3.5830 4.2270
8160.0000 293.0000 18.6310 -10.9040
8172.0000 291.0000 -7.8530 -6.8310
8172.0000 293.0000 18.5890 -11.3240
8172.0000 91.0000 3.7230 3.7230
8172.0000 86.0000 10.9740 -14.8240
8172.0000 177.0000 21.5990 6.6490
8184.0000 293.0000 18.8130 -11.5200
8184.0000 291.0000 -8.2870 -6.7610
8184.0000 109.0000 1.5680 -4.1010
8184.0000 86.0000 10.6240 -14.5160
8184.0000 91.0000 3.8070 3.2750
8184.0000 177.0000 21.5990 6.6490
8196.0000 293.0000 19.1210 -11.6320
8196.0000 109.0000 1.5680 -4.1010
8196.0000 177.0000 21.5990 6.6490
8196.0000 86.0000 10.3160 -14.1240
8196.0000 91.0000 3.8910 2.8280
8196.0000 291.0000 -8.7350 -6.7050
8208.0000 109.0000 1.5680 -4.1010
8208.0000 91.0000 4.1150 2.3800
8208.0000 177.0000 21.5990 6.6490
8208.0000 293.0000 19.4290 -11.8280
8208.0000 86.0000 10.0080 -13.7460
8208.0000 291.0000 -9.1690 -6.6350
8220.0000 91.0000 4.4230 1.9320
8220.0000 177.0000 21.5990 6.6490
8220.0000 291.0000 -9.5890 -6.6070
8220.0000 109.0000 1.5680 -4.1010
8220.0000 86.0000 9.7010 -13.4240
8232.0000 109.0000 1.5680 -4.1010
8232.0000 91.0000 4.8150 1.4840
8232.0000 86.0000 9.3930 -13.0460
8232.0000 177.0000 21.5990 6.6490
8244.0000 86.0000 8.8890 -12.6540
8244.0000 177.0000 21.5990 6.6490
8244.0000 109.0000 1.5680 -4.1010
8244.0000 295.0000 -12.0520 -1.4140
8256.0000 120.0000 0.8820 -2.8140
8256.0000 86.0000 8.4270 -12.2760
8256.0000 295.0000 -12.0520 -1.4140
8256.0000 109.0000 1.6100 -4.1010
8268.0000 295.0000 -12.0520 -1.4140
8268.0000 120.0000 0.8820 -2.8140
8268.0000 109.0000 1.6100 -4.1010
8280.0000 295.0000 -12.0520 -1.4140
8280.0000 120.0000 0.8820 -2.8140
8292.0000 295.0000 -12.0520 -1.4140
8292.0000 120.0000 0.8820 -2.8140
8304.0000 295.0000 -12.0520 -1.4140
8304.0000 120.0000 0.8820 -2.8140
8316.0000 120.0000 0.8820 -2.8140
8316.0000 295.0000 -12.0520 -1.4140
8328.0000 120.0000 0.8820 -2.8140
8328.0000 295.0000 -12.0520 -1.4140
8340.0000 120.0000 0.8820 -2.8140
8352.0000 228.0000 -19.4150 -12.2200
8352.0000 233.0000 -19.1350 -13.2140
8364.0000 228.0000 -18.8550 -12.2200
8364.0000 233.0000 -18.5890 -13.2140
8376.0000 233.0000 -18.1410 -13.1300
8376.0000 228.0000 -18.3230 -12.1640
8388.0000 233.0000 -17.5950 -13.0740
8388.0000 92.0000 9.0430 -3.5410
8388.0000 228.0000 -17.7910 -12.0800
8400.0000 92.0000 9.3510 -3.9330
8400.0000 233.0000 -17.0490 -13.0180
8400.0000 178.0000 21.5990 6.6490
8400.0000 228.0000 -17.2590 -12.0800
8412.0000 178.0000 21.5990 6.6490
8412.0000 233.0000 -16.6010 -13.0180
8412.0000 87.0000 5.1930 -5.7110
8412.0000 228.0000 -16.6990 -12.0240
8412.0000 92.0000 9.6590 -4.2550
8424.0000 233.0000 -16.0560 -12.9480
8424.0000 87.0000 4.9690 -5.1370
8424.0000 92.0000 9.9660 -4.6330
8424.0000 110.0000 1.6100 -4.0590
8424.0000 178.0000 21.5990 6.6490
8424.0000 228.0000 -16.1680 -12.0240
8436.0000 178.0000 21.5990 6.6490
8436.0000 87.0000 4.7310 -4.5630
8436.0000 92.0000 10.3580 -5.0110
8436.0000 233.0000 -15.5940 -12.8780
8436.0000 228.0000 -15.6360 -11.9680
8436.0000 110.0000 1.6100 -4.0590
8448.0000 110.0000 1.6100 -4.0590
8448.0000 92.0000 10.7360 -5.5150
8448.0000 178.0000 21.5990 6.6490
8448.0000 87.0000 4.4930 -3.9890
8460.0000 110.0000 1.6100 -4.0590
8460.0000 87.0000 4.2690 -3.4150
8460.0000 178.0000 21.5990 6.6490
8460.0000 92.0000 11.1140 -5.9630
8472.0000 87.0000 3.9610 -2.9120
8472.0000 178.0000 21.5990 6.6490
8472.0000 92.0000 11.5060 -6.4810
8472.0000 110.0000 1.6100 -4.0590
8484.0000 87.0000 3.5690 -2.3940
8484.0000 178.0000 21.5990 6.6490
8484.0000 110.0000 1.6100 -4.0590
8496.0000 87.0000 3.1920 -1.9600
8496.0000 110.0000 1.6100 -4.0590
8496.0000 121.0000 0.8820 -2.8140
8508.0000 110.0000 1.6100 -4.0310
8508.0000 121.0000 0.8400 -2.8840
8520.0000 121.0000 0.8400 -2.8840
8532.0000 121.0000 0.8400 -2.8840
8544.0000 121.0000 0.8400 -2.8840
8556.0000 121.0000 0.8400 -2.8840
8568.0000 121.0000 0.8400 -2.8840
8580.0000 121.0000 0.8400 -2.8840
8592.0000 229.0000 -8.9730 -10.9740
8592.0000 234.0000 -8.7770 -11.9260
8604.0000 229.0000 -8.4690 -10.8760
8604.0000 234.0000 -8.2450 -11.8700
8616.0000 229.0000 -7.9790 -10.7780
8616.0000 234.0000 -7.7830 -11.8700
8628.0000 229.0000 -7.5030 -10.6940
8628.0000 234.0000 -7.3210 -11.8000
8640.0000 179.0000 21.5850 6.6630
8640.0000 234.0000 -6.8590 -11.7300
8640.0000 229.0000 -6.9710 -10.6240
8652.0000 229.0000 -6.5090 -10.4980
8652.0000 234.0000 -6.3970 -11.6740
8652.0000 88.0000 -1.8900 2.7720
8652.0000 179.0000 21.5850 6.6630
8664.0000 229.0000 -5.9630 -10.4280
8664.0000 88.0000 -2.2820 3.1360
8664.0000 179.0000 21.5850 6.6630
8664.0000 111.0000 1.6100 -4.0310
8664.0000 234.0000 -5.8510 -11.6740
8676.0000 229.0000 -5.5150 -10.3580
8676.0000 111.0000 1.6100 -4.0310
8676.0000 234.0000 -5.3190 -11.6740
8676.0000 88.0000 -2.6600 3.4710
8676.0000 179.0000 21.6270 6.6210
8688.0000 179.0000 21.6270 6.6210
8688.0000 111.0000 1.6520 -4.0310
8688.0000 88.0000 -2.8980 3.9750
8700.0000 111.0000 1.6520 -4.0310
8700.0000 179.0000 21.6270 6.6210
8700.0000 88.0000 -3.0380 4.6190
8712.0000 179.0000 21.5850 6.6210
8712.0000 88.0000 -3.2060 5.2630
8712.0000 111.0000 1.6520 -4.0310
8724.0000 88.0000 -3.3450 5.8790
8724.0000 179.0000 21.6270 6.6210
8724.0000 111.0000 1.6520 -4.0310
8736.0000 88.0000 -3.5830 6.5230
8736.0000 111.0000 1.6520 -4.0310
8736.0000 122.0000 0.7700 -2.9400
8748.0000 111.0000 1.6520 -4.0310
8748.0000 122.0000 0.7700 -2.9400
8760.0000 122.0000 0.7280 -2.9400
8772.0000 122.0000 0.7280 -2.9400
8784.0000 122.0000 0.7280 -2.9400
8796.0000 122.0000 0.7280 -2.9400
8808.0000 122.0000 0.7280 -2.9680
8820.0000 122.0000 0.7280 -2.9680
8832.0000 230.0000 1.4280 -9.8540
8832.0000 235.0000 1.5400 -10.8480
8844.0000 230.0000 2.0440 -9.8540
8844.0000 235.0000 2.0720 -10.7780
8856.0000 230.0000 2.5760 -9.8540
8856.0000 235.0000 2.6180 -10.7780
8868.0000 230.0000 3.1080 -9.7980
8868.0000 235.0000 3.1500 -10.7220
8880.0000 230.0000 3.5830 -9.7280
8880.0000 180.0000 21.6690 6.6490
8880.0000 235.0000 3.6950 -10.6520
8892.0000 230.0000 4.0310 -9.6590
8892.0000 180.0000 21.7110 6.6490
8892.0000 235.0000 4.1570 -10.5960
8904.0000 180.0000 21.6690 6.6490
8904.0000 230.0000 4.5770 -9.6030
8904.0000 235.0000 4.5770 -10.4560
8916.0000 235.0000 5.0110 -10.3020
8916.0000 230.0000 5.0390 -9.5470
8916.0000 180.0000 21.6690 6.6490
8928.0000 180.0000 21.6690 6.6490
8940.0000 180.0000 21.6690 6.6490
8952.0000 180.0000 21.7110 6.6490
8964.0000 180.0000 21.7110 6.6490
8976.0000 123.0000 0.6440 -3.0100
8988.0000 123.0000 0.6440 -3.0100
9000.0000 238.0000 -4.0030 10.6380
9000.0000 123.0000 0.6860 -3.0100
9000.0000 243.0000 21.7530 -13.4940
9012.0000 243.0000 21.7530 -13.4940
9012.0000 238.0000 -4.0870 10.0640
9012.0000 123.0000 0.6440 -3.0100
9024.0000 123.0000 0.6440 -3.0100
9024.0000 238.0000 -4.0870 9.4910
9024.0000 243.0000 21.7530 -13.4940
9036.0000 123.0000 0.6440 -3.0100
9036.0000 243.0000 21.7530 -13.4940
9036.0000 238.0000 -4.0870 8.9170
9048.0000 243.0000 21.7530 -13.4940
9048.0000 238.0000 -4.0870 8.4130
9048.0000 123.0000 0.6440 -3.0100
9060.0000 238.0000 -4.0870 7.8950
9060.0000 123.0000 0.6440 -3.0100
9060.0000 243.0000 21.7530 -13.4940
9072.0000 238.0000 -4.2410 7.2650
9072.0000 326.0000 8.7770 13.3120
9072.0000 231.0000 12.0100 -9.4210
9072.0000 236.0000 12.1640 -10.3020
9072.0000 243.0000 21.7530 -13.4940
9084.0000 243.0000 21.7530 -13.4940
9084.0000 238.0000 -4.3950 6.6210
9084.0000 231.0000 12.4580 -9.3510
9084.0000 326.0000 8.7770 12.6680
9084.0000 236.0000 12.6260 -10.3020
9096.0000 231.0000 13.0180 -9.3510
9096.0000 326.0000 8.6930 12.1640
9096.0000 236.0000 13.1580 -10.3020
9108.0000 326.0000 8.9310 11.7860
9108.0000 236.0000 13.7040 -10.3020
9108.0000 231.0000 13.5500 -9.3510
