0 0 6.0 169.5 1724.0 6.0 Pedestrian
1 12 6.0 169.5 1724.0 6.0 Pedestrian
2 24 6.0 169.5 1724.0 6.0 Pedestrian
3 36 6.0 169.5 1724.0 6.0 Pedestrian
4 48 6.0 169.5 1724.0 6.0 Pedestrian
5 60 6.0 169.5 1724.0 6.0 Pedestrian
6 72 6.0 169.5 1724.0 6.0 Pedestrian
7 84 6.0 169.5 1724.0 6.0 Pedestrian
8 96 6.0 169.5 1724.0 6.0 Pedestrian
9 108 6.0 169.5 1724.0 6.0 Pedestrian
10 120 6.0 169.5 1724.0 6.0 Pedestrian
11 132 6.0 169.5 1724.0 6.0 Pedestrian
12 144 6.0 169.5 1724.0 6.0 Pedestrian
13 156 6.0 169.5 1724.0 6.0 Pedestrian
14 168 6.0 169.5 1724.0 6.0 Pedestrian
15 180 6.0 169.5 1724.0 6.0 Pedestrian
16 192 6.0 169.5 1724.0 6.0 Pedestrian
17 204 6.0 169.5 1724.0 6.0 Pedestrian
18 216 6.0 169.5 1724.0 6.0 Pedestrian
19 228 6.0 169.5 1724.0 6.0 Pedestrian
20 0 15.0 410.5 1974.5 9.0 Pedestrian
21 12 15.0 412.5 1972.0 9.0 Pedestrian
22 24 15.0 414.5 1972.0 9.0 Pedestrian
23 36 15.0 416.5 1972.0 9.0 Pedestrian
24 48 15.0 418.5 1972.0 9.0 Pedestrian
25 60 15.0 420.5 1972.0 9.0 Pedestrian
26 72 15.0 422.5 1972.0 9.0 Pedestrian
27 84 15.0 424.5 1972.0 9.0 Pedestrian
28 96 15.0 426.5 1972.0 9.0 Pedestrian
29 108 15.0 428.5 1972.0 9.0 Pedestrian
30 120 15.0 430.5 1972.0 9.0 Pedestrian
31 132 15.0 432.5 1972.0 9.0 Pedestrian
32 144 15.0 434.5 1972.0 9.0 Pedestrian
33 156 15.0 436.5 1972.0 9.0 Pedestrian
34 168 15.0 440.5 1955.5 9.0 Pedestrian
35 180 15.0 444.5 1934.5 9.0 Pedestrian
36 192 15.0 446.5 1913.0 9.0 Pedestrian
37 204 15.0 450.5 1892.0 9.0 Pedestrian
38 216 15.0 454.5 1871.0 9.0 Pedestrian
39 228 15.0 458.0 1850.0 9.0 Pedestrian
40 0 22.0 502.5 1539.0 20.0 Pedestrian
41 12 22.0 510.5 1505.0 20.0 Pedestrian
42 24 22.0 518.5 1472.0 20.0 Pedestrian
43 36 22.0 526.0 1438.0 20.0 Pedestrian
44 48 22.0 533.5 1404.5 20.0 Pedestrian
45 60 22.0 543.5 1371.0 20.0 Pedestrian
46 72 22.0 551.5 1337.0 20.0 Pedestrian
47 84 22.0 551.5 1303.5 20.0 Pedestrian
48 96 22.0 535.5 1265.5 20.0 Pedestrian
49 108 22.0 520.0 1232.0 20.0 Pedestrian
50 120 22.0 504.5 1198.0 20.0 Pedestrian
51 132 22.0 488.5 1164.5 20.0 Pedestrian
52 144 22.0 470.5 1127.0 20.0 Pedestrian
53 156 22.0 455.5 1093.0 20.0 Pedestrian
54 168 22.0 439.5 1059.5 20.0 Pedestrian
55 180 22.0 423.5 1021.5 20.0 Pedestrian
56 192 22.0 402.0 992.0 20.0 Pedestrian
57 204 22.0 344.5 975.0 20.0 Pedestrian
58 216 22.0 287.5 963.0 20.0 Pedestrian
59 228 22.0 234.5 954.0 20.0 Pedestrian
60 0 24.0 951.5 883.0 22.0 Pedestrian
61 12 24.0 961.5 874.5 22.0 Pedestrian
62 24 24.0 973.5 870.0 22.0 Pedestrian
63 36 24.0 985.5 866.0 22.0 Pedestrian
64 48 24.0 997.5 862.0 22.0 Pedestrian
65 60 24.0 1009.5 857.5 22.0 Pedestrian
66 72 24.0 1020.5 853.5 22.0 Pedestrian
67 84 24.0 1032.5 849.0 22.0 Pedestrian
68 96 24.0 1044.5 845.0 22.0 Pedestrian
69 108 24.0 1058.5 841.0 22.0 Pedestrian
70 120 24.0 1074.5 841.0 22.0 Pedestrian
71 132 24.0 1089.5 841.0 22.0 Pedestrian
72 144 24.0 1105.5 841.0 22.0 Pedestrian
73 156 24.0 1123.5 841.0 22.0 Pedestrian
74 168 24.0 1139.0 841.0 22.0 Pedestrian
75 180 24.0 1154.5 841.0 22.0 Pedestrian
76 192 24.0 1170.5 841.0 22.0 Pedestrian
77 204 24.0 1186.5 841.0 22.0 Pedestrian
78 216 24.0 1202.0 841.0 22.0 Pedestrian
79 228 24.0 1217.5 841.0 22.0 Pedestrian
80 0 50.0 519.0 1150.0 50.0 Pedestrian
81 12 50.0 517.5 1167.0 50.0 Pedestrian
82 24 50.0 515.5 1188.0 50.0 Pedestrian
83 36 50.0 513.5 1209.0 50.0 Pedestrian
84 48 50.0 511.5 1226.0 50.0 Pedestrian
85 60 50.0 509.5 1247.0 50.0 Pedestrian
86 72 50.0 507.5 1268.0 50.0 Pedestrian
87 84 50.0 505.5 1284.5 50.0 Pedestrian
88 96 50.0 503.5 1306.0 50.0 Pedestrian
89 108 50.0 501.5 1327.0 50.0 Pedestrian
90 120 50.0 499.5 1348.0 50.0 Pedestrian
91 132 50.0 497.5 1364.0 50.0 Pedestrian
92 144 50.0 493.5 1385.5 50.0 Pedestrian
93 156 50.0 489.5 1406.5 50.0 Pedestrian
94 168 50.0 485.5 1427.5 50.0 Pedestrian
95 180 50.0 481.5 1449.0 50.0 Pedestrian
96 192 50.0 477.5 1467.5 50.0 Pedestrian
97 204 50.0 473.5 1486.0 50.0 Pedestrian
98 216 50.0 467.5 1507.0 50.0 Pedestrian
99 228 50.0 464.0 1528.5 50.0 Pedestrian
100 36 64.0 417.5 1911.5 57.0 Pedestrian
101 48 64.0 415.5 1898.5 57.0 Pedestrian
102 60 64.0 415.5 1877.5 57.0 Pedestrian
103 72 64.0 413.5 1860.5 57.0 Pedestrian
104 84 64.0 413.5 1844.0 57.0 Pedestrian
105 96 64.0 411.5 1827.0 57.0 Pedestrian
106 108 64.0 411.5 1808.5 57.0 Pedestrian
107 120 64.0 410.0 1789.5 57.0 Pedestrian
108 132 64.0 408.0 1772.5 57.0 Pedestrian
109 144 64.0 408.0 1753.5 57.0 Pedestrian
110 156 64.0 406.0 1736.5 57.0 Pedestrian
111 168 64.0 406.0 1717.5 57.0 Pedestrian
112 180 64.0 404.0 1701.0 57.0 Pedestrian
113 192 64.0 404.0 1682.0 57.0 Pedestrian
114 204 64.0 402.0 1665.5 57.0 Pedestrian
115 216 64.0 402.0 1648.5 57.0 Pedestrian
116 228 64.0 400.0 1629.5 57.0 Pedestrian
117 240 64.0 400.0 1610.5 57.0 Pedestrian
118 252 64.0 398.0 1593.5 57.0 Pedestrian
119 264 64.0 398.0 1576.5 57.0 Pedestrian
120 240 7.0 169.5 1724.0 6.0 Pedestrian
121 252 7.0 169.5 1724.0 6.0 Pedestrian
122 264 7.0 169.5 1724.0 6.0 Pedestrian
123 276 7.0 169.5 1724.0 6.0 Pedestrian
124 288 7.0 169.5 1724.0 6.0 Pedestrian
125 300 7.0 169.5 1724.0 6.0 Pedestrian
126 312 7.0 169.5 1724.0 6.0 Pedestrian
127 324 7.0 169.5 1724.0 6.0 Pedestrian
128 336 7.0 169.5 1724.0 6.0 Pedestrian
129 348 7.0 169.5 1724.0 6.0 Pedestrian
130 360 7.0 169.5 1724.0 6.0 Pedestrian
131 372 7.0 169.5 1724.0 6.0 Pedestrian
132 384 7.0 169.5 1724.0 6.0 Pedestrian
133 396 7.0 169.5 1724.0 6.0 Pedestrian
134 408 7.0 169.5 1724.0 6.0 Pedestrian
135 420 7.0 169.5 1724.0 6.0 Pedestrian
136 432 7.0 169.5 1724.0 6.0 Pedestrian
137 444 7.0 169.5 1724.0 6.0 Pedestrian
138 456 7.0 169.5 1724.0 6.0 Pedestrian
139 468 7.0 169.5 1724.0 6.0 Pedestrian
140 240 16.0 462.0 1829.0 9.0 Pedestrian
141 252 16.0 466.0 1808.0 9.0 Pedestrian
142 264 16.0 469.5 1787.0 9.0 Pedestrian
143 276 16.0 471.5 1766.0 9.0 Pedestrian
144 288 16.0 475.5 1745.0 9.0 Pedestrian
145 300 16.0 479.5 1724.0 9.0 Pedestrian
146 312 16.0 483.5 1703.0 9.0 Pedestrian
147 324 16.0 487.5 1682.0 9.0 Pedestrian
148 336 16.0 491.5 1661.0 9.0 Pedestrian
149 348 16.0 495.5 1640.0 9.0 Pedestrian
150 360 16.0 499.5 1619.0 9.0 Pedestrian
151 372 16.0 501.5 1598.0 9.0 Pedestrian
152 384 16.0 505.5 1577.0 9.0 Pedestrian
153 396 16.0 507.5 1556.0 9.0 Pedestrian
154 408 16.0 511.5 1535.0 9.0 Pedestrian
155 420 16.0 515.5 1518.0 9.0 Pedestrian
156 432 16.0 515.5 1497.0 9.0 Pedestrian
157 444 16.0 515.5 1476.0 9.0 Pedestrian
158 456 16.0 517.5 1455.0 9.0 Pedestrian
159 468 16.0 517.5 1434.0 9.0 Pedestrian
160 240 23.0 181.5 946.0 20.0 Pedestrian
161 252 23.0 128.5 942.0 20.0 Pedestrian
162 264 23.0 79.5 929.0 20.0 Pedestrian
163 276 23.0 39.5 916.5 20.0 Pedestrian
164 288 23.0 27.5 912.0 20.0 Pedestrian
165 300 23.0 27.5 912.0 20.0 Pedestrian
166 312 23.0 53.5 929.0 20.0 Pedestrian
167 324 23.0 81.5 950.0 20.0 Pedestrian
168 336 23.0 108.5 971.0 20.0 Pedestrian
169 348 23.0 136.5 992.0 20.0 Pedestrian
170 360 23.0 163.5 1013.0 20.0 Pedestrian
171 372 23.0 191.5 1034.0 20.0 Pedestrian
172 384 23.0 218.5 1055.0 20.0 Pedestrian
173 396 23.0 246.5 1076.0 20.0 Pedestrian
174 408 23.0 274.5 1097.0 20.0 Pedestrian
175 420 23.0 301.5 1118.5 20.0 Pedestrian
176 432 23.0 330.5 1139.5 20.0 Pedestrian
177 444 23.0 356.5 1160.5 20.0 Pedestrian
178 456 23.0 384.5 1181.5 20.0 Pedestrian
179 468 23.0 411.5 1202.5 20.0 Pedestrian
180 240 51.0 460.0 1549.5 50.0 Pedestrian
181 252 51.0 456.5 1568.5 50.0 Pedestrian
182 264 51.0 452.5 1589.5 50.0 Pedestrian
183 276 51.0 448.5 1610.5 50.0 Pedestrian
184 288 51.0 444.5 1629.0 50.0 Pedestrian
185 300 51.0 440.5 1650.0 50.0 Pedestrian
186 312 51.0 436.5 1669.5 50.0 Pedestrian
187 324 51.0 432.5 1690.5 50.0 Pedestrian
188 336 51.0 426.5 1711.5 50.0 Pedestrian
189 348 51.0 422.5 1732.5 50.0 Pedestrian
190 360 51.0 418.5 1751.0 50.0 Pedestrian
191 372 51.0 416.5 1770.0 50.0 Pedestrian
192 384 51.0 416.5 1779.0 50.0 Pedestrian
193 396 51.0 416.5 1791.5 50.0 Pedestrian
194 408 51.0 416.5 1812.5 50.0 Pedestrian
195 420 51.0 416.5 1829.0 50.0 Pedestrian
196 432 51.0 416.5 1850.0 50.0 Pedestrian
197 444 51.0 416.5 1871.0 50.0 Pedestrian
198 456 51.0 418.5 1888.0 50.0 Pedestrian
199 468 51.0 418.5 1909.0 50.0 Pedestrian
200 276 65.0 396.0 1555.5 57.0 Pedestrian
201 288 65.0 396.0 1539.0 57.0 Pedestrian
202 300 65.0 398.0 1522.5 57.0 Pedestrian
203 312 65.0 400.0 1505.5 57.0 Pedestrian
204 324 65.0 404.0 1484.5 57.0 Pedestrian
205 336 65.0 408.0 1467.5 57.0 Pedestrian
206 348 65.0 410.0 1446.5 57.0 Pedestrian
207 360 65.0 413.5 1429.5 57.0 Pedestrian
208 372 65.0 415.5 1412.5 57.0 Pedestrian
209 384 65.0 419.5 1391.5 57.0 Pedestrian
210 396 65.0 423.5 1375.0 57.0 Pedestrian
211 408 65.0 425.5 1358.5 57.0 Pedestrian
212 420 65.0 431.5 1341.5 57.0 Pedestrian
213 432 65.0 435.5 1324.5 57.0 Pedestrian
214 444 65.0 441.5 1307.5 57.0 Pedestrian
215 456 65.0 447.5 1295.0 57.0 Pedestrian
216 468 65.0 453.0 1278.5 57.0 Pedestrian
217 480 65.0 459.0 1265.5 57.0 Pedestrian
218 492 65.0 465.0 1248.5 57.0 Pedestrian
219 504 65.0 469.0 1231.5 57.0 Pedestrian
220 312 55.0 900.0 1762.0 55.0 Pedestrian
221 324 55.0 899.0 1772.5 55.0 Pedestrian
222 336 55.0 897.0 1785.0 55.0 Pedestrian
223 348 55.0 895.0 1797.5 55.0 Pedestrian
224 360 55.0 893.0 1808.0 55.0 Pedestrian
225 372 55.0 891.0 1821.0 55.0 Pedestrian
226 384 55.0 873.5 1829.0 55.0 Pedestrian
227 396 55.0 857.5 1842.0 55.0 Pedestrian
228 408 55.0 842.0 1854.5 55.0 Pedestrian
229 420 55.0 828.0 1863.0 55.0 Pedestrian
230 432 55.0 814.5 1875.5 55.0 Pedestrian
231 444 55.0 802.5 1888.0 55.0 Pedestrian
232 456 55.0 788.5 1896.5 55.0 Pedestrian
233 468 55.0 775.0 1905.0 55.0 Pedestrian
234 480 55.0 759.0 1905.0 55.0 Pedestrian
235 492 55.0 745.5 1905.0 55.0 Pedestrian
236 504 55.0 728.5 1903.0 55.0 Pedestrian
237 516 55.0 713.0 1907.0 55.0 Pedestrian
238 528 55.0 696.5 1909.5 55.0 Pedestrian
239 540 55.0 676.5 1909.5 55.0 Pedestrian
240 336 60.0 818.5 1959.5 56.0 Pedestrian
241 348 60.0 818.5 1938.5 56.0 Pedestrian
242 360 60.0 816.5 1922.0 56.0 Pedestrian
243 372 60.0 814.5 1901.0 56.0 Pedestrian
244 384 60.0 814.5 1884.0 56.0 Pedestrian
245 396 60.0 812.5 1863.0 56.0 Pedestrian
246 408 60.0 812.5 1846.0 56.0 Pedestrian
247 420 60.0 812.5 1825.0 56.0 Pedestrian
248 432 60.0 814.5 1800.0 56.0 Pedestrian
249 444 60.0 816.5 1779.0 56.0 Pedestrian
250 456 60.0 818.5 1758.0 56.0 Pedestrian
251 468 60.0 820.5 1737.0 56.0 Pedestrian
252 480 60.0 824.0 1711.5 56.0 Pedestrian
253 492 60.0 826.0 1690.5 56.0 Pedestrian
254 504 60.0 831.0 1682.0 56.0 Pedestrian
255 516 60.0 840.0 1669.5 56.0 Pedestrian
256 528 60.0 846.5 1652.5 56.0 Pedestrian
257 540 60.0 848.5 1631.5 56.0 Pedestrian
258 552 60.0 852.5 1606.0 56.0 Pedestrian
259 564 60.0 854.5 1585.0 56.0 Pedestrian
260 396 0.0 840.0 1427.5 0.0 Pedestrian
261 408 0.0 841.5 1410.5 0.0 Pedestrian
262 420 0.0 843.5 1394.0 0.0 Pedestrian
263 432 0.0 845.5 1377.0 0.0 Pedestrian
264 444 0.0 847.5 1360.5 0.0 Pedestrian
265 456 0.0 849.5 1345.5 0.0 Pedestrian
266 468 0.0 853.5 1328.5 0.0 Pedestrian
267 480 0.0 855.5 1311.5 0.0 Pedestrian
268 492 0.0 857.5 1295.0 0.0 Pedestrian
269 504 0.0 857.5 1280.5 0.0 Pedestrian
270 516 0.0 855.5 1267.5 0.0 Pedestrian
271 528 0.0 852.5 1253.0 0.0 Pedestrian
272 540 0.0 850.5 1242.5 0.0 Pedestrian
273 552 0.0 847.5 1228.0 0.0 Pedestrian
274 564 0.0 847.5 1211.0 0.0 Pedestrian
275 576 0.0 847.5 1194.0 0.0 Pedestrian
276 588 0.0 845.5 1173.0 0.0 Pedestrian
277 600 0.0 845.5 1156.0 0.0 Pedestrian
278 612 0.0 845.5 1139.5 0.0 Pedestrian
279 624 0.0 845.5 1122.5 0.0 Pedestrian
280 456 33.0 838.0 1970.0 33.0 Pedestrian
281 468 33.0 838.0 1957.5 33.0 Pedestrian
282 480 33.0 840.0 1941.0 33.0 Pedestrian
283 492 33.0 843.5 1924.0 33.0 Pedestrian
284 504 33.0 845.5 1905.0 33.0 Pedestrian
285 516 33.0 849.5 1880.0 33.0 Pedestrian
286 528 33.0 851.5 1856.5 33.0 Pedestrian
287 540 33.0 851.5 1839.5 33.0 Pedestrian
288 552 33.0 853.5 1814.5 33.0 Pedestrian
289 564 33.0 853.5 1781.0 33.0 Pedestrian
290 576 33.0 853.5 1755.5 33.0 Pedestrian
291 588 33.0 853.5 1745.0 33.0 Pedestrian
292 600 33.0 853.5 1737.0 33.0 Pedestrian
293 612 33.0 853.5 1716.0 33.0 Pedestrian
294 624 33.0 855.5 1694.5 33.0 Pedestrian
295 636 33.0 855.5 1669.5 33.0 Pedestrian
296 648 33.0 855.5 1644.0 33.0 Pedestrian
297 660 33.0 857.5 1594.0 33.0 Pedestrian
298 672 33.0 859.5 1539.0 33.0 Pedestrian
299 684 33.0 859.5 1514.0 33.0 Pedestrian
300 480 8.0 169.5 1724.0 6.0 Pedestrian
301 492 8.0 169.5 1724.0 6.0 Pedestrian
302 504 8.0 167.5 1722.0 6.0 Pedestrian
303 516 8.0 167.5 1722.0 6.0 Pedestrian
304 528 8.0 167.5 1722.0 6.0 Pedestrian
305 540 8.0 167.5 1722.0 6.0 Pedestrian
306 552 8.0 166.5 1722.0 6.0 Pedestrian
307 564 8.0 166.5 1722.0 6.0 Pedestrian
308 576 8.0 166.5 1722.0 6.0 Pedestrian
309 588 8.0 166.5 1722.0 6.0 Pedestrian
310 600 8.0 165.5 1722.0 6.0 Pedestrian
311 612 8.0 165.5 1722.0 6.0 Pedestrian
312 624 8.0 165.5 1722.0 6.0 Pedestrian
313 636 8.0 165.5 1720.0 6.0 Pedestrian
314 648 8.0 164.5 1720.0 6.0 Pedestrian
315 660 8.0 164.5 1720.0 6.0 Pedestrian
316 672 8.0 164.5 1722.0 6.0 Pedestrian
317 684 8.0 163.5 1722.0 6.0 Pedestrian
318 696 8.0 163.5 1722.0 6.0 Pedestrian
319 708 8.0 163.5 1722.0 6.0 Pedestrian
320 480 17.0 519.0 1413.0 9.0 Pedestrian
321 492 17.0 519.0 1392.0 9.0 Pedestrian
322 504 17.0 520.0 1375.0 9.0 Pedestrian
323 516 17.0 519.0 1362.0 9.0 Pedestrian
324 528 17.0 518.0 1350.0 9.0 Pedestrian
325 540 17.0 518.0 1337.0 9.0 Pedestrian
326 552 17.0 516.0 1324.5 9.0 Pedestrian
327 564 17.0 515.0 1308.0 9.0 Pedestrian
328 576 17.0 515.0 1286.5 9.0 Pedestrian
329 588 17.0 515.0 1265.5 9.0 Pedestrian
330 600 17.0 515.0 1249.0 9.0 Pedestrian
331 612 17.0 515.0 1228.0 9.0 Pedestrian
332 624 17.0 517.0 1202.5 9.0 Pedestrian
333 636 17.0 519.0 1181.5 9.0 Pedestrian
334 648 17.0 521.0 1160.5 9.0 Pedestrian
335 660 17.0 525.0 1139.5 9.0 Pedestrian
336 672 17.0 527.0 1118.5 9.0 Pedestrian
337 684 17.0 527.0 1097.0 9.0 Pedestrian
338 696 17.0 529.0 1080.5 9.0 Pedestrian
339 708 17.0 531.0 1059.5 9.0 Pedestrian
340 504 12.0 483.5 1392.0 8.0 Pedestrian
341 516 12.0 483.5 1371.0 8.0 Pedestrian
342 528 12.0 483.5 1349.5 8.0 Pedestrian
343 540 12.0 483.5 1328.5 8.0 Pedestrian
344 552 12.0 481.5 1312.0 8.0 Pedestrian
345 564 12.0 481.5 1295.0 8.0 Pedestrian
346 576 12.0 481.5 1280.5 8.0 Pedestrian
347 588 12.0 483.5 1261.5 8.0 Pedestrian
348 600 12.0 485.5 1244.5 8.0 Pedestrian
349 612 12.0 485.5 1223.5 8.0 Pedestrian
350 624 12.0 487.5 1206.5 8.0 Pedestrian
351 636 12.0 491.5 1181.5 8.0 Pedestrian
352 648 12.0 493.5 1156.5 8.0 Pedestrian
353 660 12.0 497.5 1131.0 8.0 Pedestrian
354 672 12.0 497.5 1110.0 8.0 Pedestrian
355 684 12.0 499.5 1093.0 8.0 Pedestrian
356 696 12.0 501.5 1072.0 8.0 Pedestrian
357 708 12.0 505.5 1055.5 8.0 Pedestrian
358 720 12.0 509.0 1038.5 8.0 Pedestrian
359 732 12.0 505.5 1013.5 8.0 Pedestrian
360 504 46.0 774.0 319.0 46.0 Pedestrian
361 516 46.0 774.0 319.0 46.0 Pedestrian
362 528 46.0 773.0 306.5 46.0 Pedestrian
363 540 46.0 769.0 294.0 46.0 Pedestrian
364 552 46.0 767.0 281.0 46.0 Pedestrian
365 564 46.0 763.0 264.5 46.0 Pedestrian
366 576 46.0 761.0 239.0 46.0 Pedestrian
367 588 46.0 759.0 218.0 46.0 Pedestrian
368 600 46.0 757.0 193.0 46.0 Pedestrian
369 612 46.0 755.5 172.0 46.0 Pedestrian
370 624 46.0 755.5 151.0 46.0 Pedestrian
371 636 46.0 755.5 130.0 46.0 Pedestrian
372 648 46.0 753.5 117.0 46.0 Pedestrian
373 660 46.0 749.5 109.0 46.0 Pedestrian
374 672 46.0 747.5 96.0 46.0 Pedestrian
375 684 46.0 743.5 84.0 46.0 Pedestrian
376 696 46.0 743.5 69.0 46.0 Pedestrian
377 708 46.0 741.5 52.0 46.0 Pedestrian
378 720 46.0 741.5 37.5 46.0 Pedestrian
379 732 46.0 740.5 25.0 46.0 Pedestrian
380 516 66.0 474.5 1213.0 57.0 Pedestrian
381 528 66.0 480.5 1190.0 57.0 Pedestrian
382 540 66.0 484.5 1168.5 57.0 Pedestrian
383 552 66.0 490.5 1147.5 57.0 Pedestrian
384 564 66.0 494.5 1126.5 57.0 Pedestrian
385 576 66.0 498.5 1105.5 57.0 Pedestrian
386 588 66.0 502.5 1084.5 57.0 Pedestrian
387 600 66.0 508.5 1068.0 57.0 Pedestrian
388 612 66.0 504.5 1047.0 57.0 Pedestrian
389 624 66.0 500.5 1025.5 57.0 Pedestrian
390 636 66.0 498.5 1009.0 57.0 Pedestrian
391 648 66.0 494.5 988.0 57.0 Pedestrian
392 660 66.0 492.5 971.0 57.0 Pedestrian
393 672 66.0 487.5 950.0 57.0 Pedestrian
394 684 66.0 483.5 933.5 57.0 Pedestrian
395 696 66.0 479.5 916.5 57.0 Pedestrian
396 708 66.0 475.5 899.5 57.0 Pedestrian
397 720 66.0 471.5 882.5 57.0 Pedestrian
398 732 66.0 468.0 861.5 57.0 Pedestrian
399 744 66.0 464.0 845.0 57.0 Pedestrian
400 552 56.0 658.5 1904.5 55.0 Pedestrian
401 564 56.0 639.5 1904.5 55.0 Pedestrian
402 576 56.0 619.5 1904.5 55.0 Pedestrian
403 588 56.0 595.5 1921.5 55.0 Pedestrian
404 600 56.0 570.5 1938.5 55.0 Pedestrian
405 612 56.0 556.5 1947.0 55.0 Pedestrian
406 624 56.0 544.5 1955.5 55.0 Pedestrian
407 636 56.0 523.0 1961.5 55.0 Pedestrian
408 648 56.0 501.5 1970.0 55.0 Pedestrian
409 660 56.0 479.5 1978.5 55.0 Pedestrian
410 672 56.0 473.5 1989.0 55.0 Pedestrian
411 684 56.0 473.5 1991.0 55.0 Pedestrian
412 696 56.0 473.5 1991.0 55.0 Pedestrian
413 708 56.0 473.5 1991.0 55.0 Pedestrian
414 720 56.0 473.5 1991.0 55.0 Pedestrian
415 732 56.0 473.5 1991.0 55.0 Pedestrian
416 744 56.0 473.5 1991.0 55.0 Pedestrian
417 756 56.0 473.5 1991.0 55.0 Pedestrian
418 768 56.0 473.5 1991.0 55.0 Pedestrian
419 780 56.0 473.5 1991.0 55.0 Pedestrian
420 576 52.0 233.5 1604.5 51.0 Pedestrian
421 588 52.0 231.5 1583.0 51.0 Pedestrian
422 600 52.0 231.5 1562.0 51.0 Pedestrian
423 612 52.0 231.5 1558.0 51.0 Pedestrian
424 624 52.0 233.5 1549.5 51.0 Pedestrian
425 636 52.0 235.5 1541.0 51.0 Pedestrian
426 648 52.0 235.5 1528.5 51.0 Pedestrian
427 660 52.0 235.5 1520.0 51.0 Pedestrian
428 672 52.0 237.5 1503.5 51.0 Pedestrian
429 684 52.0 237.5 1490.5 51.0 Pedestrian
430 696 52.0 239.5 1473.5 51.0 Pedestrian
431 708 52.0 239.5 1461.5 51.0 Pedestrian
432 720 52.0 239.5 1446.5 51.0 Pedestrian
433 732 52.0 237.5 1433.5 51.0 Pedestrian
434 744 52.0 237.5 1425.5 51.0 Pedestrian
435 756 52.0 237.5 1425.5 51.0 Pedestrian
436 768 52.0 235.5 1400.5 51.0 Pedestrian
437 780 52.0 235.5 1383.5 51.0 Pedestrian
438 792 52.0 233.5 1370.5 51.0 Pedestrian
439 804 52.0 230.5 1356.0 51.0 Pedestrian
440 576 61.0 858.5 1564.0 56.0 Pedestrian
441 588 61.0 860.5 1539.0 56.0 Pedestrian
442 600 61.0 864.5 1518.0 56.0 Pedestrian
443 612 61.0 866.5 1497.0 56.0 Pedestrian
444 624 61.0 870.5 1472.0 56.0 Pedestrian
445 636 61.0 868.5 1455.0 56.0 Pedestrian
446 648 61.0 864.5 1442.0 56.0 Pedestrian
447 660 61.0 860.5 1429.5 56.0 Pedestrian
448 672 61.0 854.5 1417.0 56.0 Pedestrian
449 684 61.0 854.5 1396.0 56.0 Pedestrian
450 696 61.0 860.5 1371.0 56.0 Pedestrian
451 708 61.0 864.5 1354.0 56.0 Pedestrian
452 720 61.0 864.5 1341.0 56.0 Pedestrian
453 732 61.0 864.5 1320.0 56.0 Pedestrian
454 744 61.0 866.5 1299.0 56.0 Pedestrian
455 756 61.0 870.5 1282.5 56.0 Pedestrian
456 768 61.0 878.5 1270.0 56.0 Pedestrian
457 780 61.0 886.0 1257.0 56.0 Pedestrian
458 792 61.0 904.0 1223.5 56.0 Pedestrian
459 804 61.0 915.5 1202.5 56.0 Pedestrian
460 600 48.0 206.0 1572.5 48.0 Pedestrian
461 612 48.0 210.0 1564.5 48.0 Pedestrian
462 624 48.0 212.0 1551.5 48.0 Pedestrian
463 636 48.0 212.0 1534.5 48.0 Pedestrian
464 648 48.0 212.0 1522.5 48.0 Pedestrian
465 660 48.0 214.0 1505.5 48.0 Pedestrian
466 672 48.0 214.0 1492.5 48.0 Pedestrian
467 684 48.0 216.0 1480.5 48.0 Pedestrian
468 696 48.0 216.0 1467.5 48.0 Pedestrian
469 708 48.0 216.0 1454.5 48.0 Pedestrian
470 720 48.0 214.0 1442.5 48.0 Pedestrian
471 732 48.0 212.0 1429.5 48.0 Pedestrian
472 744 48.0 212.0 1421.5 48.0 Pedestrian
473 756 48.0 210.0 1408.5 48.0 Pedestrian
474 768 48.0 208.0 1396.0 48.0 Pedestrian
475 780 48.0 208.0 1383.5 48.0 Pedestrian
476 792 48.0 204.0 1370.5 48.0 Pedestrian
477 804 48.0 200.0 1362.5 48.0 Pedestrian
478 816 48.0 194.5 1349.5 48.0 Pedestrian
479 828 48.0 190.5 1341.5 48.0 Pedestrian
480 636 1.0 845.5 1097.0 0.0 Pedestrian
481 648 1.0 847.5 1076.0 0.0 Pedestrian
482 660 1.0 849.5 1055.0 0.0 Pedestrian
483 672 1.0 849.5 1030.0 0.0 Pedestrian
484 684 1.0 851.5 1009.0 0.0 Pedestrian
485 696 1.0 851.5 988.0 0.0 Pedestrian
486 708 1.0 853.5 967.0 0.0 Pedestrian
487 720 1.0 855.5 950.0 0.0 Pedestrian
488 732 1.0 855.5 929.0 0.0 Pedestrian
489 744 1.0 855.5 908.0 0.0 Pedestrian
490 756 1.0 855.5 883.0 0.0 Pedestrian
491 768 1.0 855.5 866.0 0.0 Pedestrian
492 780 1.0 857.5 845.0 0.0 Pedestrian
493 792 1.0 859.5 828.0 0.0 Pedestrian
494 804 1.0 861.5 811.0 0.0 Pedestrian
495 816 1.0 865.5 794.5 0.0 Pedestrian
496 828 1.0 869.5 778.0 0.0 Pedestrian
497 840 1.0 873.5 761.0 0.0 Pedestrian
498 852 1.0 877.5 744.0 0.0 Pedestrian
499 864 1.0 877.5 727.0 0.0 Pedestrian
500 696 34.0 859.5 1493.0 33.0 Pedestrian
501 708 34.0 859.5 1486.0 33.0 Pedestrian
502 720 34.0 858.5 1486.0 33.0 Pedestrian
503 732 34.0 857.5 1484.0 33.0 Pedestrian
504 744 34.0 856.5 1484.0 33.0 Pedestrian
505 756 34.0 856.5 1474.0 33.0 Pedestrian
506 768 34.0 860.5 1453.0 33.0 Pedestrian
507 780 34.0 864.5 1432.0 33.0 Pedestrian
508 792 34.0 862.5 1415.0 33.0 Pedestrian
509 804 34.0 860.5 1398.0 33.0 Pedestrian
510 816 34.0 860.5 1385.5 33.0 Pedestrian
511 828 34.0 862.5 1368.5 33.0 Pedestrian
512 840 34.0 865.5 1356.0 33.0 Pedestrian
513 852 34.0 867.5 1339.0 33.0 Pedestrian
514 864 34.0 875.5 1314.0 33.0 Pedestrian
515 876 34.0 881.5 1289.0 33.0 Pedestrian
516 888 34.0 887.0 1272.0 33.0 Pedestrian
517 900 34.0 893.0 1259.0 33.0 Pedestrian
518 912 34.0 899.0 1242.5 33.0 Pedestrian
519 924 34.0 902.5 1225.5 33.0 Pedestrian
520 720 9.0 163.5 1722.0 6.0 Pedestrian
521 732 9.0 162.5 1722.0 6.0 Pedestrian
522 744 9.0 162.5 1722.0 6.0 Pedestrian
523 756 9.0 162.5 1720.0 6.0 Pedestrian
524 768 9.0 162.5 1720.0 6.0 Pedestrian
525 780 9.0 161.5 1720.0 6.0 Pedestrian
526 792 9.0 161.5 1720.0 6.0 Pedestrian
527 804 9.0 161.5 1720.0 6.0 Pedestrian
528 816 9.0 161.5 1720.0 6.0 Pedestrian
529 828 9.0 160.5 1720.0 6.0 Pedestrian
530 840 9.0 160.5 1722.0 6.0 Pedestrian
531 852 9.0 160.5 1722.0 6.0 Pedestrian
532 864 9.0 159.5 1722.0 6.0 Pedestrian
533 876 9.0 159.5 1719.5 6.0 Pedestrian
534 888 9.0 159.5 1719.5 6.0 Pedestrian
535 900 9.0 159.5 1719.5 6.0 Pedestrian
536 912 9.0 159.0 1719.5 6.0 Pedestrian
537 924 9.0 159.0 1719.5 6.0 Pedestrian
538 936 9.0 159.0 1719.5 6.0 Pedestrian
539 948 9.0 159.0 1719.5 6.0 Pedestrian
540 720 18.0 533.0 1038.5 9.0 Pedestrian
541 732 18.0 535.0 1021.5 9.0 Pedestrian
542 744 18.0 535.0 996.5 9.0 Pedestrian
543 756 18.0 536.5 971.0 9.0 Pedestrian
544 768 18.0 542.5 954.0 9.0 Pedestrian
545 780 18.0 548.5 937.5 9.0 Pedestrian
546 792 18.0 548.5 916.5 9.0 Pedestrian
547 804 18.0 548.5 895.5 9.0 Pedestrian
548 816 18.0 548.5 874.5 9.0 Pedestrian
549 828 18.0 548.5 870.0 9.0 Pedestrian
550 840 18.0 548.5 870.0 9.0 Pedestrian
551 852 18.0 548.5 870.0 9.0 Pedestrian
552 864 18.0 552.5 849.0 9.0 Pedestrian
553 876 18.0 564.5 799.0 9.0 Pedestrian
554 888 18.0 564.5 765.0 9.0 Pedestrian
555 900 18.0 562.5 744.0 9.0 Pedestrian
556 912 18.0 566.5 727.0 9.0 Pedestrian
557 924 18.0 570.5 710.5 9.0 Pedestrian
558 936 18.0 572.0 693.5 9.0 Pedestrian
559 948 18.0 576.0 672.5 9.0 Pedestrian
560 744 13.0 503.5 992.5 8.0 Pedestrian
561 756 13.0 505.5 975.5 8.0 Pedestrian
562 768 13.0 509.0 962.5 8.0 Pedestrian
563 780 13.0 515.0 946.0 8.0 Pedestrian
564 792 13.0 519.0 933.5 8.0 Pedestrian
565 804 13.0 519.0 908.0 8.0 Pedestrian
566 816 13.0 519.0 887.0 8.0 Pedestrian
567 828 13.0 519.0 870.5 8.0 Pedestrian
568 840 13.0 521.0 857.5 8.0 Pedestrian
569 852 13.0 523.0 836.5 8.0 Pedestrian
570 864 13.0 525.0 815.5 8.0 Pedestrian
571 876 13.0 525.0 794.5 8.0 Pedestrian
572 888 13.0 523.0 773.5 8.0 Pedestrian
573 900 13.0 525.0 760.5 8.0 Pedestrian
574 912 13.0 529.0 744.0 8.0 Pedestrian
575 924 13.0 533.0 727.5 8.0 Pedestrian
576 936 13.0 537.0 710.5 8.0 Pedestrian
577 948 13.0 539.0 693.5 8.0 Pedestrian
578 960 13.0 542.5 676.5 8.0 Pedestrian
579 972 13.0 542.5 660.0 8.0 Pedestrian
580 744 20.0 18.0 1290.5 13.0 Pedestrian
581 756 20.0 30.0 1299.5 13.0 Pedestrian
582 768 20.0 43.0 1307.5 13.0 Pedestrian
583 780 20.0 56.5 1316.0 13.0 Pedestrian
584 792 20.0 72.5 1333.0 13.0 Pedestrian
585 804 20.0 86.0 1345.5 13.0 Pedestrian
586 816 20.0 98.0 1345.5 13.0 Pedestrian
587 828 20.0 107.5 1349.5 13.0 Pedestrian
588 840 20.0 117.5 1362.5 13.0 Pedestrian
589 852 20.0 127.5 1375.0 13.0 Pedestrian
590 864 20.0 135.5 1387.5 13.0 Pedestrian
591 876 20.0 145.0 1404.5 13.0 Pedestrian
592 888 20.0 157.0 1417.0 13.0 Pedestrian
593 900 20.0 165.0 1433.5 13.0 Pedestrian
594 912 20.0 172.5 1455.0 13.0 Pedestrian
595 924 20.0 172.5 1471.5 13.0 Pedestrian
596 936 20.0 174.5 1488.5 13.0 Pedestrian
597 948 20.0 180.5 1501.0 13.0 Pedestrian
598 960 20.0 186.5 1518.0 13.0 Pedestrian
599 972 20.0 192.5 1539.0 13.0 Pedestrian
600 756 67.0 794.5 1955.5 59.0 Pedestrian
601 768 67.0 795.5 1947.0 59.0 Pedestrian
602 780 67.0 795.5 1934.5 59.0 Pedestrian
603 792 67.0 795.5 1921.5 59.0 Pedestrian
604 804 67.0 795.5 1909.5 59.0 Pedestrian
605 816 67.0 795.5 1892.5 59.0 Pedestrian
606 828 67.0 797.5 1879.5 59.0 Pedestrian
607 840 67.0 799.5 1862.5 59.0 Pedestrian
608 852 67.0 801.5 1846.5 59.0 Pedestrian
609 864 67.0 803.5 1829.5 59.0 Pedestrian
610 876 67.0 805.5 1812.5 59.0 Pedestrian
611 888 67.0 807.5 1795.5 59.0 Pedestrian
612 900 67.0 811.5 1778.5 59.0 Pedestrian
613 912 67.0 813.5 1761.5 59.0 Pedestrian
614 924 67.0 813.5 1745.5 59.0 Pedestrian
615 936 67.0 813.5 1728.5 59.0 Pedestrian
616 948 67.0 815.5 1711.5 59.0 Pedestrian
617 960 67.0 815.5 1694.5 59.0 Pedestrian
618 972 67.0 819.0 1673.5 59.0 Pedestrian
619 984 67.0 821.0 1648.5 59.0 Pedestrian
620 792 57.0 468.77 1979.71 55.0 Pedestrian
621 804 57.0 468.15 1979.82 55.0 Pedestrian
622 816 57.0 467.53 1979.93 55.0 Pedestrian
623 828 57.0 466.91 1980.05 55.0 Pedestrian
624 840 57.0 466.29 1980.16 55.0 Pedestrian
625 852 57.0 465.67 1980.27 55.0 Pedestrian
626 864 57.0 465.04 1980.38 55.0 Pedestrian
627 876 57.0 464.42 1980.49 55.0 Pedestrian
628 888 57.0 473.5 1991.0 55.0 Pedestrian
629 900 57.0 473.5 1991.0 55.0 Pedestrian
630 912 57.0 473.5 1991.0 55.0 Pedestrian
631 924 57.0 473.5 1991.0 55.0 Pedestrian
632 936 57.0 473.5 1991.0 55.0 Pedestrian
633 948 57.0 473.5 1991.0 55.0 Pedestrian
634 960 57.0 473.5 1991.0 55.0 Pedestrian
635 972 57.0 473.5 1991.0 55.0 Pedestrian
636 984 57.0 473.5 1991.0 55.0 Pedestrian
637 996 57.0 473.5 1991.0 55.0 Pedestrian
638 1008 57.0 471.5 1987.0 55.0 Pedestrian
639 1020 57.0 469.5 1987.0 55.0 Pedestrian
640 816 62.0 915.5 1198.0 56.0 Pedestrian
641 828 62.0 915.5 1190.0 56.0 Pedestrian
642 840 62.0 915.5 1186.0 56.0 Pedestrian
643 852 62.0 915.5 1173.0 56.0 Pedestrian
644 864 62.0 927.5 1127.0 56.0 Pedestrian
645 876 62.0 933.5 1093.0 56.0 Pedestrian
646 888 62.0 933.5 1076.0 56.0 Pedestrian
647 900 62.0 933.5 1059.5 56.0 Pedestrian
648 912 62.0 927.5 1030.0 56.0 Pedestrian
649 924 62.0 921.5 1005.0 56.0 Pedestrian
650 936 62.0 915.5 975.0 56.0 Pedestrian
651 948 62.0 909.5 946.0 56.0 Pedestrian
652 960 62.0 905.0 921.0 56.0 Pedestrian
653 972 62.0 905.0 895.5 56.0 Pedestrian
654 984 62.0 905.0 870.0 56.0 Pedestrian
655 996 62.0 905.0 853.5 56.0 Pedestrian
656 1008 62.0 900.0 834.5 56.0 Pedestrian
657 1020 62.0 896.0 813.5 56.0 Pedestrian
658 1032 62.0 892.0 792.5 56.0 Pedestrian
659 1044 62.0 890.0 767.0 56.0 Pedestrian
660 840 49.0 188.5 1328.5 48.0 Pedestrian
661 852 49.0 186.5 1316.5 48.0 Pedestrian
662 864 49.0 184.5 1303.5 48.0 Pedestrian
663 876 49.0 180.5 1290.5 48.0 Pedestrian
664 888 49.0 170.5 1278.5 48.0 Pedestrian
665 900 49.0 161.0 1265.5 48.0 Pedestrian
666 912 49.0 151.0 1257.5 48.0 Pedestrian
667 924 49.0 143.0 1248.5 48.0 Pedestrian
668 936 49.0 135.5 1240.5 48.0 Pedestrian
669 948 49.0 127.5 1231.5 48.0 Pedestrian
670 960 49.0 119.5 1223.5 48.0 Pedestrian
671 972 49.0 111.5 1215.5 48.0 Pedestrian
672 984 49.0 102.0 1206.5 48.0 Pedestrian
673 996 49.0 92.0 1198.5 48.0 Pedestrian
674 1008 49.0 83.0 1196.5 48.0 Pedestrian
675 1020 49.0 76.5 1196.5 48.0 Pedestrian
676 1032 49.0 70.5 1194.0 48.0 Pedestrian
677 1044 49.0 65.5 1194.0 48.0 Pedestrian
678 1056 49.0 59.5 1194.0 48.0 Pedestrian
679 1068 49.0 51.5 1185.5 48.0 Pedestrian
680 876 2.0 877.5 710.5 0.0 Pedestrian
681 888 2.0 877.5 693.5 0.0 Pedestrian
682 900 2.0 877.5 677.0 0.0 Pedestrian
683 912 2.0 877.5 651.5 0.0 Pedestrian
684 924 2.0 877.5 626.0 0.0 Pedestrian
685 936 2.0 873.5 609.5 0.0 Pedestrian
686 948 2.0 869.5 601.0 0.0 Pedestrian
687 960 2.0 867.5 588.5 0.0 Pedestrian
688 972 2.0 867.5 571.5 0.0 Pedestrian
689 984 2.0 867.5 559.0 0.0 Pedestrian
690 996 2.0 865.5 542.0 0.0 Pedestrian
691 1008 2.0 867.5 513.0 0.0 Pedestrian
692 1020 2.0 865.5 487.5 0.0 Pedestrian
693 1032 2.0 863.5 466.5 0.0 Pedestrian
694 1044 2.0 859.5 445.5 0.0 Pedestrian
695 1056 2.0 857.5 424.5 0.0 Pedestrian
696 1068 2.0 853.5 403.5 0.0 Pedestrian
697 1080 2.0 849.5 382.5 0.0 Pedestrian
698 1092 2.0 847.5 369.5 0.0 Pedestrian
699 1104 2.0 845.5 365.5 0.0 Pedestrian
700 936 35.0 906.5 1204.5 33.0 Pedestrian
701 948 35.0 910.5 1183.5 33.0 Pedestrian
702 960 35.0 918.5 1171.0 33.0 Pedestrian
703 972 35.0 928.5 1154.0 33.0 Pedestrian
704 984 35.0 934.5 1141.5 33.0 Pedestrian
705 996 35.0 938.5 1129.0 33.0 Pedestrian
706 1008 35.0 946.0 1114.0 33.0 Pedestrian
707 1020 35.0 956.0 1095.0 33.0 Pedestrian
708 1032 35.0 966.5 1076.0 33.0 Pedestrian
709 1044 35.0 976.5 1059.5 33.0 Pedestrian
710 1056 35.0 986.5 1038.5 33.0 Pedestrian
711 1068 35.0 997.5 1019.5 33.0 Pedestrian
712 1080 35.0 1007.5 1001.0 33.0 Pedestrian
713 1092 35.0 1017.0 982.0 33.0 Pedestrian
714 1104 35.0 1025.5 965.0 33.0 Pedestrian
715 1116 35.0 1035.5 948.0 33.0 Pedestrian
716 1128 35.0 1043.5 931.0 33.0 Pedestrian
717 1140 35.0 1051.5 919.0 33.0 Pedestrian
718 1152 35.0 1061.5 902.0 33.0 Pedestrian
719 1164 35.0 1071.5 889.0 33.0 Pedestrian
720 960 10.0 158.0 1719.5 6.0 Pedestrian
721 972 10.0 158.0 1719.5 6.0 Pedestrian
722 984 10.0 158.0 1719.5 6.0 Pedestrian
723 996 10.0 158.0 1719.5 6.0 Pedestrian
724 1008 10.0 156.0 1717.5 6.0 Pedestrian
725 1020 10.0 156.0 1717.5 6.0 Pedestrian
726 1032 10.0 156.0 1717.5 6.0 Pedestrian
727 1044 10.0 156.0 1715.5 6.0 Pedestrian
728 1056 10.0 156.0 1715.5 6.0 Pedestrian
729 1068 10.0 156.0 1711.5 6.0 Pedestrian
730 1080 10.0 156.0 1711.5 6.0 Pedestrian
731 1092 10.0 156.0 1711.5 6.0 Pedestrian
732 1104 10.0 156.0 1709.5 6.0 Pedestrian
733 1116 10.0 156.0 1709.5 6.0 Pedestrian
734 1128 10.0 156.0 1707.5 6.0 Pedestrian
735 1140 10.0 156.0 1705.0 6.0 Pedestrian
736 1152 10.0 156.0 1705.0 6.0 Pedestrian
737 1164 10.0 156.0 1703.0 6.0 Pedestrian
738 1176 10.0 156.0 1701.0 6.0 Pedestrian
739 1188 10.0 156.0 1701.0 6.0 Pedestrian
740 960 19.0 576.0 660.0 9.0 Pedestrian
741 972 19.0 576.0 643.0 9.0 Pedestrian
742 984 19.0 576.0 626.0 9.0 Pedestrian
743 996 19.0 576.0 609.5 9.0 Pedestrian
744 1008 19.0 575.0 586.0 9.0 Pedestrian
745 1020 19.0 575.0 565.0 9.0 Pedestrian
746 1032 19.0 574.0 546.5 9.0 Pedestrian
747 1044 19.0 573.0 525.5 9.0 Pedestrian
748 1056 19.0 573.0 504.5 9.0 Pedestrian
749 1068 19.0 574.0 485.5 9.0 Pedestrian
750 1080 19.0 576.0 468.5 9.0 Pedestrian
751 1092 19.0 578.0 451.5 9.0 Pedestrian
752 1104 19.0 578.0 435.0 9.0 Pedestrian
753 1116 19.0 580.0 418.0 9.0 Pedestrian
754 1128 19.0 582.0 401.0 9.0 Pedestrian
755 1140 19.0 584.0 384.5 9.0 Pedestrian
756 1152 19.0 586.0 365.5 9.0 Pedestrian
757 1164 19.0 586.0 344.5 9.0 Pedestrian
758 1176 19.0 586.0 323.5 9.0 Pedestrian
759 1188 19.0 588.0 302.5 9.0 Pedestrian
760 984 14.0 544.5 643.0 8.0 Pedestrian
761 996 14.0 548.5 622.0 8.0 Pedestrian
762 1008 14.0 550.5 596.5 8.0 Pedestrian
763 1020 14.0 550.5 578.0 8.0 Pedestrian
764 1032 14.0 550.5 555.0 8.0 Pedestrian
765 1044 14.0 550.5 536.0 8.0 Pedestrian
766 1056 14.0 550.5 513.0 8.0 Pedestrian
767 1068 14.0 550.5 492.0 8.0 Pedestrian
768 1080 14.0 552.5 473.0 8.0 Pedestrian
769 1092 14.0 552.5 452.0 8.0 Pedestrian
770 1104 14.0 554.5 435.0 8.0 Pedestrian
771 1116 14.0 554.5 414.0 8.0 Pedestrian
772 1128 14.0 556.5 393.0 8.0 Pedestrian
773 1140 14.0 556.5 376.0 8.0 Pedestrian
774 1152 14.0 558.5 355.0 8.0 Pedestrian
775 1164 14.0 560.5 338.0 8.0 Pedestrian
776 1176 14.0 560.5 317.0 8.0 Pedestrian
777 1188 14.0 562.5 296.0 8.0 Pedestrian
778 1200 14.0 562.5 279.0 8.0 Pedestrian
779 1212 14.0 562.5 262.5 8.0 Pedestrian
780 984 21.0 198.5 1551.5 13.0 Pedestrian
781 996 21.0 204.0 1564.5 13.0 Pedestrian
782 1008 21.0 209.0 1579.0 13.0 Pedestrian
783 1020 21.0 212.0 1602.0 13.0 Pedestrian
784 1032 21.0 215.0 1621.0 13.0 Pedestrian
785 1044 21.0 218.0 1644.0 13.0 Pedestrian
786 1056 21.0 220.5 1663.0 13.0 Pedestrian
787 1068 21.0 227.5 1680.0 13.0 Pedestrian
788 1080 21.0 235.5 1692.5 13.0 Pedestrian
789 1092 21.0 243.5 1709.5 13.0 Pedestrian
790 1104 21.0 251.5 1726.0 13.0 Pedestrian
791 1116 21.0 259.5 1739.0 13.0 Pedestrian
792 1128 21.0 263.5 1755.5 13.0 Pedestrian
793 1140 21.0 261.5 1772.5 13.0 Pedestrian
794 1152 21.0 257.5 1785.0 13.0 Pedestrian
795 1164 21.0 257.5 1802.0 13.0 Pedestrian
796 1176 21.0 259.5 1814.5 13.0 Pedestrian
797 1188 21.0 259.5 1823.0 13.0 Pedestrian
798 1200 21.0 261.5 1835.5 13.0 Pedestrian
799 1212 21.0 263.5 1848.0 13.0 Pedestrian
800 996 54.0 390.0 1386.5 54.0 Pedestrian
801 1008 54.0 400.0 1353.5 54.0 Pedestrian
802 1020 54.0 415.5 1332.5 54.0 Pedestrian
803 1032 54.0 431.5 1316.5 54.0 Pedestrian
804 1044 54.0 449.5 1295.5 54.0 Pedestrian
805 1056 54.0 465.0 1274.0 54.0 Pedestrian
806 1068 54.0 469.0 1269.5 54.0 Pedestrian
807 1080 54.0 472.5 1265.5 54.0 Pedestrian
808 1092 54.0 474.5 1261.5 54.0 Pedestrian
809 1104 54.0 478.5 1261.5 54.0 Pedestrian
810 1116 54.0 482.5 1257.5 54.0 Pedestrian
811 1128 54.0 486.5 1248.5 54.0 Pedestrian
812 1140 54.0 496.5 1231.5 54.0 Pedestrian
813 1152 54.0 506.5 1215.5 54.0 Pedestrian
814 1164 54.0 522.0 1202.5 54.0 Pedestrian
815 1176 54.0 537.5 1189.5 54.0 Pedestrian
816 1188 54.0 553.5 1173.5 54.0 Pedestrian
817 1200 54.0 569.5 1160.5 54.0 Pedestrian
818 1212 54.0 589.0 1152.0 54.0 Pedestrian
819 1224 54.0 614.5 1147.5 54.0 Pedestrian
820 996 68.0 825.0 1623.5 59.0 Pedestrian
821 1008 68.0 822.0 1608.0 59.0 Pedestrian
822 1020 68.0 820.0 1591.5 59.0 Pedestrian
823 1032 68.0 820.0 1574.5 59.0 Pedestrian
824 1044 68.0 822.0 1553.5 59.0 Pedestrian
825 1056 68.0 824.0 1536.5 59.0 Pedestrian
826 1068 68.0 824.0 1520.5 59.0 Pedestrian
827 1080 68.0 826.0 1503.5 59.0 Pedestrian
828 1092 68.0 828.0 1482.5 59.0 Pedestrian
829 1104 68.0 828.0 1465.5 59.0 Pedestrian
830 1116 68.0 830.0 1448.5 59.0 Pedestrian
831 1128 68.0 832.0 1431.5 59.0 Pedestrian
832 1140 68.0 830.0 1410.5 59.0 Pedestrian
833 1152 68.0 830.0 1393.5 59.0 Pedestrian
834 1164 68.0 830.0 1377.5 59.0 Pedestrian
835 1176 68.0 828.0 1360.5 59.0 Pedestrian
836 1188 68.0 828.0 1343.5 59.0 Pedestrian
837 1200 68.0 828.0 1326.5 59.0 Pedestrian
838 1212 68.0 828.0 1309.5 59.0 Pedestrian
839 1224 68.0 826.0 1292.5 59.0 Pedestrian
840 1020 29.0 422.5 445.5 29.0 Pedestrian
841 1032 29.0 407.0 428.5 29.0 Pedestrian
842 1044 29.0 393.0 415.5 29.0 Pedestrian
843 1056 29.0 377.5 399.5 29.0 Pedestrian
844 1068 29.0 361.5 386.5 29.0 Pedestrian
845 1080 29.0 345.5 369.5 29.0 Pedestrian
846 1092 29.0 332.0 357.0 29.0 Pedestrian
847 1104 29.0 316.5 340.5 29.0 Pedestrian
848 1116 29.0 300.5 327.5 29.0 Pedestrian
849 1128 29.0 286.5 319.5 29.0 Pedestrian
850 1140 29.0 273.0 310.5 29.0 Pedestrian
851 1152 29.0 259.5 298.5 29.0 Pedestrian
852 1164 29.0 243.5 289.5 29.0 Pedestrian
853 1176 29.0 229.5 281.5 29.0 Pedestrian
854 1188 29.0 216.0 268.5 29.0 Pedestrian
855 1200 29.0 202.5 260.5 29.0 Pedestrian
856 1212 29.0 186.5 251.5 29.0 Pedestrian
857 1224 29.0 172.5 243.5 29.0 Pedestrian
858 1236 29.0 159.0 230.5 29.0 Pedestrian
859 1248 29.0 149.0 218.5 29.0 Pedestrian
860 1032 58.0 456.35 1981.95 55.0 Pedestrian
861 1044 58.0 455.73 1982.06 55.0 Pedestrian
862 1056 58.0 455.11 1982.17 55.0 Pedestrian
863 1068 58.0 454.49 1982.28 55.0 Pedestrian
864 1080 58.0 453.86 1982.39 55.0 Pedestrian
865 1092 58.0 453.24 1982.51 55.0 Pedestrian
866 1104 58.0 452.62 1982.62 55.0 Pedestrian
867 1116 58.0 452.0 1982.73 55.0 Pedestrian
868 1128 58.0 452.5 1983.0 55.0 Pedestrian
869 1140 58.0 450.5 1983.0 55.0 Pedestrian
870 1152 58.0 450.5 1966.0 55.0 Pedestrian
871 1164 58.0 454.5 1945.0 55.0 Pedestrian
872 1176 58.0 456.5 1924.0 55.0 Pedestrian
873 1188 58.0 460.0 1903.0 55.0 Pedestrian
874 1200 58.0 462.0 1877.5 55.0 Pedestrian
875 1212 58.0 464.0 1856.5 55.0 Pedestrian
876 1224 58.0 467.5 1835.5 55.0 Pedestrian
877 1236 58.0 469.5 1814.5 55.0 Pedestrian
878 1248 58.0 473.5 1793.5 55.0 Pedestrian
879 1260 58.0 475.5 1772.5 55.0 Pedestrian
880 1056 63.0 888.0 746.0 56.0 Pedestrian
881 1068 63.0 886.0 725.0 56.0 Pedestrian
882 1080 63.0 882.0 704.0 56.0 Pedestrian
883 1092 63.0 882.0 679.0 56.0 Pedestrian
884 1104 63.0 882.0 658.0 56.0 Pedestrian
885 1116 63.0 882.0 632.5 56.0 Pedestrian
886 1128 63.0 882.0 611.5 56.0 Pedestrian
887 1140 63.0 882.0 586.5 56.0 Pedestrian
888 1152 63.0 884.0 565.0 56.0 Pedestrian
889 1164 63.0 884.0 552.5 56.0 Pedestrian
890 1176 63.0 884.0 540.0 56.0 Pedestrian
891 1188 63.0 884.0 527.5 56.0 Pedestrian
892 1200 63.0 884.0 515.0 56.0 Pedestrian
893 1212 63.0 884.0 502.0 56.0 Pedestrian
894 1224 63.0 884.0 489.5 56.0 Pedestrian
895 1236 63.0 882.0 477.0 56.0 Pedestrian
896 1248 63.0 880.5 451.5 56.0 Pedestrian
897 1260 63.0 878.5 426.5 56.0 Pedestrian
898 1272 63.0 878.5 397.0 56.0 Pedestrian
899 1284 63.0 876.5 372.0 56.0 Pedestrian
900 1116 3.0 843.5 365.5 0.0 Pedestrian
901 1128 3.0 841.5 361.5 0.0 Pedestrian
902 1140 3.0 840.0 357.5 0.0 Pedestrian
903 1152 3.0 838.0 357.5 0.0 Pedestrian
904 1164 3.0 836.0 357.5 0.0 Pedestrian
905 1176 3.0 832.0 357.5 0.0 Pedestrian
906 1188 3.0 830.0 361.5 0.0 Pedestrian
907 1200 3.0 828.0 361.5 0.0 Pedestrian
908 1212 3.0 824.0 365.5 0.0 Pedestrian
909 1224 3.0 822.0 365.5 0.0 Pedestrian
910 1236 3.0 818.5 369.5 0.0 Pedestrian
911 1248 3.0 796.5 373.5 0.0 Pedestrian
912 1260 3.0 775.0 378.5 0.0 Pedestrian
913 1272 3.0 755.5 378.5 0.0 Pedestrian
914 1284 3.0 733.5 382.5 0.0 Pedestrian
915 1296 3.0 712.0 386.5 0.0 Pedestrian
916 1308 3.0 696.5 390.5 0.0 Pedestrian
917 1320 3.0 678.5 390.5 0.0 Pedestrian
918 1332 3.0 662.5 390.5 0.0 Pedestrian
919 1344 3.0 645.0 390.5 0.0 Pedestrian
920 1152 39.0 1250.5 1207.0 39.0 Pedestrian
921 1164 39.0 1236.5 1211.0 39.0 Pedestrian
922 1176 39.0 1220.5 1215.0 39.0 Pedestrian
923 1188 39.0 1207.0 1215.0 39.0 Pedestrian
924 1200 39.0 1193.0 1219.0 39.0 Pedestrian
925 1212 39.0 1179.5 1223.5 39.0 Pedestrian
926 1224 39.0 1165.5 1228.0 39.0 Pedestrian
927 1236 39.0 1150.0 1228.0 39.0 Pedestrian
928 1248 39.0 1136.0 1228.0 39.0 Pedestrian
929 1260 39.0 1120.5 1228.0 39.0 Pedestrian
930 1272 39.0 1106.5 1228.0 39.0 Pedestrian
931 1284 39.0 1094.5 1228.0 39.0 Pedestrian
932 1296 39.0 1089.0 1228.0 39.0 Pedestrian
933 1308 39.0 1085.0 1228.0 39.0 Pedestrian
934 1320 39.0 1079.0 1228.0 39.0 Pedestrian
935 1332 39.0 1075.0 1228.0 39.0 Pedestrian
936 1344 39.0 1069.0 1228.0 39.0 Pedestrian
937 1356 39.0 1065.5 1228.0 39.0 Pedestrian
938 1368 39.0 1059.5 1228.0 39.0 Pedestrian
939 1380 39.0 1057.5 1228.0 39.0 Pedestrian
940 1188 38.0 1234.5 1280.0 38.0 Pedestrian
941 1200 38.0 1202.0 1257.0 38.0 Pedestrian
942 1212 38.0 1190.5 1259.0 38.0 Pedestrian
943 1224 38.0 1178.5 1263.5 38.0 Pedestrian
944 1236 38.0 1166.5 1268.0 38.0 Pedestrian
945 1248 38.0 1152.5 1272.0 38.0 Pedestrian
946 1260 38.0 1141.0 1274.0 38.0 Pedestrian
947 1272 38.0 1129.5 1278.0 38.0 Pedestrian
948 1284 38.0 1119.5 1282.0 38.0 Pedestrian
949 1296 38.0 1113.5 1282.0 38.0 Pedestrian
950 1308 38.0 1105.5 1284.5 38.0 Pedestrian
951 1320 38.0 1097.5 1284.5 38.0 Pedestrian
952 1332 38.0 1091.5 1284.5 38.0 Pedestrian
953 1344 38.0 1083.5 1286.5 38.0 Pedestrian
954 1356 38.0 1078.0 1286.5 38.0 Pedestrian
955 1368 38.0 1070.5 1286.5 38.0 Pedestrian
956 1380 38.0 1070.5 1286.5 38.0 Pedestrian
957 1392 38.0 1068.5 1282.5 38.0 Pedestrian
958 1404 38.0 1066.5 1280.5 38.0 Pedestrian
959 1416 38.0 1065.5 1278.0 38.0 Pedestrian
960 1200 11.0 156.0 1699.0 6.0 Pedestrian
961 1212 11.0 156.0 1699.0 6.0 Pedestrian
962 1224 11.0 156.0 1699.0 6.0 Pedestrian
963 1236 11.0 156.0 1695.0 6.0 Pedestrian
964 1248 11.0 156.0 1695.0 6.0 Pedestrian
965 1260 11.0 156.0 1695.0 6.0 Pedestrian
966 1272 11.0 156.0 1692.5 6.0 Pedestrian
967 1284 11.0 156.0 1692.5 6.0 Pedestrian
968 1296 11.0 156.0 1688.0 6.0 Pedestrian
969 1308 11.0 156.0 1684.0 6.0 Pedestrian
970 1320 11.0 156.0 1676.0 6.0 Pedestrian
971 1332 11.0 156.0 1671.5 6.0 Pedestrian
972 1344 11.0 158.0 1663.0 6.0 Pedestrian
973 1356 11.0 158.0 1659.0 6.0 Pedestrian
974 1368 11.0 158.0 1655.0 6.0 Pedestrian
975 1380 11.0 158.0 1646.0 6.0 Pedestrian
976 1392 11.0 158.0 1642.0 6.0 Pedestrian
977 1404 11.0 163.5 1629.0 6.0 Pedestrian
978 1416 11.0 167.5 1621.0 6.0 Pedestrian
979 1428 11.0 171.5 1608.0 6.0 Pedestrian
980 1236 69.0 826.0 1276.5 59.0 Pedestrian
981 1248 69.0 826.0 1259.5 59.0 Pedestrian
982 1260 69.0 826.0 1242.5 59.0 Pedestrian
983 1272 69.0 826.0 1225.5 59.0 Pedestrian
984 1284 69.0 830.0 1204.5 59.0 Pedestrian
985 1296 69.0 832.0 1187.5 59.0 Pedestrian
986 1308 69.0 834.0 1170.5 59.0 Pedestrian
987 1320 69.0 836.0 1154.5 59.0 Pedestrian
988 1332 69.0 838.0 1137.5 59.0 Pedestrian
989 1344 69.0 842.0 1116.5 59.0 Pedestrian
990 1356 69.0 844.0 1099.5 59.0 Pedestrian
991 1368 69.0 845.5 1082.5 59.0 Pedestrian
992 1380 69.0 845.5 1061.5 59.0 Pedestrian
993 1392 69.0 845.5 1040.5 59.0 Pedestrian
994 1404 69.0 845.5 1019.5 59.0 Pedestrian
995 1416 69.0 845.5 994.5 59.0 Pedestrian
996 1428 69.0 844.0 973.5 59.0 Pedestrian
997 1440 69.0 844.0 952.5 59.0 Pedestrian
998 1452 69.0 844.0 931.5 59.0 Pedestrian
999 1464 69.0 844.0 910.5 59.0 Pedestrian
1000 1260 30.0 139.5 205.5 29.0 Pedestrian
1001 1272 30.0 129.5 188.5 29.0 Pedestrian
1002 1284 30.0 119.5 176.5 29.0 Pedestrian
1003 1296 30.0 111.5 163.5 29.0 Pedestrian
1004 1308 30.0 103.5 150.5 29.0 Pedestrian
1005 1320 30.0 97.0 138.5 29.0 Pedestrian
1006 1332 30.0 91.0 125.5 29.0 Pedestrian
1007 1344 30.0 83.5 115.5 29.0 Pedestrian
1008 1356 30.0 76.5 102.5 29.0 Pedestrian
1009 1368 30.0 70.5 90.0 29.0 Pedestrian
1010 1380 30.0 68.5 90.0 29.0 Pedestrian
1011 1392 30.0 68.5 90.0 29.0 Pedestrian
1012 1404 30.0 68.5 90.0 29.0 Pedestrian
1013 1416 30.0 68.5 90.0 29.0 Pedestrian
1014 1428 30.0 68.5 90.0 29.0 Pedestrian
1015 1440 30.0 68.5 90.0 29.0 Pedestrian
1016 1452 30.0 68.5 90.0 29.0 Pedestrian
1017 1464 30.0 68.5 90.0 29.0 Pedestrian
1018 1476 30.0 68.5 90.0 29.0 Pedestrian
1019 1488 30.0 68.5 90.0 29.0 Pedestrian
1020 1272 59.0 479.5 1751.5 55.0 Pedestrian
1021 1284 59.0 481.5 1730.5 55.0 Pedestrian
1022 1296 59.0 485.5 1709.0 55.0 Pedestrian
1023 1308 59.0 487.5 1688.0 55.0 Pedestrian
1024 1320 59.0 489.5 1667.0 55.0 Pedestrian
1025 1332 59.0 493.5 1646.0 55.0 Pedestrian
1026 1344 59.0 493.5 1625.0 55.0 Pedestrian
1027 1356 59.0 493.5 1600.0 55.0 Pedestrian
1028 1368 59.0 495.5 1579.0 55.0 Pedestrian
1029 1380 59.0 495.5 1558.0 55.0 Pedestrian
1030 1392 59.0 497.5 1533.0 55.0 Pedestrian
1031 1404 59.0 497.5 1512.0 55.0 Pedestrian
1032 1416 59.0 499.5 1490.5 55.0 Pedestrian
1033 1428 59.0 499.5 1465.5 55.0 Pedestrian
1034 1440 59.0 501.5 1444.0 55.0 Pedestrian
1035 1452 59.0 501.5 1423.0 55.0 Pedestrian
1036 1464 59.0 501.5 1398.0 55.0 Pedestrian
1037 1476 59.0 503.5 1377.0 55.0 Pedestrian
1038 1488 59.0 503.5 1356.0 55.0 Pedestrian
1039 1500 59.0 507.5 1335.0 55.0 Pedestrian
