0 0.0 -9.746 -14.063
12 0.0 -9.266 -13.845
24 0.0 -8.787 -13.562
36 0.0 -8.307 -13.365
48 0.0 -7.827 -13.06
60 0.0 -7.239 -12.755
72 0.0 -6.759 -12.581
84 0.0 -6.279 -12.275
0 1.0 -7.588 15.284
12 1.0 -7.217 15.415
24 1.0 -6.868 15.502
36 1.0 -6.388 15.698
48 1.0 -6.04 15.807
60 1.0 -5.56 15.982
72 1.0 -5.189 16.091
84 1.0 -4.819 16.2
0 3.0 28.148 19.558
12 3.0 28.148 19.558
24 3.0 28.148 19.558
36 3.0 28.148 19.558
48 3.0 28.148 19.558
60 3.0 28.148 19.558
72 3.0 28.148 19.558
84 3.0 28.148 19.558
0 5.0 27.123 20.735
12 5.0 27.123 20.735
24 5.0 27.123 20.735
36 5.0 27.123 20.735
48 5.0 27.123 20.735
60 5.0 27.123 20.735
72 5.0 27.123 20.735
84 5.0 27.123 20.735
0 7.0 27.254 21.629
12 7.0 27.254 21.629
24 7.0 27.254 21.629
36 7.0 27.254 21.629
48 7.0 27.254 21.629
60 7.0 27.254 21.629
72 7.0 27.254 21.629
84 7.0 27.254 21.629
0 9.0 11.338 21.367
12 9.0 11.817 21.476
24 9.0 12.406 21.585
36 9.0 12.908 21.673
48 9.0 13.475 21.782
60 9.0 14.085 21.869
72 9.0 14.565 21.978
84 9.0 15.175 22.065
240 2.0 0.589 17.857
252 2.0 0.938 18.075
264 2.0 1.417 18.162
276 2.0 1.766 18.249
288 2.0 2.137 18.38
300 2.0 2.507 18.555
312 2.0 2.856 18.664
324 2.0 3.205 18.86
240 4.0 28.148 19.558
252 4.0 28.148 19.558
264 4.0 28.148 19.558
276 4.0 28.148 19.558
288 4.0 28.148 19.558
300 4.0 28.148 19.558
312 4.0 28.148 19.558
324 4.0 28.148 19.558
240 6.0 27.123 20.735
252 6.0 27.123 20.735
264 6.0 27.123 20.735
276 6.0 27.123 20.735
288 6.0 27.123 20.735
300 6.0 27.123 20.735
312 6.0 27.123 20.735
324 6.0 27.123 20.735
240 8.0 27.254 21.629
252 8.0 27.254 21.629
264 8.0 27.254 21.629
276 8.0 27.254 21.629
288 8.0 27.254 21.629
300 8.0 27.254 21.629
312 8.0 27.254 21.629
324 8.0 27.254 21.629
