0 0 45 610.5 1748.5 45.0 Pedestrian
1 12 45 602.5 1736.5 45.0 Pedestrian
2 24 45 594.5 1727.5 45.0 Pedestrian
3 36 45 589.0 1715.5 45.0 Pedestrian
4 48 45 583.0 1702.5 45.0 Pedestrian
5 60 45 577.0 1690.0 45.0 Pedestrian
6 72 45 571.0 1677.5 45.0 Pedestrian
7 84 45 565.0 1664.5 45.0 Pedestrian
8 96 45 561.0 1652.5 45.0 Pedestrian
9 108 45 559.0 1643.5 45.0 Pedestrian
10 120 45 559.0 1631.5 45.0 Pedestrian
11 132 45 557.0 1618.5 45.0 Pedestrian
12 144 45 555.0 1610.5 45.0 Pedestrian
13 156 45 551.0 1597.5 45.0 Pedestrian
14 168 45 545.0 1589.5 45.0 Pedestrian
15 180 45 537.0 1576.5 45.0 Pedestrian
16 192 45 531.0 1568.5 45.0 Pedestrian
17 204 45 525.5 1556.0 45.0 Pedestrian
18 216 45 519.5 1543.5 45.0 Pedestrian
19 228 45 513.5 1535.0 45.0 Pedestrian
20 0 18 1172.0 1447.0 14.0 Pedestrian
21 12 18 1156.0 1447.0 14.0 Pedestrian
22 24 18 1140.0 1447.0 14.0 Pedestrian
23 36 18 1124.5 1447.0 14.0 Pedestrian
24 48 18 1108.5 1455.5 14.0 Pedestrian
25 60 18 1093.0 1463.5 14.0 Pedestrian
26 72 18 1079.0 1468.0 14.0 Pedestrian
27 84 18 1063.0 1476.5 14.0 Pedestrian
28 96 18 1047.0 1484.5 14.0 Pedestrian
29 108 18 1031.0 1489.0 14.0 Pedestrian
30 120 18 1015.5 1497.5 14.0 Pedestrian
31 132 18 1000.0 1505.5 14.0 Pedestrian
32 144 18 984.0 1514.0 14.0 Pedestrian
33 156 18 970.0 1518.5 14.0 Pedestrian
34 168 18 954.0 1526.5 14.0 Pedestrian
35 180 18 938.0 1535.0 14.0 Pedestrian
36 192 18 922.5 1543.5 14.0 Pedestrian
37 204 18 908.5 1547.5 14.0 Pedestrian
38 216 18 893.0 1556.0 14.0 Pedestrian
39 228 18 877.0 1564.5 14.0 Pedestrian
40 0 21 203.5 1482.5 15.0 Pedestrian
41 12 21 199.5 1470.5 15.0 Pedestrian
42 24 21 197.5 1457.5 15.0 Pedestrian
43 36 21 193.5 1444.5 15.0 Pedestrian
44 48 21 191.5 1432.5 15.0 Pedestrian
45 60 21 188.0 1419.5 15.0 Pedestrian
46 72 21 186.0 1407.5 15.0 Pedestrian
47 84 21 182.0 1394.5 15.0 Pedestrian
48 96 21 180.0 1382.5 15.0 Pedestrian
49 108 21 180.0 1365.5 15.0 Pedestrian
50 120 21 182.0 1344.5 15.0 Pedestrian
51 132 21 182.0 1323.5 15.0 Pedestrian
52 144 21 184.0 1302.5 15.0 Pedestrian
53 156 21 186.0 1285.5 15.0 Pedestrian
54 168 21 186.0 1268.5 15.0 Pedestrian
55 180 21 186.0 1252.5 15.0 Pedestrian
56 192 21 188.0 1235.5 15.0 Pedestrian
57 204 21 188.0 1218.5 15.0 Pedestrian
58 216 21 190.0 1206.5 15.0 Pedestrian
59 228 21 191.5 1193.5 15.0 Pedestrian
60 144 7 1399.0 1462.0 7.0 Pedestrian
61 156 7 1385.0 1462.0 7.0 Pedestrian
62 168 7 1371.0 1462.0 7.0 Pedestrian
63 180 7 1357.0 1462.0 7.0 Pedestrian
64 192 7 1343.0 1462.0 7.0 Pedestrian
65 204 7 1327.5 1462.0 7.0 Pedestrian
66 216 7 1313.5 1466.0 7.0 Pedestrian
67 228 7 1298.0 1466.0 7.0 Pedestrian
68 240 7 1296.0 1470.0 7.0 Pedestrian
69 252 7 1296.0 1470.0 7.0 Pedestrian
70 264 7 1276.0 1470.0 7.0 Pedestrian
71 276 7 1236.5 1474.0 7.0 Pedestrian
72 288 7 1216.5 1470.0 7.0 Pedestrian
73 300 7 1197.0 1470.0 7.0 Pedestrian
74 312 7 1181.0 1470.0 7.0 Pedestrian
75 324 7 1167.0 1470.0 7.0 Pedestrian
76 336 7 1155.0 1474.0 7.0 Pedestrian
77 348 7 1141.0 1474.0 7.0 Pedestrian
78 360 7 1127.5 1478.5 7.0 Pedestrian
79 372 7 1113.5 1483.0 7.0 Pedestrian
80 192 27 1370.0 1183.0 27.0 Pedestrian
81 204 27 1318.5 1183.0 27.0 Pedestrian
82 216 27 1269.0 1183.0 27.0 Pedestrian
83 228 27 1217.5 1179.0 27.0 Pedestrian
84 240 27 1166.0 1179.0 27.0 Pedestrian
85 252 27 1118.5 1170.5 27.0 Pedestrian
86 264 27 1071.0 1158.0 27.0 Pedestrian
87 276 27 1025.5 1149.5 27.0 Pedestrian
88 288 27 978.0 1137.0 27.0 Pedestrian
89 300 27 930.5 1124.5 27.0 Pedestrian
90 312 27 893.0 1103.5 27.0 Pedestrian
91 324 27 861.0 1074.0 27.0 Pedestrian
92 336 27 831.5 1049.0 27.0 Pedestrian
93 348 27 799.5 1019.5 27.0 Pedestrian
94 360 27 768.0 990.5 27.0 Pedestrian
95 372 27 737.0 946.5 27.0 Pedestrian
96 384 27 705.5 883.5 27.0 Pedestrian
97 396 27 684.0 827.0 27.0 Pedestrian
98 408 27 676.0 782.5 27.0 Pedestrian
99 420 27 658.0 720.5 27.0 Pedestrian
100 240 46 507.5 1522.5 45.0 Pedestrian
101 252 46 503.5 1514.0 45.0 Pedestrian
102 264 46 497.5 1501.5 45.0 Pedestrian
103 276 46 493.5 1493.5 45.0 Pedestrian
104 288 46 488.0 1480.5 45.0 Pedestrian
105 300 46 484.0 1468.0 45.0 Pedestrian
106 312 46 482.0 1455.5 45.0 Pedestrian
107 324 46 478.0 1447.0 45.0 Pedestrian
108 336 46 474.0 1434.5 45.0 Pedestrian
109 348 46 472.0 1421.5 45.0 Pedestrian
110 360 46 466.0 1413.5 45.0 Pedestrian
111 372 46 460.0 1400.5 45.0 Pedestrian
112 384 46 452.0 1392.5 45.0 Pedestrian
113 396 46 446.0 1380.0 45.0 Pedestrian
114 408 46 440.0 1371.5 45.0 Pedestrian
115 420 46 436.0 1359.0 45.0 Pedestrian
116 432 46 430.0 1350.5 45.0 Pedestrian
117 444 46 426.5 1338.0 45.0 Pedestrian
118 456 46 422.5 1325.5 45.0 Pedestrian
119 468 46 418.5 1313.0 45.0 Pedestrian
120 240 19 863.0 1572.5 14.0 Pedestrian
121 252 19 847.0 1576.5 14.0 Pedestrian
122 264 19 833.0 1585.5 14.0 Pedestrian
123 276 19 817.5 1593.5 14.0 Pedestrian
124 288 19 802.0 1597.5 14.0 Pedestrian
125 300 19 788.0 1606.5 14.0 Pedestrian
126 312 19 772.0 1614.5 14.0 Pedestrian
127 324 19 756.0 1618.5 14.0 Pedestrian
128 336 19 740.0 1623.0 14.0 Pedestrian
129 348 19 722.5 1627.5 14.0 Pedestrian
130 360 19 706.5 1635.5 14.0 Pedestrian
131 372 19 691.0 1639.5 14.0 Pedestrian
132 384 19 675.0 1644.0 14.0 Pedestrian
133 396 19 657.0 1648.0 14.0 Pedestrian
134 408 19 641.0 1648.0 14.0 Pedestrian
135 420 19 625.0 1648.0 14.0 Pedestrian
136 432 19 609.5 1644.0 14.0 Pedestrian
137 444 19 594.0 1644.0 14.0 Pedestrian
138 456 19 578.0 1639.5 14.0 Pedestrian
139 468 19 562.0 1639.5 14.0 Pedestrian
140 240 22 193.5 1176.5 15.0 Pedestrian
141 252 22 193.5 1164.5 15.0 Pedestrian
142 264 22 195.5 1147.5 15.0 Pedestrian
143 276 22 197.5 1134.5 15.0 Pedestrian
144 288 22 199.5 1122.5 15.0 Pedestrian
145 300 22 201.5 1109.5 15.0 Pedestrian
146 312 22 207.5 1092.5 15.0 Pedestrian
147 324 22 213.5 1080.5 15.0 Pedestrian
148 336 22 219.0 1067.5 15.0 Pedestrian
149 348 22 225.0 1051.5 15.0 Pedestrian
150 360 22 231.0 1038.5 15.0 Pedestrian
151 372 22 237.0 1025.5 15.0 Pedestrian
152 384 22 243.0 1009.5 15.0 Pedestrian
153 396 22 249.0 996.5 15.0 Pedestrian
154 408 22 253.0 984.5 15.0 Pedestrian
155 420 22 257.0 971.5 15.0 Pedestrian
156 432 22 261.0 954.5 15.0 Pedestrian
157 444 22 267.0 942.5 15.0 Pedestrian
158 456 22 271.0 929.5 15.0 Pedestrian
159 468 22 271.0 912.5 15.0 Pedestrian
160 336 35 541.0 1734.0 35.0 Pedestrian
161 348 35 541.0 1721.5 35.0 Pedestrian
162 360 35 541.0 1704.5 35.0 Pedestrian
163 372 35 541.0 1692.0 35.0 Pedestrian
164 384 35 541.0 1679.5 35.0 Pedestrian
165 396 35 541.0 1662.5 35.0 Pedestrian
166 408 35 539.0 1646.0 35.0 Pedestrian
167 420 35 539.0 1629.5 35.0 Pedestrian
168 432 35 537.0 1604.0 35.0 Pedestrian
169 444 35 537.0 1583.0 35.0 Pedestrian
170 456 35 533.0 1562.5 35.0 Pedestrian
171 468 35 527.5 1545.5 35.0 Pedestrian
172 480 35 521.5 1524.5 35.0 Pedestrian
173 492 35 515.5 1507.5 35.0 Pedestrian
174 504 35 509.5 1491.0 35.0 Pedestrian
175 516 35 502.5 1478.5 35.0 Pedestrian
176 528 35 494.5 1464.0 35.0 Pedestrian
177 540 35 488.5 1451.0 35.0 Pedestrian
178 552 35 481.0 1436.5 35.0 Pedestrian
179 564 35 473.0 1422.0 35.0 Pedestrian
180 384 8 1100.0 1487.0 7.0 Pedestrian
181 396 8 1084.0 1495.0 7.0 Pedestrian
182 408 8 1068.0 1503.5 7.0 Pedestrian
183 420 8 1048.0 1508.0 7.0 Pedestrian
184 432 8 1028.5 1512.0 7.0 Pedestrian
185 444 8 1012.5 1516.0 7.0 Pedestrian
186 456 8 999.0 1520.0 7.0 Pedestrian
187 468 8 983.0 1524.5 7.0 Pedestrian
188 480 8 967.0 1529.0 7.0 Pedestrian
189 492 8 953.0 1537.0 7.0 Pedestrian
190 504 8 935.0 1537.0 7.0 Pedestrian
191 516 8 920.5 1543.5 7.0 Pedestrian
192 528 8 905.5 1551.5 7.0 Pedestrian
193 540 8 891.5 1560.5 7.0 Pedestrian
194 552 8 878.0 1560.5 7.0 Pedestrian
195 564 8 866.0 1560.5 7.0 Pedestrian
196 576 8 852.0 1562.5 7.0 Pedestrian
197 588 8 840.0 1562.5 7.0 Pedestrian
198 600 8 826.5 1575.0 7.0 Pedestrian
199 612 8 812.5 1589.5 7.0 Pedestrian
200 420 39 725.5 1826.0 39.0 Pedestrian
201 432 39 729.5 1809.5 39.0 Pedestrian
202 444 39 733.5 1788.5 39.0 Pedestrian
203 456 39 739.5 1772.0 39.0 Pedestrian
204 468 39 743.0 1755.0 39.0 Pedestrian
205 480 39 747.0 1738.0 39.0 Pedestrian
206 492 39 757.0 1726.0 39.0 Pedestrian
207 504 39 767.0 1719.0 39.0 Pedestrian
208 516 39 778.0 1713.0 39.0 Pedestrian
209 528 39 788.0 1706.5 39.0 Pedestrian
210 540 39 798.5 1700.5 39.0 Pedestrian
211 552 39 809.5 1692.0 39.0 Pedestrian
212 564 39 823.5 1679.5 39.0 Pedestrian
213 576 39 837.0 1671.0 39.0 Pedestrian
214 588 39 849.0 1656.5 39.0 Pedestrian
215 600 39 862.0 1644.0 39.0 Pedestrian
216 612 39 875.0 1629.0 39.0 Pedestrian
217 624 39 887.0 1616.5 39.0 Pedestrian
218 636 39 900.5 1600.0 39.0 Pedestrian
219 648 39 912.5 1587.5 39.0 Pedestrian
220 480 47 412.5 1304.5 45.0 Pedestrian
221 492 47 408.5 1292.0 45.0 Pedestrian
222 504 47 406.5 1279.5 45.0 Pedestrian
223 516 47 407.5 1271.0 45.0 Pedestrian
224 528 47 409.5 1262.5 45.0 Pedestrian
225 540 47 412.5 1254.0 45.0 Pedestrian
226 552 47 413.5 1246.0 45.0 Pedestrian
227 564 47 415.5 1237.5 45.0 Pedestrian
228 576 47 415.5 1227.0 45.0 Pedestrian
229 588 47 411.5 1210.5 45.0 Pedestrian
230 600 47 407.5 1197.5 45.0 Pedestrian
231 612 47 403.5 1181.0 45.0 Pedestrian
232 624 47 399.5 1164.0 45.0 Pedestrian
233 636 47 395.5 1151.5 45.0 Pedestrian
234 648 47 391.5 1135.0 45.0 Pedestrian
235 660 47 387.5 1122.5 45.0 Pedestrian
236 672 47 383.5 1105.5 45.0 Pedestrian
237 684 47 382.0 1097.0 45.0 Pedestrian
238 696 47 378.0 1084.5 45.0 Pedestrian
239 708 47 374.0 1076.0 45.0 Pedestrian
240 480 20 546.0 1639.5 14.0 Pedestrian
241 492 20 528.0 1639.5 14.0 Pedestrian
242 504 20 512.5 1635.5 14.0 Pedestrian
243 516 20 497.5 1631.5 14.0 Pedestrian
244 528 20 483.0 1627.5 14.0 Pedestrian
245 540 20 467.0 1623.0 14.0 Pedestrian
246 552 20 452.0 1614.5 14.0 Pedestrian
247 564 20 436.0 1610.5 14.0 Pedestrian
248 576 20 420.5 1604.5 14.0 Pedestrian
249 588 20 402.5 1595.5 14.0 Pedestrian
250 600 20 386.5 1591.5 14.0 Pedestrian
251 612 20 371.0 1583.5 14.0 Pedestrian
252 624 20 355.0 1576.5 14.0 Pedestrian
253 636 20 343.0 1564.5 14.0 Pedestrian
254 648 20 330.5 1551.5 14.0 Pedestrian
255 660 20 317.5 1543.5 14.0 Pedestrian
256 672 20 303.5 1530.5 14.0 Pedestrian
257 684 20 289.5 1526.5 14.0 Pedestrian
258 696 20 274.0 1522.5 14.0 Pedestrian
259 708 20 258.0 1518.5 14.0 Pedestrian
260 480 23 271.0 891.5 15.0 Pedestrian
261 492 23 271.0 875.5 15.0 Pedestrian
262 504 23 269.0 856.5 15.0 Pedestrian
263 516 23 265.0 843.5 15.0 Pedestrian
264 528 23 261.0 829.0 15.0 Pedestrian
265 540 23 257.0 818.5 15.0 Pedestrian
266 552 23 253.0 804.0 15.0 Pedestrian
267 564 23 249.0 791.0 15.0 Pedestrian
268 576 23 245.0 779.0 15.0 Pedestrian
269 588 23 241.0 766.0 15.0 Pedestrian
270 600 23 238.0 756.0 15.0 Pedestrian
271 612 23 234.0 743.0 15.0 Pedestrian
272 624 23 230.0 735.0 15.0 Pedestrian
273 636 23 226.5 722.0 15.0 Pedestrian
274 648 23 222.5 714.0 15.0 Pedestrian
275 660 23 218.5 705.5 15.0 Pedestrian
276 672 23 214.5 693.0 15.0 Pedestrian
277 684 23 210.5 689.0 15.0 Pedestrian
278 696 23 206.5 680.0 15.0 Pedestrian
279 708 23 202.5 672.0 15.0 Pedestrian
280 576 36 466.0 1409.0 35.0 Pedestrian
281 588 36 458.0 1392.5 35.0 Pedestrian
282 600 36 452.0 1380.0 35.0 Pedestrian
283 612 36 444.0 1367.5 35.0 Pedestrian
284 624 36 438.0 1350.5 35.0 Pedestrian
285 636 36 430.5 1338.0 35.0 Pedestrian
286 648 36 424.5 1325.5 35.0 Pedestrian
287 660 36 416.5 1309.0 35.0 Pedestrian
288 672 36 410.5 1296.0 35.0 Pedestrian
289 684 36 408.5 1279.5 35.0 Pedestrian
290 696 36 406.5 1262.5 35.0 Pedestrian
291 708 36 402.5 1246.0 35.0 Pedestrian
292 720 36 400.5 1229.0 35.0 Pedestrian
293 732 36 396.5 1212.5 35.0 Pedestrian
294 744 36 394.5 1195.5 35.0 Pedestrian
295 756 36 390.5 1174.5 35.0 Pedestrian
296 768 36 388.5 1158.0 35.0 Pedestrian
297 780 36 384.5 1137.0 35.0 Pedestrian
298 792 36 381.0 1120.0 35.0 Pedestrian
299 804 36 375.0 1112.0 35.0 Pedestrian
300 624 9 798.5 1604.0 7.0 Pedestrian
301 636 9 783.0 1616.5 7.0 Pedestrian
302 648 9 767.0 1625.0 7.0 Pedestrian
303 660 9 751.0 1637.5 7.0 Pedestrian
304 672 9 731.5 1637.5 7.0 Pedestrian
305 684 9 713.5 1637.5 7.0 Pedestrian
306 696 9 695.5 1637.5 7.0 Pedestrian
307 708 9 678.0 1637.5 7.0 Pedestrian
308 720 9 662.0 1633.5 7.0 Pedestrian
309 732 9 646.0 1633.5 7.0 Pedestrian
310 744 9 630.5 1629.5 7.0 Pedestrian
311 756 9 614.5 1625.0 7.0 Pedestrian
312 768 9 602.5 1621.0 7.0 Pedestrian
313 780 9 588.5 1616.5 7.0 Pedestrian
314 792 9 575.0 1612.5 7.0 Pedestrian
315 804 9 557.0 1616.5 7.0 Pedestrian
316 816 9 539.0 1621.0 7.0 Pedestrian
317 828 9 521.5 1625.0 7.0 Pedestrian
318 840 9 505.5 1629.5 7.0 Pedestrian
319 852 9 489.5 1625.0 7.0 Pedestrian
320 660 40 924.5 1575.0 39.0 Pedestrian
321 672 40 936.5 1562.0 39.0 Pedestrian
322 684 40 948.0 1549.5 39.0 Pedestrian
323 696 40 960.0 1537.0 39.0 Pedestrian
324 708 40 970.0 1524.5 39.0 Pedestrian
325 720 40 982.0 1516.0 39.0 Pedestrian
326 732 40 992.0 1503.5 39.0 Pedestrian
327 744 40 1001.5 1491.0 39.0 Pedestrian
328 756 40 1011.5 1478.5 39.0 Pedestrian
329 768 40 1021.5 1466.0 39.0 Pedestrian
330 780 40 1029.5 1449.0 39.0 Pedestrian
331 792 40 1037.5 1432.5 39.0 Pedestrian
332 804 40 1047.0 1420.0 39.0 Pedestrian
333 816 40 1055.0 1403.0 39.0 Pedestrian
334 828 40 1063.0 1386.0 39.0 Pedestrian
335 840 40 1075.0 1373.5 39.0 Pedestrian
336 852 40 1089.0 1365.5 39.0 Pedestrian
337 864 40 1102.5 1357.0 39.0 Pedestrian
338 876 40 1116.5 1348.5 39.0 Pedestrian
339 888 40 1131.5 1344.5 39.0 Pedestrian
340 720 48 372.0 1063.5 45.0 Pedestrian
341 732 48 368.0 1055.5 45.0 Pedestrian
342 744 48 366.0 1042.5 45.0 Pedestrian
343 756 48 362.0 1034.5 45.0 Pedestrian
344 768 48 358.0 1021.5 45.0 Pedestrian
345 780 48 356.0 1013.5 45.0 Pedestrian
346 792 48 354.0 1001.0 45.0 Pedestrian
347 804 48 354.0 988.5 45.0 Pedestrian
348 816 48 354.0 980.0 45.0 Pedestrian
349 828 48 355.0 967.5 45.0 Pedestrian
350 840 48 356.0 954.5 45.0 Pedestrian
351 852 48 356.0 942.0 45.0 Pedestrian
352 864 48 357.0 929.5 45.0 Pedestrian
353 876 48 357.0 921.0 45.0 Pedestrian
354 888 48 357.0 908.5 45.0 Pedestrian
355 900 48 359.0 900.5 45.0 Pedestrian
356 912 48 361.0 887.5 45.0 Pedestrian
357 924 48 365.0 879.5 45.0 Pedestrian
358 936 48 367.0 866.5 45.0 Pedestrian
359 948 48 369.0 858.5 45.0 Pedestrian
360 792 34 678.0 793.5 34.0 Pedestrian
361 804 34 665.0 797.5 34.0 Pedestrian
362 816 34 649.0 802.0 34.0 Pedestrian
363 828 34 633.5 802.0 34.0 Pedestrian
364 840 34 617.5 806.0 34.0 Pedestrian
365 852 34 601.5 806.0 34.0 Pedestrian
366 864 34 578.0 806.0 34.0 Pedestrian
367 876 34 550.0 802.0 34.0 Pedestrian
368 888 34 524.5 799.5 34.0 Pedestrian
369 900 34 502.5 795.5 34.0 Pedestrian
370 912 34 483.5 787.0 34.0 Pedestrian
371 924 34 466.0 783.0 34.0 Pedestrian
372 936 34 449.0 774.5 34.0 Pedestrian
373 948 34 425.5 762.0 34.0 Pedestrian
374 960 34 403.5 745.5 34.0 Pedestrian
375 972 34 379.5 732.5 34.0 Pedestrian
376 984 34 353.0 724.5 34.0 Pedestrian
377 996 34 327.5 711.5 34.0 Pedestrian
378 1008 34 308.5 699.0 34.0 Pedestrian
379 1020 34 287.5 686.5 34.0 Pedestrian
380 816 37 367.0 1099.0 35.0 Pedestrian
381 828 37 361.0 1091.0 35.0 Pedestrian
382 840 37 353.0 1082.5 35.0 Pedestrian
383 852 37 347.0 1070.0 35.0 Pedestrian
384 864 37 345.0 1053.0 35.0 Pedestrian
385 876 37 343.0 1036.5 35.0 Pedestrian
386 888 37 339.0 1024.0 35.0 Pedestrian
387 900 37 337.0 1007.0 35.0 Pedestrian
388 912 37 333.0 990.5 35.0 Pedestrian
389 924 37 331.0 973.5 35.0 Pedestrian
390 936 37 325.5 957.0 35.0 Pedestrian
391 948 37 321.5 940.0 35.0 Pedestrian
392 960 37 315.5 923.5 35.0 Pedestrian
393 972 37 309.5 906.5 35.0 Pedestrian
394 984 37 305.5 890.0 35.0 Pedestrian
395 996 37 299.5 873.0 35.0 Pedestrian
396 1008 37 294.5 858.0 35.0 Pedestrian
397 1020 37 289.5 848.0 35.0 Pedestrian
398 1032 37 283.5 835.0 35.0 Pedestrian
399 1044 37 277.5 825.0 35.0 Pedestrian
400 864 10 476.0 1621.0 7.0 Pedestrian
401 876 10 462.0 1616.5 7.0 Pedestrian
402 888 10 448.0 1616.5 7.0 Pedestrian
403 900 10 432.0 1612.5 7.0 Pedestrian
404 912 10 414.5 1604.0 7.0 Pedestrian
405 924 10 398.5 1600.0 7.0 Pedestrian
406 936 10 382.5 1595.5 7.0 Pedestrian
407 948 10 367.0 1591.5 7.0 Pedestrian
408 960 10 351.0 1587.5 7.0 Pedestrian
409 972 10 335.0 1583.0 7.0 Pedestrian
410 984 10 321.5 1583.0 7.0 Pedestrian
411 996 10 305.5 1579.0 7.0 Pedestrian
412 1008 10 289.5 1575.0 7.0 Pedestrian
413 1020 10 274.0 1568.5 7.0 Pedestrian
414 1032 10 258.0 1564.5 7.0 Pedestrian
415 1044 10 242.0 1558.0 7.0 Pedestrian
416 1056 10 226.5 1553.5 7.0 Pedestrian
417 1068 10 210.5 1545.5 7.0 Pedestrian
418 1080 10 194.5 1541.5 7.0 Pedestrian
419 1092 10 180.5 1535.0 7.0 Pedestrian
420 900 41 1143.5 1336.0 39.0 Pedestrian
421 912 41 1155.0 1327.5 39.0 Pedestrian
422 924 41 1168.0 1323.5 39.0 Pedestrian
423 936 41 1181.0 1315.0 39.0 Pedestrian
424 948 41 1194.0 1311.0 39.0 Pedestrian
425 960 41 1205.5 1300.5 39.0 Pedestrian
426 972 41 1217.5 1285.5 39.0 Pedestrian
427 984 41 1229.5 1273.0 39.0 Pedestrian
428 996 41 1241.5 1260.5 39.0 Pedestrian
429 1008 41 1251.0 1246.0 39.0 Pedestrian
430 1020 41 1260.0 1233.5 39.0 Pedestrian
431 1032 41 1271.0 1222.5 39.0 Pedestrian
432 1044 41 1280.0 1210.5 39.0 Pedestrian
433 1056 41 1290.0 1199.5 39.0 Pedestrian
434 1068 41 1298.5 1187.5 39.0 Pedestrian
435 1080 41 1309.5 1176.5 39.0 Pedestrian
436 1092 41 1318.5 1164.5 39.0 Pedestrian
437 1104 41 1330.5 1153.5 39.0 Pedestrian
438 1116 41 1342.5 1149.5 39.0 Pedestrian
439 1128 41 1360.0 1149.5 39.0 Pedestrian
440 960 49 371.0 850.0 45.0 Pedestrian
441 972 49 373.0 837.5 45.0 Pedestrian
442 984 49 375.0 829.0 45.0 Pedestrian
443 996 49 377.0 816.5 45.0 Pedestrian
444 1008 49 379.0 804.0 45.0 Pedestrian
445 1020 49 381.0 793.5 45.0 Pedestrian
446 1032 49 382.5 783.0 45.0 Pedestrian
447 1044 49 384.5 772.5 45.0 Pedestrian
448 1056 49 386.5 762.0 45.0 Pedestrian
449 1068 49 388.5 753.5 45.0 Pedestrian
450 1080 49 389.5 743.5 45.0 Pedestrian
451 1092 49 391.5 732.5 45.0 Pedestrian
452 1104 49 393.5 722.5 45.0 Pedestrian
453 1116 49 395.5 711.5 45.0 Pedestrian
454 1128 49 397.5 701.5 45.0 Pedestrian
455 1140 49 399.5 693.0 45.0 Pedestrian
456 1152 49 401.5 680.5 45.0 Pedestrian
457 1164 49 403.5 672.0 45.0 Pedestrian
458 1176 49 404.5 659.5 45.0 Pedestrian
459 1188 49 406.5 651.0 45.0 Pedestrian
460 996 15 260.0 1002.5 9.0 Pedestrian
461 1008 15 248.0 1002.5 9.0 Pedestrian
462 1020 15 242.0 1007.5 9.0 Pedestrian
463 1032 15 236.0 1009.5 9.0 Pedestrian
464 1044 15 230.5 1011.5 9.0 Pedestrian
465 1056 15 224.5 1013.5 9.0 Pedestrian
466 1068 15 224.5 1013.5 9.0 Pedestrian
467 1080 15 224.5 1013.5 9.0 Pedestrian
468 1092 15 224.5 1013.5 9.0 Pedestrian
469 1104 15 224.5 1013.5 9.0 Pedestrian
470 1116 15 224.5 1013.5 9.0 Pedestrian
471 1128 15 224.5 1013.5 9.0 Pedestrian
472 1140 15 226.5 1013.5 9.0 Pedestrian
473 1152 15 226.5 1013.5 9.0 Pedestrian
474 1164 15 226.5 1013.5 9.0 Pedestrian
475 1176 15 226.5 1013.5 9.0 Pedestrian
476 1188 15 226.5 1009.5 9.0 Pedestrian
477 1200 15 226.5 1009.5 9.0 Pedestrian
478 1212 15 228.5 1009.5 9.0 Pedestrian
479 1224 15 228.5 1009.5 9.0 Pedestrian
480 1044 13 457.0 1759.0 8.0 Pedestrian
481 1056 13 451.0 1746.5 8.0 Pedestrian
482 1068 13 447.0 1734.0 8.0 Pedestrian
483 1080 13 443.0 1721.5 8.0 Pedestrian
484 1092 13 437.0 1705.0 8.0 Pedestrian
485 1104 13 433.0 1692.0 8.0 Pedestrian
486 1116 13 425.5 1679.5 8.0 Pedestrian
487 1128 13 415.5 1671.0 8.0 Pedestrian
488 1140 13 403.5 1663.0 8.0 Pedestrian
489 1152 13 393.5 1654.0 8.0 Pedestrian
490 1164 13 384.0 1646.0 8.0 Pedestrian
491 1176 13 372.0 1638.0 8.0 Pedestrian
492 1188 13 364.0 1629.0 8.0 Pedestrian
493 1200 13 354.0 1621.0 8.0 Pedestrian
494 1212 13 346.0 1612.5 8.0 Pedestrian
495 1224 13 338.0 1604.0 8.0 Pedestrian
496 1236 13 328.0 1596.0 8.0 Pedestrian
497 1248 13 320.5 1587.0 8.0 Pedestrian
498 1260 13 312.5 1581.0 8.0 Pedestrian
499 1272 13 302.5 1568.5 8.0 Pedestrian
500 1044 42 428.0 1778.0 40.0 Pedestrian
501 1056 42 422.5 1765.0 40.0 Pedestrian
502 1068 42 416.5 1753.0 40.0 Pedestrian
503 1080 42 410.5 1740.0 40.0 Pedestrian
504 1092 42 405.5 1732.0 40.0 Pedestrian
505 1104 42 399.5 1719.0 40.0 Pedestrian
506 1116 42 391.5 1711.0 40.0 Pedestrian
507 1128 42 384.0 1703.0 40.0 Pedestrian
508 1140 42 376.0 1694.0 40.0 Pedestrian
509 1152 42 368.0 1690.0 40.0 Pedestrian
510 1164 42 358.0 1682.0 40.0 Pedestrian
511 1176 42 350.0 1673.0 40.0 Pedestrian
512 1188 42 340.0 1669.0 40.0 Pedestrian
513 1200 42 330.0 1661.0 40.0 Pedestrian
514 1212 42 320.5 1656.0 40.0 Pedestrian
515 1224 42 310.5 1652.0 40.0 Pedestrian
516 1236 42 300.5 1644.0 40.0 Pedestrian
517 1248 42 290.5 1640.0 40.0 Pedestrian
518 1260 42 283.0 1636.0 40.0 Pedestrian
519 1272 42 273.0 1623.0 40.0 Pedestrian
520 1104 11 168.5 1526.5 7.0 Pedestrian
521 1116 11 157.0 1518.5 7.0 Pedestrian
522 1128 11 145.0 1509.5 7.0 Pedestrian
523 1140 11 133.5 1505.5 7.0 Pedestrian
524 1152 11 119.5 1497.5 7.0 Pedestrian
525 1164 11 97.5 1493.5 7.0 Pedestrian
526 1176 11 67.5 1488.5 7.0 Pedestrian
527 1188 11 58.0 1480.5 7.0 Pedestrian
528 1200 11 46.0 1468.0 7.0 Pedestrian
529 1212 11 36.5 1459.5 7.0 Pedestrian
530 1224 11 36.5 1459.5 7.0 Pedestrian
531 1236 11 36.5 1459.5 7.0 Pedestrian
532 1248 11 36.5 1459.5 7.0 Pedestrian
533 1260 11 36.5 1459.5 7.0 Pedestrian
534 1272 11 36.5 1459.5 7.0 Pedestrian
535 1284 11 36.5 1459.5 7.0 Pedestrian
536 1296 11 36.5 1459.5 7.0 Pedestrian
537 1308 11 36.5 1459.5 7.0 Pedestrian
538 1320 11 36.5 1459.5 7.0 Pedestrian
539 1332 11 36.5 1459.5 7.0 Pedestrian
540 1200 50 408.5 638.5 45.0 Pedestrian
541 1212 50 408.5 625.5 45.0 Pedestrian
542 1224 50 410.5 613.5 45.0 Pedestrian
543 1236 50 412.5 600.5 45.0 Pedestrian
544 1248 50 412.5 588.5 45.0 Pedestrian
545 1260 50 414.5 575.5 45.0 Pedestrian
546 1272 50 416.5 567.5 45.0 Pedestrian
547 1284 50 416.5 554.5 45.0 Pedestrian
548 1296 50 418.5 542.0 45.0 Pedestrian
549 1308 50 420.5 529.5 45.0 Pedestrian
550 1320 50 420.5 517.0 45.0 Pedestrian
551 1332 50 422.5 504.5 45.0 Pedestrian
552 1344 50 424.5 491.5 45.0 Pedestrian
553 1356 50 424.5 479.5 45.0 Pedestrian
554 1368 50 426.5 470.5 45.0 Pedestrian
555 1380 50 426.5 458.5 45.0 Pedestrian
556 1392 50 426.5 445.5 45.0 Pedestrian
557 1404 50 428.5 433.0 45.0 Pedestrian
558 1416 50 428.5 424.5 45.0 Pedestrian
559 1428 50 428.5 412.5 45.0 Pedestrian
560 1236 16 228.5 1009.5 9.0 Pedestrian
561 1248 16 228.5 1009.5 9.0 Pedestrian
562 1260 16 228.5 1009.5 9.0 Pedestrian
563 1272 16 228.5 1009.5 9.0 Pedestrian
564 1284 16 230.5 1009.5 9.0 Pedestrian
565 1296 16 230.5 1009.5 9.0 Pedestrian
566 1308 16 230.5 1005.0 9.0 Pedestrian
567 1320 16 230.5 1005.0 9.0 Pedestrian
568 1332 16 230.5 1005.0 9.0 Pedestrian
569 1344 16 230.5 1005.0 9.0 Pedestrian
570 1356 16 232.0 1005.0 9.0 Pedestrian
571 1368 16 232.0 1005.0 9.0 Pedestrian
572 1380 16 232.0 1005.0 9.0 Pedestrian
573 1392 16 232.0 1005.0 9.0 Pedestrian
574 1404 16 232.0 1005.0 9.0 Pedestrian
575 1416 16 232.0 1005.0 9.0 Pedestrian
576 1428 16 236.0 996.5 9.0 Pedestrian
577 1440 16 240.0 992.5 9.0 Pedestrian
578 1452 16 243.0 984.5 9.0 Pedestrian
579 1464 16 247.0 975.5 9.0 Pedestrian
580 1284 14 292.5 1560.0 8.0 Pedestrian
581 1296 14 284.5 1552.0 8.0 Pedestrian
582 1308 14 275.0 1543.0 8.0 Pedestrian
583 1320 14 265.0 1535.0 8.0 Pedestrian
584 1332 14 257.0 1527.0 8.0 Pedestrian
585 1344 14 245.0 1522.0 8.0 Pedestrian
586 1356 14 235.0 1514.0 8.0 Pedestrian
587 1368 14 223.5 1506.0 8.0 Pedestrian
588 1380 14 213.5 1497.0 8.0 Pedestrian
589 1392 14 201.5 1493.0 8.0 Pedestrian
590 1404 14 191.5 1485.0 8.0 Pedestrian
591 1416 14 181.5 1481.0 8.0 Pedestrian
592 1428 14 172.0 1472.0 8.0 Pedestrian
593 1440 14 162.0 1468.0 8.0 Pedestrian
594 1452 14 148.0 1460.0 8.0 Pedestrian
595 1464 14 136.0 1455.0 8.0 Pedestrian
596 1476 14 124.0 1447.0 8.0 Pedestrian
597 1488 14 112.5 1443.0 8.0 Pedestrian
598 1500 14 100.5 1439.0 8.0 Pedestrian
599 1512 14 88.5 1453.0 8.0 Pedestrian
600 1284 43 265.0 1615.0 40.0 Pedestrian
601 1296 43 257.0 1606.0 40.0 Pedestrian
602 1308 43 249.0 1598.0 40.0 Pedestrian
603 1320 43 241.0 1585.0 40.0 Pedestrian
604 1332 43 233.0 1577.0 40.0 Pedestrian
605 1344 43 221.5 1573.0 40.0 Pedestrian
606 1356 43 211.5 1568.5 40.0 Pedestrian
607 1368 43 199.5 1564.0 40.0 Pedestrian
608 1380 43 189.5 1560.0 40.0 Pedestrian
609 1392 43 178.0 1552.0 40.0 Pedestrian
610 1404 43 168.0 1548.0 40.0 Pedestrian
611 1416 43 156.0 1535.0 40.0 Pedestrian
612 1428 43 144.0 1527.0 40.0 Pedestrian
613 1440 43 134.0 1518.0 40.0 Pedestrian
614 1452 43 122.5 1510.0 40.0 Pedestrian
615 1464 43 112.5 1506.0 40.0 Pedestrian
616 1476 43 102.5 1501.0 40.0 Pedestrian
617 1488 43 90.5 1497.0 40.0 Pedestrian
618 1500 43 82.5 1493.0 40.0 Pedestrian
619 1512 43 73.0 1485.0 40.0 Pedestrian
620 1344 12 31.89 1454.15 7.0 Pedestrian
621 1356 12 31.48 1453.68 7.0 Pedestrian
622 1368 12 31.07 1453.2 7.0 Pedestrian
623 1380 12 30.66 1452.73 7.0 Pedestrian
624 1392 12 30.25 1452.25 7.0 Pedestrian
625 1404 12 29.84 1451.77 7.0 Pedestrian
626 1416 12 29.43 1451.3 7.0 Pedestrian
627 1428 12 29.02 1450.82 7.0 Pedestrian
628 1440 12 28.61 1450.35 7.0 Pedestrian
629 1452 12 28.2 1449.87 7.0 Pedestrian
630 1464 12 27.79 1449.4 7.0 Pedestrian
631 1476 12 27.38 1448.92 7.0 Pedestrian
632 1488 12 26.97 1448.45 7.0 Pedestrian
633 1500 12 26.56 1447.97 7.0 Pedestrian
634 1512 12 26.15 1447.5 7.0 Pedestrian
635 1524 12 25.74 1447.02 7.0 Pedestrian
636 1536 12 25.33 1446.55 7.0 Pedestrian
637 1548 12 24.92 1446.07 7.0 Pedestrian
638 1560 12 24.51 1445.59 7.0 Pedestrian
639 1572 12 24.1 1445.12 7.0 Pedestrian
640 1440 51 430.5 399.5 45.0 Pedestrian
641 1452 51 430.5 387.0 45.0 Pedestrian
642 1464 51 430.5 378.5 45.0 Pedestrian
643 1476 51 432.5 366.0 45.0 Pedestrian
644 1488 51 432.5 353.5 45.0 Pedestrian
645 1500 51 434.5 345.5 45.0 Pedestrian
646 1512 51 433.5 332.5 45.0 Pedestrian
647 1524 51 433.5 322.0 45.0 Pedestrian
648 1536 51 433.5 311.5 45.0 Pedestrian
649 1548 51 433.5 299.0 45.0 Pedestrian
650 1560 51 432.5 288.5 45.0 Pedestrian
651 1572 51 433.5 278.0 45.0 Pedestrian
652 1584 51 433.5 268.0 45.0 Pedestrian
653 1596 51 433.5 255.0 45.0 Pedestrian
654 1608 51 432.5 244.5 45.0 Pedestrian
655 1620 51 432.5 234.0 45.0 Pedestrian
656 1632 51 432.5 221.5 45.0 Pedestrian
657 1644 51 433.0 211.0 45.0 Pedestrian
658 1656 51 432.0 200.5 45.0 Pedestrian
659 1668 51 432.0 190.5 45.0 Pedestrian
660 1476 17 251.0 967.5 9.0 Pedestrian
661 1488 17 255.0 958.5 9.0 Pedestrian
662 1500 17 259.0 954.5 9.0 Pedestrian
663 1512 17 259.0 933.5 9.0 Pedestrian
664 1524 17 261.0 915.0 9.0 Pedestrian
665 1536 17 263.0 896.0 9.0 Pedestrian
666 1548 17 263.0 875.0 9.0 Pedestrian
667 1560 17 265.0 858.5 9.0 Pedestrian
668 1572 17 267.0 839.5 9.0 Pedestrian
669 1584 17 269.0 821.0 9.0 Pedestrian
670 1596 17 264.0 804.0 9.0 Pedestrian
671 1608 17 252.0 787.0 9.0 Pedestrian
672 1620 17 240.0 770.0 9.0 Pedestrian
673 1632 17 230.0 754.0 9.0 Pedestrian
674 1644 17 218.0 737.0 9.0 Pedestrian
675 1656 17 206.5 720.0 9.0 Pedestrian
676 1668 17 198.5 707.5 9.0 Pedestrian
677 1680 17 188.5 695.0 9.0 Pedestrian
678 1692 17 181.0 682.0 9.0 Pedestrian
679 1704 17 173.0 670.0 9.0 Pedestrian
