0 0 129.0 1171.0 753.5 129.0 Pedestrian
1 12 129.0 1145.0 753.5 129.0 Pedestrian
2 24 129.0 1119.5 753.5 129.0 Pedestrian
3 36 129.0 1094.0 753.5 129.0 Pedestrian
4 48 129.0 1068.0 753.5 129.0 Pedestrian
5 60 129.0 1044.0 757.5 129.0 Pedestrian
6 72 129.0 1016.5 757.5 129.0 Pedestrian
7 84 129.0 989.0 757.5 129.0 Pedestrian
8 96 129.0 961.5 757.5 129.0 Pedestrian
9 108 129.0 936.0 757.5 129.0 Pedestrian
10 120 129.0 908.5 757.5 129.0 Pedestrian
11 132 129.0 881.0 761.5 129.0 Pedestrian
12 144 129.0 859.0 761.5 129.0 Pedestrian
13 156 129.0 835.0 761.5 129.0 Pedestrian
14 168 129.0 813.0 761.5 129.0 Pedestrian
15 180 129.0 789.0 761.5 129.0 Pedestrian
16 192 129.0 767.0 765.5 129.0 Pedestrian
17 204 129.0 745.0 765.5 129.0 Pedestrian
18 216 129.0 723.0 765.5 129.0 Pedestrian
19 228 129.0 701.0 765.5 129.0 Pedestrian
20 0 112.0 16.0 1199.0 112.0 Pedestrian
21 12 112.0 16.0 1199.0 112.0 Pedestrian
22 24 112.0 18.0 1199.0 112.0 Pedestrian
23 36 112.0 19.5 1199.0 112.0 Pedestrian
24 48 112.0 21.5 1199.0 112.0 Pedestrian
25 60 112.0 23.5 1199.0 112.0 Pedestrian
26 72 112.0 25.5 1199.0 112.0 Pedestrian
27 84 112.0 25.5 1199.0 112.0 Pedestrian
28 96 112.0 36.5 1195.0 112.0 Pedestrian
29 108 112.0 45.5 1195.0 112.0 Pedestrian
30 120 112.0 52.5 1195.0 112.0 Pedestrian
31 132 112.0 65.5 1195.0 112.0 Pedestrian
32 144 112.0 76.5 1186.5 112.0 Pedestrian
33 156 112.0 91.5 1186.5 112.0 Pedestrian
34 168 112.0 89.5 1186.5 112.0 Pedestrian
35 180 112.0 87.5 1186.5 112.0 Pedestrian
36 192 112.0 84.0 1186.5 112.0 Pedestrian
37 204 112.0 82.0 1186.5 112.0 Pedestrian
38 216 112.0 80.5 1186.5 112.0 Pedestrian
39 228 112.0 78.5 1186.5 112.0 Pedestrian
40 60 141.0 416.5 1519.5 141.0 Pedestrian
41 72 141.0 409.0 1519.5 141.0 Pedestrian
42 84 141.0 396.0 1527.5 141.0 Pedestrian
43 96 141.0 383.5 1539.5 141.0 Pedestrian
44 108 141.0 374.0 1535.5 141.0 Pedestrian
45 120 141.0 366.5 1523.5 141.0 Pedestrian
46 132 141.0 366.5 1519.5 141.0 Pedestrian
47 144 141.0 366.5 1519.5 141.0 Pedestrian
48 156 141.0 368.5 1519.5 141.0 Pedestrian
49 168 141.0 368.5 1519.5 141.0 Pedestrian
50 180 141.0 370.5 1519.5 141.0 Pedestrian
51 192 141.0 372.5 1519.5 141.0 Pedestrian
52 204 141.0 372.5 1519.5 141.0 Pedestrian
53 216 141.0 374.0 1519.5 141.0 Pedestrian
54 228 141.0 374.0 1519.5 141.0 Pedestrian
55 240 141.0 376.0 1519.5 141.0 Pedestrian
56 252 141.0 377.5 1519.5 141.0 Pedestrian
57 264 141.0 377.5 1519.5 141.0 Pedestrian
58 276 141.0 379.5 1519.5 141.0 Pedestrian
59 288 141.0 381.5 1519.5 141.0 Pedestrian
60 60 117.0 631.5 1743.5 117.0 Pedestrian
61 72 117.0 627.5 1756.5 117.0 Pedestrian
62 84 117.0 620.5 1764.5 117.0 Pedestrian
63 96 117.0 612.5 1764.5 117.0 Pedestrian
64 108 117.0 603.5 1768.5 117.0 Pedestrian
65 120 117.0 596.5 1768.5 117.0 Pedestrian
66 132 117.0 583.5 1768.5 117.0 Pedestrian
67 144 117.0 565.0 1764.5 117.0 Pedestrian
68 156 117.0 546.5 1760.5 117.0 Pedestrian
69 168 117.0 530.5 1752.0 117.0 Pedestrian
70 180 117.0 511.5 1748.0 117.0 Pedestrian
71 192 117.0 493.5 1743.5 117.0 Pedestrian
72 204 117.0 480.5 1743.5 117.0 Pedestrian
73 216 117.0 469.5 1752.0 117.0 Pedestrian
74 228 117.0 458.5 1760.5 117.0 Pedestrian
75 240 117.0 458.5 1764.5 117.0 Pedestrian
76 252 117.0 464.5 1764.5 117.0 Pedestrian
77 264 117.0 469.5 1764.5 117.0 Pedestrian
78 276 117.0 476.5 1764.5 117.0 Pedestrian
79 288 117.0 484.5 1764.5 117.0 Pedestrian
80 108 131.0 1277.5 787.5 130.0 Pedestrian
81 120 131.0 1261.0 783.5 130.0 Pedestrian
82 132 131.0 1239.0 783.5 130.0 Pedestrian
83 144 131.0 1217.0 783.5 130.0 Pedestrian
84 156 131.0 1195.0 783.5 130.0 Pedestrian
85 168 131.0 1174.5 783.5 130.0 Pedestrian
86 180 131.0 1152.5 783.5 130.0 Pedestrian
87 192 131.0 1130.5 779.5 130.0 Pedestrian
88 204 131.0 1108.5 779.5 130.0 Pedestrian
89 216 131.0 1086.5 779.5 130.0 Pedestrian
90 228 131.0 1066.0 779.5 130.0 Pedestrian
91 240 131.0 1044.0 779.5 130.0 Pedestrian
92 252 131.0 1022.0 779.5 130.0 Pedestrian
93 264 131.0 1000.0 775.5 130.0 Pedestrian
94 276 131.0 980.0 775.5 130.0 Pedestrian
95 288 131.0 958.0 775.5 130.0 Pedestrian
96 300 131.0 936.0 775.5 130.0 Pedestrian
97 312 131.0 914.0 775.5 130.0 Pedestrian
98 324 131.0 892.0 775.5 130.0 Pedestrian
99 336 131.0 870.0 771.5 130.0 Pedestrian
100 240 130.0 677.0 769.5 129.0 Pedestrian
101 252 130.0 651.5 769.5 129.0 Pedestrian
102 264 130.0 625.5 769.5 129.0 Pedestrian
103 276 130.0 600.0 769.5 129.0 Pedestrian
104 288 130.0 574.0 769.5 129.0 Pedestrian
105 300 130.0 548.5 769.5 129.0 Pedestrian
106 312 130.0 523.0 769.5 129.0 Pedestrian
107 324 130.0 495.0 769.5 129.0 Pedestrian
108 336 130.0 469.5 769.5 129.0 Pedestrian
109 348 130.0 444.0 769.5 129.0 Pedestrian
110 360 130.0 418.0 769.5 129.0 Pedestrian
111 372 130.0 392.5 769.5 129.0 Pedestrian
112 384 130.0 367.0 769.5 129.0 Pedestrian
113 396 130.0 341.0 769.5 129.0 Pedestrian
114 408 130.0 315.5 769.5 129.0 Pedestrian
115 420 130.0 289.5 769.5 129.0 Pedestrian
116 432 130.0 264.0 769.5 129.0 Pedestrian
117 444 130.0 238.0 769.5 129.0 Pedestrian
118 456 130.0 212.5 769.5 129.0 Pedestrian
119 468 130.0 187.0 769.5 129.0 Pedestrian
120 240 113.0 74.99 1189.4 112.0 Pedestrian
121 252 113.0 73.01 1189.8 112.0 Pedestrian
122 264 113.0 71.03 1190.19 112.0 Pedestrian
123 276 113.0 69.05 1190.59 112.0 Pedestrian
124 288 113.0 67.07 1190.99 112.0 Pedestrian
125 300 113.0 65.09 1191.38 112.0 Pedestrian
126 312 113.0 63.11 1191.78 112.0 Pedestrian
127 324 113.0 61.14 1192.17 112.0 Pedestrian
128 336 113.0 60.0 1191.0 112.0 Pedestrian
129 348 113.0 58.5 1191.0 112.0 Pedestrian
130 360 113.0 56.5 1191.0 112.0 Pedestrian
131 372 113.0 54.5 1191.0 112.0 Pedestrian
132 384 113.0 51.0 1191.0 112.0 Pedestrian
133 396 113.0 49.0 1191.0 112.0 Pedestrian
134 408 113.0 47.5 1195.0 112.0 Pedestrian
135 420 113.0 45.5 1195.0 112.0 Pedestrian
136 432 113.0 43.5 1195.0 112.0 Pedestrian
137 444 113.0 41.5 1195.0 112.0 Pedestrian
138 456 113.0 40.0 1195.0 112.0 Pedestrian
139 468 113.0 36.5 1195.0 112.0 Pedestrian
140 300 142.0 377.52 1523.3 141.0 Pedestrian
141 312 142.0 378.27 1523.28 141.0 Pedestrian
142 324 142.0 379.01 1523.27 141.0 Pedestrian
143 336 142.0 379.75 1523.25 141.0 Pedestrian
144 348 142.0 380.5 1523.24 141.0 Pedestrian
145 360 142.0 381.24 1523.23 141.0 Pedestrian
146 372 142.0 381.98 1523.21 141.0 Pedestrian
147 384 142.0 382.72 1523.2 141.0 Pedestrian
148 396 142.0 390.5 1519.5 141.0 Pedestrian
149 408 142.0 392.5 1519.5 141.0 Pedestrian
150 420 142.0 392.5 1519.5 141.0 Pedestrian
151 432 142.0 394.5 1519.5 141.0 Pedestrian
152 444 142.0 396.0 1519.5 141.0 Pedestrian
153 456 142.0 396.0 1519.5 141.0 Pedestrian
154 468 142.0 398.0 1519.5 141.0 Pedestrian
155 480 142.0 398.0 1519.5 141.0 Pedestrian
156 492 142.0 399.5 1519.5 141.0 Pedestrian
157 504 142.0 399.5 1517.0 141.0 Pedestrian
158 516 142.0 398.0 1517.0 141.0 Pedestrian
159 528 142.0 397.0 1519.0 141.0 Pedestrian
160 300 118.0 498.18 1761.45 117.0 Pedestrian
161 312 118.0 504.8 1761.61 117.0 Pedestrian
162 324 118.0 511.41 1761.77 117.0 Pedestrian
163 336 118.0 518.02 1761.93 117.0 Pedestrian
164 348 118.0 524.64 1762.08 117.0 Pedestrian
165 360 118.0 531.25 1762.24 117.0 Pedestrian
166 372 118.0 537.87 1762.4 117.0 Pedestrian
167 384 118.0 544.48 1762.56 117.0 Pedestrian
168 396 118.0 546.5 1764.5 117.0 Pedestrian
169 408 118.0 554.0 1764.5 117.0 Pedestrian
170 420 118.0 561.5 1764.5 117.0 Pedestrian
171 432 118.0 566.5 1764.5 117.0 Pedestrian
172 444 118.0 574.5 1764.5 117.0 Pedestrian
173 456 118.0 581.5 1764.5 117.0 Pedestrian
174 468 118.0 588.5 1764.5 117.0 Pedestrian
175 480 118.0 594.5 1764.5 117.0 Pedestrian
176 492 118.0 601.5 1764.5 117.0 Pedestrian
177 504 118.0 609.5 1764.5 117.0 Pedestrian
178 516 118.0 616.5 1764.5 117.0 Pedestrian
179 528 118.0 623.5 1764.5 117.0 Pedestrian
180 348 132.0 846.0 771.5 130.0 Pedestrian
181 360 132.0 824.0 771.5 130.0 Pedestrian
182 372 132.0 800.0 771.5 130.0 Pedestrian
183 384 132.0 776.0 767.5 130.0 Pedestrian
184 396 132.0 752.5 767.5 130.0 Pedestrian
185 408 132.0 728.5 767.5 130.0 Pedestrian
186 420 132.0 706.5 763.0 130.0 Pedestrian
187 432 132.0 682.5 763.0 130.0 Pedestrian
188 444 132.0 658.5 763.0 130.0 Pedestrian
189 456 132.0 635.0 763.0 130.0 Pedestrian
190 468 132.0 613.0 759.0 130.0 Pedestrian
191 480 132.0 589.0 759.0 130.0 Pedestrian
192 492 132.0 565.0 759.0 130.0 Pedestrian
193 504 132.0 544.0 759.0 130.0 Pedestrian
194 516 132.0 528.5 769.5 130.0 Pedestrian
195 528 132.0 512.0 779.5 130.0 Pedestrian
196 540 132.0 491.5 773.5 130.0 Pedestrian
197 552 132.0 469.5 769.5 130.0 Pedestrian
198 564 132.0 447.5 761.5 130.0 Pedestrian
199 576 132.0 425.5 757.5 130.0 Pedestrian
200 528 139.0 185.0 1881.5 139.0 Pedestrian
201 540 139.0 175.5 1887.5 139.0 Pedestrian
202 552 139.0 168.5 1897.5 139.0 Pedestrian
203 564 139.0 170.5 1897.5 139.0 Pedestrian
204 576 139.0 172.0 1897.5 139.0 Pedestrian
205 588 139.0 174.0 1897.5 139.0 Pedestrian
206 600 139.0 177.5 1899.5 139.0 Pedestrian
207 612 139.0 175.5 1899.5 139.0 Pedestrian
208 624 139.0 174.0 1899.5 139.0 Pedestrian
209 636 139.0 172.0 1899.5 139.0 Pedestrian
210 648 139.0 172.0 1899.5 139.0 Pedestrian
211 660 139.0 170.5 1902.0 139.0 Pedestrian
212 672 139.0 168.5 1902.0 139.0 Pedestrian
213 684 139.0 166.5 1902.0 139.0 Pedestrian
214 696 139.0 166.5 1902.0 139.0 Pedestrian
215 708 139.0 166.5 1904.0 139.0 Pedestrian
216 720 139.0 166.5 1904.0 139.0 Pedestrian
217 732 139.0 166.5 1904.0 139.0 Pedestrian
218 744 139.0 166.5 1904.0 139.0 Pedestrian
219 756 139.0 166.5 1904.0 139.0 Pedestrian
220 768 140.0 166.5 1902.42 139.0 Pedestrian
221 780 140.0 166.5 1902.49 139.0 Pedestrian
222 792 140.0 166.5 1902.56 139.0 Pedestrian
223 804 140.0 166.5 1902.63 139.0 Pedestrian
224 816 140.0 166.5 1902.7 139.0 Pedestrian
225 828 140.0 166.5 1902.78 139.0 Pedestrian
226 840 140.0 166.5 1902.85 139.0 Pedestrian
227 852 140.0 166.5 1902.92 139.0 Pedestrian
228 864 140.0 166.5 1904.0 139.0 Pedestrian
229 876 140.0 166.5 1904.0 139.0 Pedestrian
230 888 140.0 166.5 1904.0 139.0 Pedestrian
231 900 140.0 166.5 1904.0 139.0 Pedestrian
232 912 140.0 166.5 1904.0 139.0 Pedestrian
233 924 140.0 166.5 1904.0 139.0 Pedestrian
234 936 140.0 166.5 1904.0 139.0 Pedestrian
235 948 140.0 166.5 1904.0 139.0 Pedestrian
236 960 140.0 166.5 1904.0 139.0 Pedestrian
237 972 140.0 166.5 1904.0 139.0 Pedestrian
238 984 140.0 166.5 1904.0 139.0 Pedestrian
239 996 140.0 166.5 1904.0 139.0 Pedestrian
240 1416 160.0 154.5 1201.0 160.0 Pedestrian
241 1428 160.0 134.5 1201.0 160.0 Pedestrian
242 1440 160.0 114.5 1201.0 160.0 Pedestrian
243 1452 160.0 94.0 1201.0 160.0 Pedestrian
244 1464 160.0 74.5 1203.0 160.0 Pedestrian
245 1476 160.0 54.5 1203.0 160.0 Pedestrian
246 1488 160.0 34.5 1203.0 160.0 Pedestrian
247 1500 160.0 18.0 1203.0 160.0 Pedestrian
248 1512 160.0 17.0 1199.0 160.0 Pedestrian
249 1524 160.0 17.0 1199.0 160.0 Pedestrian
250 1536 160.0 16.5 1196.5 160.0 Pedestrian
251 1548 160.0 16.5 1196.5 160.0 Pedestrian
252 1560 160.0 16.5 1192.5 160.0 Pedestrian
253 1572 160.0 15.5 1192.5 160.0 Pedestrian
254 1584 160.0 15.5 1192.5 160.0 Pedestrian
255 1596 160.0 15.5 1190.5 160.0 Pedestrian
256 1608 160.0 14.5 1188.5 160.0 Pedestrian
257 1620 160.0 14.5 1186.5 160.0 Pedestrian
258 1632 160.0 13.5 1186.5 160.0 Pedestrian
259 1644 160.0 13.5 1186.5 160.0 Pedestrian
260 1524 5.0 1165.5 726.5 5.0 Pedestrian
261 1536 5.0 1149.0 726.5 5.0 Pedestrian
262 1548 5.0 1130.5 730.5 5.0 Pedestrian
263 1560 5.0 1112.0 730.5 5.0 Pedestrian
264 1572 5.0 1095.5 735.0 5.0 Pedestrian
265 1584 5.0 1077.5 735.0 5.0 Pedestrian
266 1596 5.0 1059.0 739.0 5.0 Pedestrian
267 1608 5.0 1042.5 739.0 5.0 Pedestrian
268 1620 5.0 1024.0 743.5 5.0 Pedestrian
269 1632 5.0 1007.5 743.5 5.0 Pedestrian
270 1644 5.0 989.0 743.5 5.0 Pedestrian
271 1656 5.0 972.5 743.5 5.0 Pedestrian
272 1668 5.0 956.0 743.5 5.0 Pedestrian
273 1680 5.0 939.5 743.5 5.0 Pedestrian
274 1692 5.0 921.0 743.5 5.0 Pedestrian
275 1704 5.0 904.5 743.5 5.0 Pedestrian
276 1716 5.0 888.0 743.5 5.0 Pedestrian
277 1728 5.0 871.5 743.5 5.0 Pedestrian
278 1740 5.0 855.0 743.5 5.0 Pedestrian
279 1752 5.0 838.5 743.5 5.0 Pedestrian
280 1656 161.0 13.5 1182.5 160.0 Pedestrian
281 1668 161.0 12.5 1182.5 160.0 Pedestrian
282 1680 161.0 12.5 1180.5 160.0 Pedestrian
283 1692 161.0 12.5 1180.5 160.0 Pedestrian
284 1704 161.0 11.5 1178.5 160.0 Pedestrian
285 1716 161.0 11.5 1176.5 160.0 Pedestrian
286 1728 161.0 11.5 1176.5 160.0 Pedestrian
287 1740 161.0 11.0 1174.5 160.0 Pedestrian
288 1752 161.0 11.0 1172.5 160.0 Pedestrian
289 1764 161.0 10.0 1172.5 160.0 Pedestrian
290 1776 161.0 10.0 1170.5 160.0 Pedestrian
291 1788 161.0 10.0 1170.5 160.0 Pedestrian
292 1800 161.0 14.5 1176.5 160.0 Pedestrian
293 1812 161.0 36.5 1172.5 160.0 Pedestrian
294 1824 161.0 58.5 1172.5 160.0 Pedestrian
295 1836 161.0 78.5 1176.5 160.0 Pedestrian
296 1848 161.0 91.5 1176.5 160.0 Pedestrian
297 1860 161.0 111.5 1172.5 160.0 Pedestrian
298 1872 161.0 137.5 1172.5 160.0 Pedestrian
299 1884 161.0 159.5 1176.5 160.0 Pedestrian
300 1764 6.0 820.0 743.5 5.0 Pedestrian
301 1776 6.0 802.0 743.5 5.0 Pedestrian
302 1788 6.0 783.5 743.5 5.0 Pedestrian
303 1800 6.0 765.0 743.5 5.0 Pedestrian
304 1812 6.0 747.0 743.5 5.0 Pedestrian
305 1824 6.0 728.5 743.5 5.0 Pedestrian
306 1836 6.0 710.0 743.5 5.0 Pedestrian
307 1848 6.0 692.0 743.5 5.0 Pedestrian
308 1860 6.0 673.5 743.5 5.0 Pedestrian
309 1872 6.0 655.0 743.5 5.0 Pedestrian
310 1884 6.0 636.5 743.5 5.0 Pedestrian
311 1896 6.0 618.0 743.5 5.0 Pedestrian
312 1908 6.0 600.0 743.5 5.0 Pedestrian
313 1920 6.0 581.5 743.5 5.0 Pedestrian
314 1932 6.0 563.0 743.5 5.0 Pedestrian
315 1944 6.0 543.0 743.5 5.0 Pedestrian
316 1956 6.0 524.5 743.5 5.0 Pedestrian
317 1968 6.0 504.5 743.5 5.0 Pedestrian
318 1980 6.0 484.0 743.5 5.0 Pedestrian
319 1992 6.0 464.0 743.5 5.0 Pedestrian
320 2004 7.0 444.5 741.0 5.0 Pedestrian
321 2016 7.0 429.5 743.0 5.0 Pedestrian
322 2028 7.0 413.5 743.0 5.0 Pedestrian
323 2040 7.0 397.5 741.0 5.0 Pedestrian
324 2052 7.0 382.5 743.0 5.0 Pedestrian
325 2064 7.0 366.5 743.0 5.0 Pedestrian
326 2076 7.0 348.5 741.0 5.0 Pedestrian
327 2088 7.0 328.0 741.0 5.0 Pedestrian
328 2100 7.0 310.0 741.0 5.0 Pedestrian
329 2112 7.0 289.5 741.0 5.0 Pedestrian
330 2124 7.0 271.5 741.0 5.0 Pedestrian
331 2136 7.0 251.0 741.0 5.0 Pedestrian
332 2148 7.0 231.0 741.0 5.0 Pedestrian
333 2160 7.0 212.5 741.0 5.0 Pedestrian
334 2172 7.0 196.0 741.0 5.0 Pedestrian
335 2184 7.0 181.5 741.0 5.0 Pedestrian
336 2196 7.0 164.5 745.0 5.0 Pedestrian
337 2208 7.0 150.0 745.0 5.0 Pedestrian
338 2220 7.0 135.5 749.0 5.0 Pedestrian
339 2232 7.0 115.0 753.0 5.0 Pedestrian
340 2052 8.0 703.0 1158.5 6.0 Pedestrian
341 2064 8.0 679.0 1158.5 6.0 Pedestrian
342 2076 8.0 657.0 1154.5 6.0 Pedestrian
343 2088 8.0 635.0 1154.5 6.0 Pedestrian
344 2100 8.0 613.0 1154.5 6.0 Pedestrian
345 2112 8.0 591.0 1150.5 6.0 Pedestrian
346 2124 8.0 570.5 1150.5 6.0 Pedestrian
347 2136 8.0 548.5 1150.5 6.0 Pedestrian
348 2148 8.0 526.5 1146.5 6.0 Pedestrian
349 2160 8.0 506.0 1146.5 6.0 Pedestrian
350 2172 8.0 484.0 1146.5 6.0 Pedestrian
351 2184 8.0 462.0 1142.0 6.0 Pedestrian
352 2196 8.0 440.0 1142.0 6.0 Pedestrian
353 2208 8.0 420.0 1142.0 6.0 Pedestrian
354 2220 8.0 398.0 1138.0 6.0 Pedestrian
355 2232 8.0 376.0 1138.0 6.0 Pedestrian
356 2244 8.0 356.0 1138.0 6.0 Pedestrian
357 2256 8.0 333.5 1134.0 6.0 Pedestrian
358 2268 8.0 311.5 1134.0 6.0 Pedestrian
359 2280 8.0 289.5 1134.0 6.0 Pedestrian
360 3228 37.0 693.0 1140.5 36.0 Pedestrian
361 3240 37.0 708.0 1132.5 36.0 Pedestrian
362 3252 37.0 728.0 1132.5 36.0 Pedestrian
363 3264 37.0 728.0 1144.5 36.0 Pedestrian
364 3276 37.0 728.0 1144.5 36.0 Pedestrian
365 3288 37.0 727.5 1148.5 36.0 Pedestrian
366 3300 37.0 727.5 1148.5 36.0 Pedestrian
367 3312 37.0 726.0 1144.5 36.0 Pedestrian
368 3324 37.0 726.0 1144.5 36.0 Pedestrian
369 3336 37.0 725.0 1144.5 36.0 Pedestrian
370 3348 37.0 724.0 1144.5 36.0 Pedestrian
371 3360 37.0 724.0 1144.5 36.0 Pedestrian
372 3372 37.0 723.0 1140.5 36.0 Pedestrian
373 3384 37.0 722.0 1140.5 36.0 Pedestrian
374 3396 37.0 722.0 1140.5 36.0 Pedestrian
375 3408 37.0 721.0 1140.5 36.0 Pedestrian
376 3420 37.0 721.0 1140.5 36.0 Pedestrian
377 3432 37.0 720.0 1140.5 36.0 Pedestrian
378 3444 37.0 719.0 1136.5 36.0 Pedestrian
379 3456 37.0 719.0 1136.5 36.0 Pedestrian
380 3492 35.0 748.0 1140.5 35.0 Pedestrian
381 3504 35.0 728.0 1144.5 35.0 Pedestrian
382 3516 35.0 716.5 1148.5 35.0 Pedestrian
383 3528 35.0 705.5 1152.5 35.0 Pedestrian
384 3540 35.0 694.5 1158.5 35.0 Pedestrian
385 3552 35.0 681.5 1158.5 35.0 Pedestrian
386 3564 35.0 670.5 1158.5 35.0 Pedestrian
387 3576 35.0 655.5 1158.5 35.0 Pedestrian
388 3588 35.0 643.5 1154.5 35.0 Pedestrian
389 3600 35.0 630.5 1154.5 35.0 Pedestrian
390 3612 35.0 617.5 1154.5 35.0 Pedestrian
391 3624 35.0 604.5 1154.5 35.0 Pedestrian
392 3636 35.0 591.5 1154.5 35.0 Pedestrian
393 3648 35.0 578.5 1154.5 35.0 Pedestrian
394 3660 35.0 565.5 1154.5 35.0 Pedestrian
395 3672 35.0 554.5 1154.5 35.0 Pedestrian
396 3684 35.0 542.5 1154.5 35.0 Pedestrian
397 3696 35.0 529.5 1154.5 35.0 Pedestrian
398 3708 35.0 516.5 1154.5 35.0 Pedestrian
399 3720 35.0 503.5 1154.5 35.0 Pedestrian
400 3732 36.0 492.5 1154.5 35.0 Pedestrian
401 3744 36.0 479.5 1154.5 35.0 Pedestrian
402 3756 36.0 466.5 1154.5 35.0 Pedestrian
403 3768 36.0 453.5 1154.5 35.0 Pedestrian
404 3780 36.0 441.5 1154.5 35.0 Pedestrian
405 3792 36.0 430.5 1154.5 35.0 Pedestrian
406 3804 36.0 417.5 1154.5 35.0 Pedestrian
407 3816 36.0 404.5 1154.5 35.0 Pedestrian
408 3828 36.0 391.5 1154.5 35.0 Pedestrian
409 3840 36.0 378.5 1154.5 35.0 Pedestrian
410 3852 36.0 367.5 1154.5 35.0 Pedestrian
411 3864 36.0 354.5 1154.5 35.0 Pedestrian
412 3876 36.0 341.5 1154.5 35.0 Pedestrian
413 3888 36.0 329.5 1154.5 35.0 Pedestrian
414 3900 36.0 316.5 1154.5 35.0 Pedestrian
415 3912 36.0 305.5 1154.5 35.0 Pedestrian
416 3924 36.0 292.5 1154.5 35.0 Pedestrian
417 3936 36.0 279.5 1154.5 35.0 Pedestrian
418 3948 36.0 266.5 1154.5 35.0 Pedestrian
419 3960 36.0 253.5 1154.5 35.0 Pedestrian
420 4788 74.0 1285.5 771.5 74.0 Pedestrian
421 4800 74.0 1237.0 769.5 74.0 Pedestrian
422 4812 74.0 1185.0 769.5 74.0 Pedestrian
423 4824 74.0 1131.5 773.5 74.0 Pedestrian
424 4836 74.0 1080.0 773.5 74.0 Pedestrian
425 4848 74.0 1026.0 773.5 74.0 Pedestrian
426 4860 74.0 966.5 773.5 74.0 Pedestrian
427 4872 74.0 906.5 773.5 74.0 Pedestrian
428 4884 74.0 846.0 773.5 74.0 Pedestrian
429 4896 74.0 786.5 771.5 74.0 Pedestrian
430 4908 74.0 726.5 769.5 74.0 Pedestrian
431 4920 74.0 667.0 769.5 74.0 Pedestrian
432 4932 74.0 606.5 769.5 74.0 Pedestrian
433 4944 74.0 546.5 767.5 74.0 Pedestrian
434 4956 74.0 487.0 767.5 74.0 Pedestrian
435 4968 74.0 427.0 767.5 74.0 Pedestrian
436 4980 74.0 368.5 765.5 74.0 Pedestrian
437 4992 74.0 308.0 763.5 74.0 Pedestrian
438 5004 74.0 248.0 763.5 74.0 Pedestrian
439 5016 74.0 189.0 763.5 74.0 Pedestrian
440 6744 152.0 1228.5 749.5 151.0 Pedestrian
441 6756 152.0 1206.5 749.5 151.0 Pedestrian
442 6768 152.0 1175.5 753.5 151.0 Pedestrian
443 6780 152.0 1150.0 753.5 151.0 Pedestrian
444 6792 152.0 1124.0 757.5 151.0 Pedestrian
445 6804 152.0 1102.0 757.5 151.0 Pedestrian
446 6816 152.0 1083.5 757.5 151.0 Pedestrian
447 6828 152.0 1063.5 757.5 151.0 Pedestrian
448 6840 152.0 1043.5 757.5 151.0 Pedestrian
449 6852 152.0 1025.0 757.5 151.0 Pedestrian
450 6864 152.0 1004.5 757.5 151.0 Pedestrian
451 6876 152.0 984.5 757.5 151.0 Pedestrian
452 6888 152.0 970.0 757.5 151.0 Pedestrian
453 6900 152.0 953.5 757.5 151.0 Pedestrian
454 6912 152.0 938.5 757.5 151.0 Pedestrian
455 6924 152.0 922.0 757.5 151.0 Pedestrian
456 6936 152.0 907.5 757.5 151.0 Pedestrian
457 6948 152.0 892.5 757.5 151.0 Pedestrian
458 6960 152.0 872.5 757.5 151.0 Pedestrian
459 6972 152.0 852.5 757.5 151.0 Pedestrian
460 6984 150.0 23.5 1164.5 150.0 Pedestrian
461 6996 150.0 38.0 1164.5 150.0 Pedestrian
462 7008 150.0 65.0 1158.5 150.0 Pedestrian
463 7020 150.0 77.5 1166.5 150.0 Pedestrian
464 7032 150.0 94.0 1174.5 150.0 Pedestrian
465 7044 150.0 140.0 1178.5 150.0 Pedestrian
466 7056 150.0 184.0 1178.5 150.0 Pedestrian
467 7068 150.0 230.0 1182.5 150.0 Pedestrian
468 7080 150.0 265.0 1182.5 150.0 Pedestrian
469 7092 150.0 298.0 1178.5 150.0 Pedestrian
470 7104 150.0 329.0 1174.5 150.0 Pedestrian
471 7116 150.0 360.0 1170.5 150.0 Pedestrian
472 7128 150.0 393.0 1170.5 150.0 Pedestrian
473 7140 150.0 424.5 1166.5 150.0 Pedestrian
474 7152 150.0 457.5 1162.5 150.0 Pedestrian
475 7164 150.0 480.0 1162.5 150.0 Pedestrian
476 7176 150.0 480.0 1162.5 150.0 Pedestrian
477 7188 150.0 480.0 1162.5 150.0 Pedestrian
478 7200 150.0 480.0 1162.5 150.0 Pedestrian
479 7212 150.0 480.0 1162.5 150.0 Pedestrian
480 6984 153.0 832.0 757.5 151.0 Pedestrian
481 6996 153.0 812.0 757.5 151.0 Pedestrian
482 7008 153.0 791.5 757.5 151.0 Pedestrian
483 7020 153.0 771.5 757.5 151.0 Pedestrian
484 7032 153.0 751.5 757.5 151.0 Pedestrian
485 7044 153.0 729.5 757.5 151.0 Pedestrian
486 7056 153.0 709.0 757.5 151.0 Pedestrian
487 7068 153.0 689.0 755.5 151.0 Pedestrian
488 7080 153.0 668.5 755.5 151.0 Pedestrian
489 7092 153.0 647.5 753.5 151.0 Pedestrian
490 7104 153.0 626.5 753.5 151.0 Pedestrian
491 7116 153.0 606.5 753.5 151.0 Pedestrian
492 7128 153.0 586.0 751.5 151.0 Pedestrian
493 7140 153.0 565.0 751.5 151.0 Pedestrian
494 7152 153.0 544.5 751.5 151.0 Pedestrian
495 7164 153.0 523.5 749.5 151.0 Pedestrian
496 7176 153.0 503.5 749.5 151.0 Pedestrian
497 7188 153.0 482.5 747.0 151.0 Pedestrian
498 7200 153.0 462.5 747.0 151.0 Pedestrian
499 7212 153.0 442.0 747.0 151.0 Pedestrian
500 7224 151.0 476.7 1162.5 150.0 Pedestrian
501 7236 151.0 476.83 1162.5 150.0 Pedestrian
502 7248 151.0 476.96 1162.5 150.0 Pedestrian
503 7260 151.0 477.09 1162.5 150.0 Pedestrian
504 7272 151.0 477.22 1162.5 150.0 Pedestrian
505 7284 151.0 477.34 1162.5 150.0 Pedestrian
506 7296 151.0 477.47 1162.5 150.0 Pedestrian
507 7308 151.0 477.6 1162.5 150.0 Pedestrian
508 7320 151.0 480.0 1162.5 150.0 Pedestrian
509 7332 151.0 480.0 1162.5 150.0 Pedestrian
510 7344 151.0 480.0 1162.5 150.0 Pedestrian
511 7356 151.0 480.0 1162.5 150.0 Pedestrian
512 7368 151.0 480.0 1162.5 150.0 Pedestrian
513 7380 151.0 480.0 1162.5 150.0 Pedestrian
514 7392 151.0 480.0 1162.5 150.0 Pedestrian
515 7404 151.0 480.0 1162.5 150.0 Pedestrian
516 7416 151.0 480.0 1162.5 150.0 Pedestrian
517 7428 151.0 480.0 1162.5 150.0 Pedestrian
518 7440 151.0 480.0 1162.5 150.0 Pedestrian
519 7452 151.0 480.0 1162.5 150.0 Pedestrian
520 7224 154.0 421.0 747.0 151.0 Pedestrian
521 7236 154.0 399.5 747.0 151.0 Pedestrian
522 7248 154.0 381.5 747.0 151.0 Pedestrian
523 7260 154.0 365.0 747.0 151.0 Pedestrian
524 7272 154.0 342.5 747.0 151.0 Pedestrian
525 7284 154.0 322.5 747.0 151.0 Pedestrian
526 7296 154.0 300.5 747.0 151.0 Pedestrian
527 7308 154.0 280.5 747.0 151.0 Pedestrian
528 7320 154.0 260.5 747.0 151.0 Pedestrian
529 7332 154.0 238.5 751.5 151.0 Pedestrian
530 7344 154.0 218.0 751.5 151.0 Pedestrian
531 7356 154.0 197.5 751.5 151.0 Pedestrian
532 7368 154.0 175.5 751.5 151.0 Pedestrian
533 7380 154.0 155.5 751.5 151.0 Pedestrian
534 7392 154.0 135.5 755.5 151.0 Pedestrian
535 7404 154.0 113.5 755.5 151.0 Pedestrian
536 7416 154.0 93.5 755.5 151.0 Pedestrian
537 7428 154.0 73.0 755.5 151.0 Pedestrian
538 7440 154.0 51.0 755.5 151.0 Pedestrian
539 7452 154.0 34.5 759.5 151.0 Pedestrian
540 7512 156.0 18.5 1190.5 156.0 Pedestrian
541 7524 156.0 31.5 1190.5 156.0 Pedestrian
542 7536 156.0 44.5 1186.5 156.0 Pedestrian
543 7548 156.0 57.5 1186.5 156.0 Pedestrian
544 7560 156.0 72.0 1186.5 156.0 Pedestrian
545 7572 156.0 86.5 1186.5 156.0 Pedestrian
546 7584 156.0 103.5 1186.5 156.0 Pedestrian
547 7596 156.0 119.5 1182.5 156.0 Pedestrian
548 7608 156.0 138.5 1178.5 156.0 Pedestrian
549 7620 156.0 154.5 1178.5 156.0 Pedestrian
550 7632 156.0 169.5 1178.5 156.0 Pedestrian
551 7644 156.0 182.5 1182.5 156.0 Pedestrian
552 7656 156.0 193.5 1182.5 156.0 Pedestrian
553 7668 156.0 204.5 1186.5 156.0 Pedestrian
554 7680 156.0 215.5 1190.5 156.0 Pedestrian
555 7692 156.0 228.5 1194.5 156.0 Pedestrian
556 7704 156.0 241.0 1199.0 156.0 Pedestrian
557 7716 156.0 264.5 1194.5 156.0 Pedestrian
558 7728 156.0 297.5 1182.5 156.0 Pedestrian
559 7740 156.0 305.5 1182.5 156.0 Pedestrian
560 7596 86.0 241.5 809.5 86.0 Pedestrian
561 7608 86.0 263.5 811.5 86.0 Pedestrian
562 7620 86.0 285.5 811.5 86.0 Pedestrian
563 7632 86.0 309.5 811.5 86.0 Pedestrian
564 7644 86.0 333.5 811.5 86.0 Pedestrian
565 7656 86.0 355.5 811.5 86.0 Pedestrian
566 7668 86.0 379.5 811.5 86.0 Pedestrian
567 7680 86.0 401.5 811.5 86.0 Pedestrian
568 7692 86.0 425.5 811.5 86.0 Pedestrian
569 7704 86.0 447.5 811.5 86.0 Pedestrian
570 7716 86.0 471.5 811.5 86.0 Pedestrian
571 7728 86.0 493.5 811.5 86.0 Pedestrian
572 7740 86.0 517.5 811.5 86.0 Pedestrian
573 7752 86.0 541.5 811.5 86.0 Pedestrian
574 7764 86.0 563.5 811.5 86.0 Pedestrian
575 7776 86.0 587.5 811.5 86.0 Pedestrian
576 7788 86.0 609.5 811.5 86.0 Pedestrian
577 7800 86.0 633.0 811.5 86.0 Pedestrian
578 7812 86.0 656.5 811.5 86.0 Pedestrian
579 7824 86.0 678.5 811.5 86.0 Pedestrian
580 7644 92.0 1293.0 773.5 92.0 Pedestrian
581 7656 92.0 1293.0 773.5 92.0 Pedestrian
582 7668 92.0 1293.0 773.5 92.0 Pedestrian
583 7680 92.0 1284.5 773.5 92.0 Pedestrian
584 7692 92.0 1268.5 773.5 92.0 Pedestrian
585 7704 92.0 1250.5 773.5 92.0 Pedestrian
586 7716 92.0 1234.5 773.5 92.0 Pedestrian
587 7728 92.0 1217.5 773.5 92.0 Pedestrian
588 7740 92.0 1201.5 773.5 92.0 Pedestrian
589 7752 92.0 1186.5 773.5 92.0 Pedestrian
590 7764 92.0 1173.5 773.5 92.0 Pedestrian
591 7776 92.0 1159.0 773.5 92.0 Pedestrian
592 7788 92.0 1144.5 773.5 92.0 Pedestrian
593 7800 92.0 1131.5 773.5 92.0 Pedestrian
594 7812 92.0 1116.5 773.5 92.0 Pedestrian
595 7824 92.0 1104.0 773.5 92.0 Pedestrian
596 7836 92.0 1089.5 773.5 92.0 Pedestrian
597 7848 92.0 1074.5 773.5 92.0 Pedestrian
598 7860 92.0 1061.5 777.5 92.0 Pedestrian
599 7872 92.0 1045.5 777.5 92.0 Pedestrian
600 7836 87.0 700.5 811.5 86.0 Pedestrian
601 7848 87.0 722.5 816.0 86.0 Pedestrian
602 7860 87.0 745.0 816.0 86.0 Pedestrian
603 7872 87.0 767.0 816.0 86.0 Pedestrian
604 7884 87.0 789.0 816.0 86.0 Pedestrian
605 7896 87.0 811.5 820.5 86.0 Pedestrian
606 7908 87.0 833.5 820.5 86.0 Pedestrian
607 7920 87.0 855.5 820.5 86.0 Pedestrian
608 7932 87.0 877.5 824.5 86.0 Pedestrian
609 7944 87.0 899.5 824.5 86.0 Pedestrian
610 7956 87.0 921.5 824.5 86.0 Pedestrian
611 7968 87.0 941.5 824.5 86.0 Pedestrian
612 7980 87.0 963.5 820.5 86.0 Pedestrian
613 7992 87.0 985.5 816.0 86.0 Pedestrian
614 8004 87.0 1005.5 814.0 86.0 Pedestrian
615 8016 87.0 1027.5 814.0 86.0 Pedestrian
616 8028 87.0 1049.5 814.0 86.0 Pedestrian
617 8040 87.0 1070.5 814.0 86.0 Pedestrian
618 8052 87.0 1092.0 814.0 86.0 Pedestrian
619 8064 87.0 1113.5 814.0 86.0 Pedestrian
620 7884 93.0 1030.5 777.5 92.0 Pedestrian
621 7896 93.0 1015.5 777.5 92.0 Pedestrian
622 7908 93.0 999.5 777.5 92.0 Pedestrian
623 7920 93.0 984.5 777.5 92.0 Pedestrian
624 7932 93.0 968.0 777.5 92.0 Pedestrian
625 7944 93.0 953.5 777.5 92.0 Pedestrian
626 7956 93.0 938.5 777.5 92.0 Pedestrian
627 7968 93.0 920.5 773.5 92.0 Pedestrian
628 7980 93.0 902.0 769.5 92.0 Pedestrian
629 7992 93.0 881.5 769.5 92.0 Pedestrian
630 8004 93.0 865.5 765.5 92.0 Pedestrian
631 8016 93.0 850.5 763.5 92.0 Pedestrian
632 8028 93.0 837.0 761.5 92.0 Pedestrian
633 8040 93.0 823.0 759.5 92.0 Pedestrian
634 8052 93.0 809.0 757.5 92.0 Pedestrian
635 8064 93.0 794.0 753.5 92.0 Pedestrian
636 8076 93.0 780.0 751.5 92.0 Pedestrian
637 8088 93.0 766.0 749.5 92.0 Pedestrian
638 8100 93.0 750.5 749.5 92.0 Pedestrian
639 8112 93.0 734.0 749.5 92.0 Pedestrian
640 8124 94.0 715.5 753.5 92.0 Pedestrian
641 8136 94.0 699.0 753.5 92.0 Pedestrian
642 8148 94.0 682.5 757.5 92.0 Pedestrian
643 8160 94.0 666.0 757.5 92.0 Pedestrian
644 8172 94.0 647.5 761.5 92.0 Pedestrian
645 8184 94.0 631.0 761.5 92.0 Pedestrian
646 8196 94.0 614.5 765.5 92.0 Pedestrian
647 8208 94.0 596.5 765.5 92.0 Pedestrian
648 8220 94.0 578.0 769.5 92.0 Pedestrian
649 8232 94.0 561.5 769.5 92.0 Pedestrian
650 8244 94.0 543.0 769.5 92.0 Pedestrian
651 8256 94.0 526.5 773.5 92.0 Pedestrian
652 8268 94.0 508.0 773.5 92.0 Pedestrian
653 8280 94.0 489.5 773.5 92.0 Pedestrian
654 8292 94.0 473.5 777.5 92.0 Pedestrian
655 8304 94.0 454.5 777.5 92.0 Pedestrian
656 8316 94.0 438.5 781.5 92.0 Pedestrian
657 8328 94.0 421.5 785.5 92.0 Pedestrian
658 8340 94.0 407.0 793.5 92.0 Pedestrian
659 8352 94.0 392.5 801.5 92.0 Pedestrian
660 8364 95.0 376.0 805.5 92.0 Pedestrian
661 8376 95.0 361.5 814.0 92.0 Pedestrian
662 8388 95.0 344.5 822.0 92.0 Pedestrian
663 8400 95.0 330.0 826.5 92.0 Pedestrian
664 8412 95.0 313.5 834.5 92.0 Pedestrian
665 8424 95.0 298.5 842.5 92.0 Pedestrian
666 8436 95.0 282.5 850.5 92.0 Pedestrian
667 8448 95.0 267.5 854.5 92.0 Pedestrian
668 8460 95.0 253.0 862.5 92.0 Pedestrian
669 8472 95.0 236.5 870.5 92.0 Pedestrian
670 8484 95.0 221.5 874.5 92.0 Pedestrian
671 8496 95.0 205.5 882.5 92.0 Pedestrian
672 8508 95.0 193.0 895.0 92.0 Pedestrian
673 8520 95.0 184.0 913.5 92.0 Pedestrian
674 8532 95.0 173.0 929.5 92.0 Pedestrian
675 8544 95.0 164.0 945.5 92.0 Pedestrian
676 8556 95.0 152.5 961.5 92.0 Pedestrian
677 8568 95.0 142.5 980.5 92.0 Pedestrian
678 8580 95.0 132.5 996.5 92.0 Pedestrian
679 8592 95.0 121.5 1012.5 92.0 Pedestrian
680 10968 97.0 41.0 1030.5 97.0 Pedestrian
681 10980 97.0 55.5 1018.5 97.0 Pedestrian
682 10992 97.0 74.0 1006.5 97.0 Pedestrian
683 11004 97.0 89.5 996.5 97.0 Pedestrian
684 11016 97.0 102.5 988.5 97.0 Pedestrian
685 11028 97.0 117.0 972.0 97.0 Pedestrian
686 11040 97.0 131.5 959.5 97.0 Pedestrian
687 11052 97.0 146.5 943.5 97.0 Pedestrian
688 11064 97.0 162.5 927.5 97.0 Pedestrian
689 11076 97.0 179.5 911.5 97.0 Pedestrian
690 11088 97.0 196.0 895.0 97.0 Pedestrian
691 11100 97.0 214.5 878.5 97.0 Pedestrian
692 11112 97.0 230.5 862.5 97.0 Pedestrian
693 11124 97.0 249.5 854.5 97.0 Pedestrian
694 11136 97.0 267.5 846.5 97.0 Pedestrian
695 11148 97.0 285.5 838.5 97.0 Pedestrian
696 11160 97.0 304.5 830.5 97.0 Pedestrian
697 11172 97.0 322.5 822.5 97.0 Pedestrian
698 11184 97.0 341.0 818.5 97.0 Pedestrian
699 11196 97.0 357.5 809.5 97.0 Pedestrian
700 11004 56.0 1006.5 828.5 56.0 Pedestrian
701 11016 56.0 1006.5 828.5 56.0 Pedestrian
702 11028 56.0 1006.5 828.5 56.0 Pedestrian
703 11040 56.0 1006.5 828.5 56.0 Pedestrian
704 11052 56.0 1006.5 828.5 56.0 Pedestrian
705 11064 56.0 1006.5 828.5 56.0 Pedestrian
706 11076 56.0 1006.5 828.5 56.0 Pedestrian
707 11088 56.0 1006.5 828.5 56.0 Pedestrian
708 11100 56.0 1006.5 828.5 56.0 Pedestrian
709 11112 56.0 1006.5 828.5 56.0 Pedestrian
710 11124 56.0 1006.5 828.5 56.0 Pedestrian
711 11136 56.0 1006.5 828.5 56.0 Pedestrian
712 11148 56.0 1006.5 828.5 56.0 Pedestrian
713 11160 56.0 1006.5 828.5 56.0 Pedestrian
714 11172 56.0 1006.5 828.5 56.0 Pedestrian
715 11184 56.0 1006.5 828.5 56.0 Pedestrian
716 11196 56.0 1006.5 828.5 56.0 Pedestrian
717 11208 56.0 1006.5 828.5 56.0 Pedestrian
718 11220 56.0 1006.5 828.5 56.0 Pedestrian
719 11232 56.0 1006.5 828.5 56.0 Pedestrian
720 11208 98.0 375.5 801.5 97.0 Pedestrian
721 11220 98.0 394.5 797.5 97.0 Pedestrian
722 11232 98.0 410.5 789.5 97.0 Pedestrian
723 11244 98.0 429.5 785.5 97.0 Pedestrian
724 11256 98.0 447.5 781.5 97.0 Pedestrian
725 11268 98.0 465.5 777.5 97.0 Pedestrian
726 11280 98.0 484.5 773.5 97.0 Pedestrian
727 11292 98.0 506.5 769.5 97.0 Pedestrian
728 11304 98.0 528.5 769.5 97.0 Pedestrian
729 11316 98.0 552.5 769.5 97.0 Pedestrian
730 11328 98.0 574.5 769.5 97.0 Pedestrian
731 11340 98.0 598.5 769.5 97.0 Pedestrian
732 11352 98.0 620.5 765.5 97.0 Pedestrian
733 11364 98.0 642.5 765.5 97.0 Pedestrian
734 11376 98.0 664.5 761.5 97.0 Pedestrian
735 11388 98.0 686.5 761.5 97.0 Pedestrian
736 11400 98.0 708.5 757.5 97.0 Pedestrian
737 11412 98.0 728.5 757.5 97.0 Pedestrian
738 11424 98.0 748.5 753.5 97.0 Pedestrian
739 11436 98.0 768.5 753.5 97.0 Pedestrian
740 11244 57.0 1006.5 828.5 56.0 Pedestrian
741 11256 57.0 1006.5 828.5 56.0 Pedestrian
742 11268 57.0 1006.5 828.5 56.0 Pedestrian
743 11280 57.0 1006.5 828.5 56.0 Pedestrian
744 11292 57.0 1006.5 828.5 56.0 Pedestrian
745 11304 57.0 1006.5 828.5 56.0 Pedestrian
746 11316 57.0 1006.5 828.5 56.0 Pedestrian
747 11328 57.0 1006.5 828.5 56.0 Pedestrian
748 11340 57.0 1006.5 828.5 56.0 Pedestrian
749 11352 57.0 1006.5 828.5 56.0 Pedestrian
750 11364 57.0 1006.5 828.5 56.0 Pedestrian
751 11376 57.0 1006.5 828.5 56.0 Pedestrian
752 11388 57.0 1006.5 828.5 56.0 Pedestrian
753 11400 57.0 1006.5 828.5 56.0 Pedestrian
754 11412 57.0 1006.5 828.5 56.0 Pedestrian
755 11424 57.0 1006.5 828.5 56.0 Pedestrian
756 11436 57.0 1006.5 828.5 56.0 Pedestrian
757 11448 57.0 1006.5 828.5 56.0 Pedestrian
758 11460 57.0 1006.5 828.5 56.0 Pedestrian
759 11472 57.0 1006.5 828.5 56.0 Pedestrian
760 11448 99.0 789.0 753.5 97.0 Pedestrian
761 11460 99.0 807.5 749.5 97.0 Pedestrian
762 11472 99.0 827.5 749.5 97.0 Pedestrian
763 11484 99.0 845.5 745.5 97.0 Pedestrian
764 11496 99.0 866.5 745.5 97.0 Pedestrian
765 11508 99.0 885.5 743.5 97.0 Pedestrian
766 11520 99.0 905.0 743.0 97.0 Pedestrian
767 11532 99.0 924.0 739.0 97.0 Pedestrian
768 11544 99.0 943.5 737.0 97.0 Pedestrian
769 11556 99.0 965.5 737.0 97.0 Pedestrian
770 11568 99.0 985.5 733.0 97.0 Pedestrian
771 11580 99.0 1007.5 733.0 97.0 Pedestrian
772 11592 99.0 1027.5 733.0 97.0 Pedestrian
773 11604 99.0 1047.5 733.0 97.0 Pedestrian
774 11616 99.0 1066.5 733.0 97.0 Pedestrian
775 11628 99.0 1086.5 733.0 97.0 Pedestrian
776 11640 99.0 1106.5 737.0 97.0 Pedestrian
777 11652 99.0 1125.0 737.0 97.0 Pedestrian
778 11664 99.0 1145.5 737.0 97.0 Pedestrian
779 11676 99.0 1163.5 737.0 97.0 Pedestrian
780 11928 19.0 13.5 1207.0 19.0 Pedestrian
781 11940 19.0 18.0 1211.0 19.0 Pedestrian
782 11952 19.0 16.0 1211.0 19.0 Pedestrian
783 11964 19.0 16.0 1211.0 19.0 Pedestrian
784 11976 19.0 16.0 1215.5 19.0 Pedestrian
785 11988 19.0 16.0 1215.5 19.0 Pedestrian
786 12000 19.0 16.0 1219.5 19.0 Pedestrian
787 12012 19.0 15.5 1219.5 19.0 Pedestrian
788 12024 19.0 15.5 1219.5 19.0 Pedestrian
789 12036 19.0 15.5 1221.5 19.0 Pedestrian
790 12048 19.0 15.5 1221.5 19.0 Pedestrian
791 12060 19.0 22.5 1219.5 19.0 Pedestrian
792 12072 19.0 29.5 1211.0 19.0 Pedestrian
793 12084 19.0 40.5 1207.0 19.0 Pedestrian
794 12096 19.0 55.5 1203.0 19.0 Pedestrian
795 12108 19.0 70.5 1203.0 19.0 Pedestrian
796 12120 19.0 84.5 1199.0 19.0 Pedestrian
797 12132 19.0 101.5 1195.0 19.0 Pedestrian
798 12144 19.0 118.0 1190.5 19.0 Pedestrian
799 12156 19.0 134.5 1186.5 19.0 Pedestrian
800 12168 20.0 151.0 1182.5 19.0 Pedestrian
801 12180 20.0 165.5 1178.5 19.0 Pedestrian
802 12192 20.0 180.5 1178.5 19.0 Pedestrian
803 12204 20.0 189.5 1166.5 19.0 Pedestrian
804 12216 20.0 196.5 1154.5 19.0 Pedestrian
805 12228 20.0 202.5 1150.5 19.0 Pedestrian
806 12240 20.0 206.0 1158.5 19.0 Pedestrian
807 12252 20.0 206.0 1158.5 19.0 Pedestrian
808 12264 20.0 206.0 1158.5 19.0 Pedestrian
809 12276 20.0 206.0 1158.5 19.0 Pedestrian
810 12288 20.0 206.0 1158.5 19.0 Pedestrian
811 12300 20.0 206.0 1158.5 19.0 Pedestrian
812 12312 20.0 206.0 1158.5 19.0 Pedestrian
813 12324 20.0 206.0 1158.5 19.0 Pedestrian
814 12336 20.0 206.0 1158.5 19.0 Pedestrian
815 12348 20.0 206.0 1158.5 19.0 Pedestrian
816 12360 20.0 206.0 1158.5 19.0 Pedestrian
817 12372 20.0 206.0 1158.5 19.0 Pedestrian
818 12384 20.0 206.0 1158.5 19.0 Pedestrian
819 12396 20.0 206.0 1158.5 19.0 Pedestrian
820 12408 21.0 202.36 1149.82 19.0 Pedestrian
821 12420 21.0 202.48 1149.78 19.0 Pedestrian
822 12432 21.0 202.6 1149.73 19.0 Pedestrian
823 12444 21.0 202.72 1149.69 19.0 Pedestrian
824 12456 21.0 202.84 1149.65 19.0 Pedestrian
825 12468 21.0 202.96 1149.6 19.0 Pedestrian
826 12480 21.0 203.08 1149.56 19.0 Pedestrian
827 12492 21.0 203.2 1149.52 19.0 Pedestrian
828 12504 21.0 205.0 1154.5 19.0 Pedestrian
829 12516 21.0 205.0 1154.5 19.0 Pedestrian
830 12528 21.0 205.0 1154.5 19.0 Pedestrian
831 12540 21.0 205.0 1154.5 19.0 Pedestrian
832 12552 21.0 205.0 1154.5 19.0 Pedestrian
833 12564 21.0 205.0 1154.5 19.0 Pedestrian
834 12576 21.0 205.0 1154.5 19.0 Pedestrian
835 12588 21.0 205.0 1154.5 19.0 Pedestrian
836 12600 21.0 205.0 1152.5 19.0 Pedestrian
837 12612 21.0 205.0 1152.5 19.0 Pedestrian
838 12624 21.0 205.0 1152.5 19.0 Pedestrian
839 12636 21.0 205.0 1150.5 19.0 Pedestrian
