0.0000 94.0000 28.1370 -1.1730
0.0000 223.0000 -11.0200 -5.4230
0.0000 97.0000 27.4980 -1.2430
12.0000 97.0000 27.4280 -1.2430
12.0000 223.0000 -11.3450 -5.5860
12.0000 94.0000 28.1370 -1.1730
24.0000 94.0000 28.1370 -1.1730
24.0000 97.0000 27.4280 -1.1960
24.0000 223.0000 -11.6010 -5.7480
36.0000 223.0000 -11.8560 -5.8530
36.0000 94.0000 28.1370 -1.1730
36.0000 97.0000 27.3590 -1.1960
48.0000 223.0000 -12.1120 -6.0040
48.0000 97.0000 27.3590 -1.1500
48.0000 94.0000 28.1370 -1.1730
60.0000 223.0000 -12.3670 -6.1200
60.0000 94.0000 28.1370 -1.1730
60.0000 97.0000 27.3590 -1.1500
72.0000 97.0000 27.3000 -1.0920
72.0000 94.0000 28.1370 -1.1730
72.0000 223.0000 -12.6230 -6.2710
84.0000 94.0000 28.1370 -1.1730
84.0000 223.0000 -12.9010 -6.3750
84.0000 97.0000 27.3000 -1.0920
240.0000 95.0000 28.1370 -1.1730
240.0000 98.0000 27.3000 -0.9290
252.0000 98.0000 27.3000 -0.9290
252.0000 95.0000 28.1370 -1.1730
264.0000 95.0000 28.1370 -1.1730
264.0000 98.0000 27.2420 -0.9290
276.0000 98.0000 27.2420 -0.9290
276.0000 95.0000 28.1370 -1.1730
288.0000 95.0000 28.1370 -1.1730
288.0000 98.0000 27.2420 -0.9870
300.0000 98.0000 27.2420 -1.0330
300.0000 95.0000 28.1370 -1.1730
312.0000 95.0000 28.1370 -1.1730
312.0000 98.0000 27.2420 -1.0680
324.0000 98.0000 27.1730 -1.0920
324.0000 95.0000 28.1370 -1.1730
480.0000 96.0000 28.1370 -1.1730
480.0000 99.0000 27.0450 -1.5330
492.0000 96.0000 28.1370 -1.1730
492.0000 99.0000 27.0450 -1.5910
504.0000 96.0000 28.0670 -1.1730
504.0000 99.0000 27.0450 -1.6260
516.0000 96.0000 27.9620 -1.1150
516.0000 99.0000 27.0450 -1.6260
528.0000 99.0000 27.0450 -1.6260
528.0000 96.0000 27.8810 -1.0680
540.0000 96.0000 27.6840 -0.9520
540.0000 99.0000 27.0680 -1.6260
552.0000 96.0000 27.4860 -0.9060
552.0000 99.0000 27.0680 -1.5910
564.0000 99.0000 27.0680 -1.6140
564.0000 96.0000 27.3000 -0.8010
780.0000 100.0000 19.9270 -12.1930
792.0000 100.0000 19.4040 -12.1930
804.0000 100.0000 18.9050 -12.1930
816.0000 100.0000 18.4520 -12.2160
828.0000 100.0000 18.0110 -12.2390
840.0000 100.0000 17.5930 -12.2740
852.0000 100.0000 17.1510 -12.2970
864.0000 100.0000 16.6750 -12.2970
996.0000 153.0000 27.1490 -6.2240
1008.0000 153.0000 26.4760 -6.4800
1020.0000 153.0000 25.9300 -6.5960
1032.0000 153.0000 25.5820 -6.6890
1044.0000 153.0000 24.9780 -6.9910
1056.0000 153.0000 24.2580 -7.2460
1068.0000 153.0000 23.8170 -7.5250
1080.0000 153.0000 23.3760 -7.8270
1236.0000 154.0000 16.4780 -9.6380
1248.0000 154.0000 16.0370 -9.6850
1260.0000 154.0000 15.5260 -9.8010
1272.0000 154.0000 14.9450 -9.8940
1284.0000 154.0000 14.4340 -10.0100
1296.0000 154.0000 13.8530 -10.0560
1308.0000 154.0000 13.3430 -10.0560
1320.0000 154.0000 12.8320 -10.0560
1500.0000 84.0000 11.6470 7.1880
1512.0000 84.0000 11.6470 7.1880
1524.0000 84.0000 11.6470 7.1880
1536.0000 84.0000 11.6470 7.1880
1548.0000 84.0000 11.6470 7.1880
1560.0000 84.0000 11.6470 7.1880
1572.0000 84.0000 11.6470 7.1880
1584.0000 84.0000 11.6470 7.1880
1740.0000 85.0000 11.6470 7.1880
1752.0000 85.0000 11.6470 7.1880
1764.0000 85.0000 11.6470 7.1880
1776.0000 85.0000 11.6470 7.1880
1788.0000 85.0000 11.6470 7.1880
1800.0000 85.0000 11.6470 7.1880
1812.0000 85.0000 11.6470 7.1880
1824.0000 85.0000 11.6470 7.1880
2208.0000 204.0000 -5.7830 12.3900
2220.0000 204.0000 -5.6200 12.2390
2232.0000 204.0000 -5.6550 12.0540
2244.0000 204.0000 -5.5620 11.8330
2256.0000 204.0000 -5.4000 11.5660
2268.0000 204.0000 -5.3070 11.3340
2280.0000 204.0000 -5.2020 11.0660
2292.0000 204.0000 -5.1440 10.8340
2316.0000 66.0000 29.0890 -9.7080
2316.0000 49.0000 29.2750 -9.0230
2316.0000 180.0000 29.1820 -8.0010
2328.0000 180.0000 28.5780 -8.0010
2328.0000 66.0000 28.5430 -9.7080
2328.0000 49.0000 28.7060 -9.0230
2340.0000 49.0000 28.3460 -8.9650
2340.0000 66.0000 28.2290 -9.6610
2340.0000 180.0000 28.2530 -8.0010
2352.0000 49.0000 28.0090 -8.9180
2352.0000 180.0000 27.9390 -7.9310
2352.0000 66.0000 27.8460 -9.6380
2364.0000 49.0000 27.6840 -8.8720
2364.0000 180.0000 27.5560 -7.9310
2364.0000 66.0000 27.5210 -9.5690
2376.0000 180.0000 27.2310 -7.8850
2376.0000 66.0000 27.1380 -9.5450
2376.0000 49.0000 27.3350 -8.8020
2388.0000 66.0000 26.8240 -9.5220
2388.0000 180.0000 26.9170 -7.8850
2388.0000 49.0000 27.0100 -8.7560
2400.0000 180.0000 26.6620 -7.8380
2400.0000 66.0000 26.4410 -9.4290
2400.0000 49.0000 26.6270 -8.6630
2448.0000 205.0000 -4.7610 5.0280
2460.0000 205.0000 -4.6680 4.6570
2472.0000 205.0000 -4.5400 4.2500
2484.0000 205.0000 -4.5400 3.9130
2496.0000 205.0000 -4.5400 3.5420
2496.0000 193.0000 11.7400 7.6290
2508.0000 205.0000 -4.4710 3.2400
2508.0000 193.0000 11.7400 7.3390
2520.0000 41.0000 29.0310 -9.4290
2520.0000 205.0000 -4.4710 3.0080
2520.0000 193.0000 11.7400 7.3390
2532.0000 133.0000 28.9610 -8.2910
2532.0000 41.0000 28.7060 -9.5220
2532.0000 193.0000 11.7400 7.3390
2532.0000 205.0000 -4.4480 2.7400
2532.0000 224.0000 28.7400 -8.8370
2544.0000 193.0000 11.7400 7.3390
2544.0000 224.0000 28.4150 -8.8830
2544.0000 41.0000 28.4500 -9.5220
2544.0000 133.0000 28.5780 -8.2910
2556.0000 181.0000 25.4420 -7.6760
2556.0000 41.0000 28.0670 -9.5690
2556.0000 67.0000 25.9650 -8.2100
2556.0000 50.0000 25.2570 -8.3030
2556.0000 133.0000 28.1950 -8.3380
2556.0000 224.0000 28.1020 -8.9410
2556.0000 193.0000 11.7400 7.3390
2568.0000 50.0000 25.2570 -8.3610
2568.0000 224.0000 27.6490 -9.0460
2568.0000 181.0000 25.4420 -7.6760
2568.0000 67.0000 25.9650 -8.0470
2568.0000 41.0000 27.6140 -9.6380
2568.0000 193.0000 11.7400 7.3390
2568.0000 133.0000 27.8110 -8.3840
2580.0000 50.0000 25.2570 -8.3610
2580.0000 41.0000 27.2420 -9.7310
2580.0000 67.0000 25.9650 -7.8380
2580.0000 193.0000 11.7400 7.3390
2580.0000 224.0000 27.2660 -9.1620
2580.0000 133.0000 27.4280 -8.5000
2580.0000 181.0000 25.4420 -7.7220
2592.0000 181.0000 25.4420 -7.7220
2592.0000 41.0000 26.7900 -9.8470
2592.0000 50.0000 25.2570 -8.4190
2592.0000 133.0000 27.0450 -8.5470
2592.0000 67.0000 25.9650 -7.7800
2592.0000 224.0000 26.9520 -9.2090
2604.0000 181.0000 25.4420 -7.7220
2604.0000 67.0000 25.9650 -7.7800
2604.0000 133.0000 26.6620 -8.5930
2604.0000 224.0000 26.6270 -9.2550
2604.0000 41.0000 26.3370 -9.9400
2604.0000 50.0000 25.3150 -8.4190
2616.0000 181.0000 25.4420 -7.7800
2616.0000 224.0000 26.1860 -9.3710
2616.0000 133.0000 26.2790 -8.7090
2616.0000 67.0000 25.9650 -7.8380
2616.0000 50.0000 25.3150 -8.4190
2628.0000 67.0000 25.9650 -7.8380
2628.0000 50.0000 25.3150 -8.4190
2628.0000 181.0000 25.4420 -7.7800
2640.0000 181.0000 25.4420 -7.7800
2640.0000 67.0000 25.9650 -7.8380
2640.0000 50.0000 25.3150 -8.4190
2688.0000 206.0000 -4.5400 1.9860
2700.0000 206.0000 -4.5400 1.9860
2712.0000 206.0000 -4.6330 2.0090
2724.0000 206.0000 -4.6330 2.0090
2736.0000 194.0000 11.7400 7.3390
2736.0000 206.0000 -4.5750 2.0090
2748.0000 206.0000 -4.5060 1.9510
2748.0000 194.0000 11.7400 7.3390
2760.0000 206.0000 -4.5060 1.9160
2760.0000 194.0000 11.5540 7.3970
2760.0000 42.0000 21.5520 -9.9400
2772.0000 225.0000 21.3900 -9.3130
2772.0000 42.0000 21.1690 -9.9400
2772.0000 134.0000 21.4830 -8.7560
2772.0000 194.0000 11.2990 7.4550
2772.0000 206.0000 -4.5400 1.8700
2784.0000 194.0000 11.2990 7.5020
2784.0000 42.0000 20.7860 -9.9400
2784.0000 225.0000 21.0070 -9.3130
2784.0000 134.0000 21.1110 -8.7090
2796.0000 51.0000 25.3150 -8.4190
2796.0000 42.0000 20.5300 -9.9400
2796.0000 68.0000 25.9650 -7.9890
2796.0000 182.0000 25.4420 -7.7800
2796.0000 225.0000 20.6230 -9.3130
2796.0000 134.0000 20.7160 -8.6630
2796.0000 194.0000 11.2990 7.5020
2808.0000 194.0000 11.2990 7.5020
2808.0000 182.0000 25.4420 -7.7800
2808.0000 51.0000 25.3150 -8.4190
2808.0000 68.0000 25.9650 -7.9890
2808.0000 42.0000 20.1470 -9.9400
2808.0000 134.0000 20.3450 -8.6630
2808.0000 225.0000 20.2400 -9.3130
2820.0000 68.0000 25.9650 -7.9890
2820.0000 225.0000 19.8570 -9.3130
2820.0000 134.0000 19.9500 -8.6630
2820.0000 182.0000 25.4420 -7.7800
2820.0000 42.0000 19.6940 -9.9400
2820.0000 194.0000 11.2990 7.5020
2820.0000 51.0000 25.3150 -8.4190
2832.0000 182.0000 25.4420 -7.7800
2832.0000 68.0000 25.9650 -7.9890
2832.0000 51.0000 25.3150 -8.4190
2832.0000 225.0000 19.4740 -9.3130
2832.0000 42.0000 19.2530 -9.9400
2832.0000 134.0000 19.5780 -8.6630
2844.0000 51.0000 25.3150 -8.4190
2844.0000 225.0000 19.0910 -9.3130
2844.0000 68.0000 25.9650 -7.9890
2844.0000 182.0000 25.4420 -7.7800
2844.0000 134.0000 19.2530 -8.5930
2844.0000 42.0000 18.8700 -9.9400
2856.0000 51.0000 25.3150 -8.4190
2856.0000 182.0000 25.4420 -7.7800
2856.0000 225.0000 18.7070 -9.3130
2856.0000 134.0000 18.8700 -8.5470
2856.0000 68.0000 25.9650 -7.9890
2868.0000 182.0000 25.4420 -7.7800
2868.0000 68.0000 25.9650 -7.9890
2868.0000 51.0000 25.3150 -8.4190
2880.0000 182.0000 25.4420 -7.7800
2880.0000 51.0000 25.3150 -8.4190
2880.0000 68.0000 25.9650 -7.9890
2928.0000 207.0000 -2.9730 -2.5200
2940.0000 207.0000 -2.9730 -2.9380
2952.0000 207.0000 -2.9150 -3.3090
2964.0000 207.0000 -2.9150 -3.7280
2976.0000 207.0000 -2.9150 -4.1570
2976.0000 195.0000 11.2990 7.5020
2988.0000 207.0000 -2.9150 -4.5870
2988.0000 195.0000 11.2990 7.5020
3000.0000 207.0000 -2.9730 -4.9580
3000.0000 195.0000 11.2990 7.5020
3000.0000 43.0000 14.0740 -9.7890
3012.0000 226.0000 13.9460 -9.1390
3012.0000 43.0000 13.5980 -9.8700
3012.0000 135.0000 13.7610 -8.4770
3012.0000 195.0000 11.2640 7.4780
3012.0000 207.0000 -3.1700 -5.3760
3024.0000 135.0000 13.4120 -8.4770
3024.0000 43.0000 13.1800 -9.8940
3024.0000 226.0000 13.5750 -9.1390
3024.0000 195.0000 11.2640 7.4780
3036.0000 183.0000 25.4190 -7.7800
3036.0000 226.0000 13.1800 -9.1390
3036.0000 135.0000 13.0870 -8.4770
3036.0000 52.0000 25.2800 -8.4420
3036.0000 69.0000 25.9300 -7.9890
3036.0000 195.0000 11.2640 7.4780
3036.0000 43.0000 12.7620 -9.9280
3048.0000 195.0000 11.2640 7.4780
3048.0000 135.0000 12.7390 -8.4770
3048.0000 52.0000 25.2800 -8.4420
3048.0000 69.0000 25.9300 -7.9890
3048.0000 43.0000 12.3210 -9.9520
3048.0000 183.0000 25.4190 -7.7800
3048.0000 226.0000 12.8660 -9.1850
3060.0000 69.0000 25.9300 -7.9660
3060.0000 52.0000 25.2800 -8.4420
3060.0000 226.0000 12.4830 -9.1850
3060.0000 195.0000 11.2640 7.4780
3060.0000 183.0000 25.4190 -7.7800
3060.0000 135.0000 12.3900 -8.4770
3060.0000 43.0000 11.9030 -9.9980
3072.0000 226.0000 12.1000 -9.2320
3072.0000 183.0000 25.3840 -7.7800
3072.0000 135.0000 11.9370 -8.4770
3072.0000 52.0000 25.2800 -8.4420
3072.0000 69.0000 25.9300 -7.9660
3072.0000 43.0000 11.5310 -9.9980
3084.0000 69.0000 25.9300 -7.9660
3084.0000 183.0000 25.3840 -7.7800
3084.0000 135.0000 11.5540 -8.4770
3084.0000 52.0000 25.2800 -8.4420
3084.0000 226.0000 11.7170 -9.2320
3084.0000 43.0000 11.2060 -9.9980
3096.0000 52.0000 25.2800 -8.4420
3096.0000 69.0000 25.9300 -7.9660
3096.0000 226.0000 11.3340 -9.2780
3096.0000 135.0000 11.1130 -8.4770
3096.0000 183.0000 25.3840 -7.7800
3108.0000 52.0000 25.2800 -8.4770
3108.0000 69.0000 25.9300 -7.9430
3108.0000 183.0000 25.3840 -7.7570
3120.0000 69.0000 25.9300 -7.9430
3120.0000 52.0000 25.2800 -8.4770
3120.0000 183.0000 25.3840 -7.7570
3168.0000 208.0000 -4.5290 -10.4510
3180.0000 208.0000 -4.5750 -10.9270
3192.0000 208.0000 -4.5060 -11.2990
3204.0000 208.0000 -4.6680 -11.7980
3216.0000 208.0000 -4.7960 -12.0880
3216.0000 196.0000 11.3340 7.4200
3228.0000 208.0000 -4.7380 -12.1120
3228.0000 196.0000 11.3340 7.3970
3240.0000 208.0000 -4.3430 -12.1120
3240.0000 196.0000 11.3340 7.3970
3240.0000 44.0000 6.4560 -9.8360
3252.0000 208.0000 -3.9710 -12.1120
3252.0000 196.0000 11.3340 7.3970
3252.0000 227.0000 6.2820 -9.0230
3252.0000 136.0000 6.2010 -8.0360
3252.0000 44.0000 6.1310 -9.7890
3264.0000 136.0000 5.8760 -8.0360
3264.0000 44.0000 5.6900 -9.7890
3264.0000 227.0000 5.9110 -9.0230
3264.0000 196.0000 11.3340 7.3970
3276.0000 44.0000 5.2950 -9.7890
3276.0000 70.0000 25.9300 -7.8620
3276.0000 184.0000 25.3150 -7.6760
3276.0000 196.0000 11.3340 7.3970
3276.0000 136.0000 5.4810 -8.1050
3276.0000 53.0000 25.2570 -8.5000
3276.0000 227.0000 5.5160 -9.0230
3288.0000 70.0000 25.9300 -7.8620
3288.0000 184.0000 25.2920 -7.6760
3288.0000 53.0000 25.2570 -8.5000
3288.0000 227.0000 5.1440 -9.0230
3288.0000 196.0000 11.3340 7.3970
3288.0000 44.0000 4.9240 -9.7890
3288.0000 136.0000 5.1790 -8.1050
3300.0000 70.0000 25.9300 -7.8380
3300.0000 44.0000 4.5290 -9.7890
3300.0000 184.0000 25.2920 -7.6520
3300.0000 53.0000 25.2570 -8.5000
3300.0000 196.0000 11.3680 7.3620
3300.0000 227.0000 4.6910 -9.0230
3300.0000 136.0000 4.7840 -8.1520
3312.0000 184.0000 25.2920 -7.6520
3312.0000 227.0000 4.3080 -9.0230
3312.0000 53.0000 25.2570 -8.5230
3312.0000 70.0000 25.9300 -7.8380
3312.0000 44.0000 4.1570 -9.7430
3312.0000 136.0000 4.4590 -8.1520
3324.0000 136.0000 4.1570 -8.1520
3324.0000 53.0000 25.2570 -8.5230
3324.0000 44.0000 3.7620 -9.7430
3324.0000 184.0000 25.2920 -7.6520
3324.0000 227.0000 3.9250 -9.0230
3324.0000 70.0000 25.9300 -7.8380
3336.0000 184.0000 25.2920 -7.6520
3336.0000 136.0000 3.7620 -8.1980
3336.0000 70.0000 25.8950 -7.8380
3336.0000 227.0000 3.5420 -9.0230
3336.0000 53.0000 25.2220 -8.5230
3348.0000 184.0000 25.2920 -7.6520
3348.0000 70.0000 25.8950 -7.8380
3348.0000 53.0000 25.2220 -8.5230
3360.0000 70.0000 25.8950 -7.8150
3360.0000 53.0000 25.2220 -8.5230
3360.0000 184.0000 25.2570 -7.6520
3444.0000 6.0000 -16.0600 -4.3200
3456.0000 197.0000 11.3680 7.3740
3456.0000 6.0000 -16.0600 -4.2150
3468.0000 6.0000 -16.0020 -3.9950
3468.0000 197.0000 11.3680 7.3740
3480.0000 6.0000 -15.9670 -3.7860
3480.0000 45.0000 -1.2770 -9.5800
3480.0000 197.0000 11.2990 7.3740
3492.0000 6.0000 -15.5600 -3.4720
3492.0000 228.0000 -1.6370 -8.9760
3492.0000 197.0000 11.2990 7.3740
3492.0000 45.0000 -1.6720 -9.5800
3492.0000 137.0000 -1.5330 -8.1980
3504.0000 45.0000 -2.0790 -9.5570
3504.0000 137.0000 -1.9510 -8.2210
3504.0000 6.0000 -15.4210 -2.9150
3504.0000 197.0000 11.3340 7.3740
3504.0000 228.0000 -2.0440 -8.9070
3516.0000 128.0000 28.6360 -12.0070
3516.0000 228.0000 -2.3570 -8.8830
3516.0000 137.0000 -2.2990 -8.2560
3516.0000 71.0000 25.8950 -7.7570
3516.0000 54.0000 25.1870 -8.5120
3516.0000 45.0000 -2.4620 -9.5570
3516.0000 6.0000 -15.2700 -2.7520
3516.0000 197.0000 11.4960 7.3970
3516.0000 185.0000 25.1870 -7.5480
3528.0000 71.0000 25.8950 -7.7570
3528.0000 228.0000 -2.7170 -8.8370
3528.0000 54.0000 25.1870 -8.5120
3528.0000 6.0000 -15.1420 -2.6240
3528.0000 197.0000 11.4960 7.3970
3528.0000 128.0000 28.1600 -11.9840
3528.0000 137.0000 -2.6480 -8.2560
3528.0000 185.0000 25.1870 -7.5480
3528.0000 45.0000 -2.8450 -9.5570
3540.0000 185.0000 25.1870 -7.5250
3540.0000 54.0000 25.1870 -8.5120
3540.0000 71.0000 25.8950 -7.7570
3540.0000 128.0000 27.6490 -11.9840
3540.0000 45.0000 -3.2280 -9.5220
3540.0000 197.0000 11.4960 7.3970
3540.0000 228.0000 -3.0770 -8.8020
3540.0000 137.0000 -3.0310 -8.2800
3552.0000 45.0000 -3.6460 -9.5220
3552.0000 228.0000 -3.4260 -8.7560
3552.0000 54.0000 25.1870 -8.5120
3552.0000 185.0000 25.1870 -7.5250
3552.0000 128.0000 27.3350 -12.0540
3552.0000 71.0000 25.8950 -7.7570
3552.0000 137.0000 -3.4140 -8.2910
3564.0000 185.0000 25.1870 -7.5250
3564.0000 128.0000 27.0800 -12.1350
3564.0000 45.0000 -4.0290 -9.5220
3564.0000 228.0000 -3.7970 -8.7560
3564.0000 71.0000 25.8950 -7.7570
3564.0000 137.0000 -3.8090 -8.2910
3564.0000 54.0000 25.1870 -8.5120
3576.0000 71.0000 25.8950 -7.7570
3576.0000 137.0000 -4.1800 -8.2910
3576.0000 128.0000 26.6970 -12.1350
3576.0000 228.0000 -4.1920 -8.7560
3576.0000 185.0000 25.1870 -7.5250
3576.0000 54.0000 25.1520 -8.5120
3588.0000 71.0000 25.8950 -7.7570
3588.0000 128.0000 26.2440 -12.1350
3588.0000 185.0000 25.1870 -7.4900
3588.0000 54.0000 25.1520 -8.5120
3600.0000 71.0000 25.8950 -7.7570
3600.0000 185.0000 25.1870 -7.4900
3600.0000 128.0000 25.8020 -12.1120
3600.0000 54.0000 25.1870 -8.4890
3684.0000 7.0000 -14.4340 -1.7530
3696.0000 7.0000 -14.4690 -1.7530
3696.0000 198.0000 11.4960 7.3970
3708.0000 7.0000 -14.4690 -1.7530
3708.0000 198.0000 11.4960 7.3970
3720.0000 198.0000 11.4960 7.3970
3720.0000 46.0000 -9.0690 -9.3940
3720.0000 7.0000 -14.4690 -1.7530
3732.0000 7.0000 -14.4920 -1.7190
3732.0000 198.0000 11.4960 7.3970
3732.0000 138.0000 -9.3250 -8.2210
3732.0000 46.0000 -9.4520 -9.3940
3732.0000 229.0000 -9.1620 -8.6280
3744.0000 138.0000 -9.7080 -8.2210
3744.0000 229.0000 -9.5570 -8.6280
3744.0000 46.0000 -9.8360 -9.3710
3744.0000 198.0000 11.4960 7.3970
3744.0000 7.0000 -14.4920 -1.7190
3756.0000 198.0000 11.4960 7.3970
3756.0000 46.0000 -10.2540 -9.3710
3756.0000 186.0000 25.2220 -7.3850
3756.0000 129.0000 19.9850 -11.9030
3756.0000 72.0000 25.9300 -7.7570
3756.0000 138.0000 -10.0910 -8.2210
3756.0000 55.0000 25.1640 -8.4420
3756.0000 229.0000 -9.9280 -8.5930
3756.0000 7.0000 -14.4920 -1.7190
3768.0000 198.0000 11.4960 7.3970
3768.0000 129.0000 19.5430 -11.9030
3768.0000 72.0000 25.9300 -7.7570
3768.0000 55.0000 25.1640 -8.4420
3768.0000 229.0000 -10.3230 -8.5930
3768.0000 186.0000 25.2220 -7.3850
3768.0000 138.0000 -10.5440 -8.1980
3768.0000 7.0000 -14.5270 -1.6950
3768.0000 46.0000 -10.6370 -9.3360
3780.0000 138.0000 -10.9970 -8.1750
3780.0000 229.0000 -10.6950 -8.5930
3780.0000 72.0000 25.9300 -7.7570
3780.0000 129.0000 19.0910 -11.9030
3780.0000 198.0000 11.4960 7.3970
3780.0000 55.0000 25.1640 -8.4420
3780.0000 46.0000 -11.0200 -9.3360
3780.0000 186.0000 25.2220 -7.3620
3792.0000 55.0000 25.1290 -8.4420
3792.0000 72.0000 25.9300 -7.7570
3792.0000 129.0000 18.6490 -11.9260
3792.0000 46.0000 -11.4030 -9.3360
3792.0000 186.0000 25.2220 -7.3620
3792.0000 229.0000 -11.0900 -8.5700
3792.0000 138.0000 -11.4610 -8.1750
3804.0000 186.0000 25.2220 -7.3620
3804.0000 129.0000 18.1960 -11.9260
3804.0000 138.0000 -11.9140 -8.1520
3804.0000 72.0000 25.9300 -7.7570
3804.0000 46.0000 -11.8210 -9.3130
3804.0000 55.0000 25.1640 -8.4190
3804.0000 229.0000 -11.4610 -8.5700
3816.0000 72.0000 25.9300 -7.7570
3816.0000 186.0000 25.2220 -7.3390
3816.0000 129.0000 17.7550 -11.9260
3816.0000 55.0000 25.1640 -8.4190
3816.0000 138.0000 -12.3670 -8.1290
3816.0000 229.0000 -11.8560 -8.5700
3828.0000 186.0000 25.2220 -7.3390
3828.0000 55.0000 25.1640 -8.4190
3828.0000 129.0000 17.3020 -11.9260
3828.0000 72.0000 25.9300 -7.7570
3840.0000 72.0000 25.9300 -7.7570
3840.0000 129.0000 16.8610 -11.9260
3840.0000 186.0000 25.2220 -7.3390
3840.0000 55.0000 25.1640 -8.3960
3876.0000 209.0000 27.5090 -12.3210
3888.0000 209.0000 27.2080 -12.2160
3900.0000 209.0000 26.7900 -12.1350
3912.0000 209.0000 26.2790 -12.1350
3924.0000 209.0000 25.8260 -12.1350
3924.0000 8.0000 -14.6200 -1.6020
3936.0000 209.0000 25.3150 -12.1350
3936.0000 8.0000 -14.6200 -1.6020
3936.0000 199.0000 11.4960 7.3970
3948.0000 209.0000 24.8730 -12.1350
3948.0000 8.0000 -14.6200 -1.6020
3948.0000 199.0000 11.4960 7.3970
3960.0000 209.0000 24.3630 -12.1350
3960.0000 8.0000 -14.6200 -1.6020
3960.0000 218.0000 28.8330 -12.3440
3960.0000 199.0000 11.4960 7.3970
3972.0000 199.0000 11.4960 7.3970
3972.0000 8.0000 -14.6200 -1.6020
3972.0000 218.0000 28.5080 -12.2390
3972.0000 139.0000 -15.8970 -7.8150
3984.0000 218.0000 28.2640 -12.2160
3984.0000 8.0000 -14.6200 -1.6020
3984.0000 199.0000 11.4960 7.3970
3984.0000 139.0000 -16.0250 -7.6760
3996.0000 73.0000 25.9300 -7.7570
3996.0000 130.0000 10.6020 -11.9490
3996.0000 139.0000 -16.0250 -7.5710
3996.0000 187.0000 25.2220 -7.2340
3996.0000 199.0000 11.4960 7.3970
3996.0000 218.0000 27.8110 -12.1350
3996.0000 56.0000 25.1290 -8.3610
3996.0000 8.0000 -14.6200 -1.6020
4008.0000 187.0000 25.2220 -7.2340
4008.0000 130.0000 10.2420 -12.0300
4008.0000 199.0000 11.4260 7.3390
4008.0000 139.0000 -16.0950 -6.9090
4008.0000 8.0000 -14.3410 -1.6140
4008.0000 73.0000 25.9300 -7.7800
4008.0000 218.0000 27.4980 -12.1120
4008.0000 56.0000 25.1290 -8.3140
4020.0000 187.0000 25.2220 -7.2340
4020.0000 73.0000 25.9300 -7.7800
4020.0000 130.0000 9.9280 -12.1700
4020.0000 139.0000 -16.1040 -6.4580
4020.0000 199.0000 11.4260 7.3160
4020.0000 218.0000 27.1730 -12.0650
4020.0000 56.0000 25.1290 -8.3140
4032.0000 187.0000 25.2220 -7.2340
4032.0000 218.0000 26.8240 -11.9840
4032.0000 130.0000 9.6030 -12.2390
4032.0000 73.0000 25.9300 -7.7800
4032.0000 56.0000 25.1290 -8.3140
4032.0000 139.0000 -16.1140 -6.0550
4044.0000 73.0000 25.9300 -7.7800
4044.0000 187.0000 25.2220 -7.2340
4044.0000 56.0000 25.1290 -8.3140
4044.0000 218.0000 26.5340 -11.9030
4044.0000 213.0000 26.4180 -12.3440
4044.0000 139.0000 -16.1240 -5.6520
4044.0000 130.0000 9.0920 -12.2390
4056.0000 56.0000 25.1290 -8.3140
4056.0000 139.0000 -16.1340 -5.2490
4056.0000 130.0000 8.5810 -12.2390
4056.0000 213.0000 25.9300 -12.2970
4056.0000 187.0000 25.2220 -7.2340
4056.0000 73.0000 25.9300 -7.7800
4068.0000 56.0000 25.1290 -8.3140
4068.0000 213.0000 25.5470 -12.2510
4068.0000 73.0000 25.9300 -7.7800
4068.0000 130.0000 8.0710 -12.2390
4068.0000 187.0000 25.2220 -7.2580
4080.0000 213.0000 25.1640 -12.1350
4080.0000 130.0000 7.6290 -12.2390
4080.0000 187.0000 25.2220 -7.2580
4080.0000 73.0000 25.9300 -7.7800
4080.0000 56.0000 25.1290 -8.3140
4092.0000 213.0000 24.7110 -12.0880
4104.0000 213.0000 24.3280 -11.9950
4116.0000 210.0000 18.4520 -11.8560
4116.0000 213.0000 23.9450 -11.9260
4128.0000 213.0000 23.5610 -11.9030
4128.0000 210.0000 17.9410 -11.8100
4140.0000 210.0000 17.5000 -11.7400
4152.0000 210.0000 17.0470 -11.6940
4164.0000 9.0000 -14.3410 -1.6140
4164.0000 210.0000 16.5360 -11.6470
4176.0000 210.0000 16.0950 -11.5310
4176.0000 200.0000 11.3570 6.8400
4176.0000 9.0000 -14.3410 -1.6140
4188.0000 200.0000 11.3570 6.8160
4188.0000 9.0000 -14.3410 -1.6140
4188.0000 210.0000 15.5840 -11.4850
4200.0000 9.0000 -14.3410 -1.6140
4200.0000 219.0000 21.2390 -10.8230
4200.0000 210.0000 15.1310 -11.4380
4200.0000 200.0000 11.3570 6.7930
4212.0000 219.0000 20.7860 -10.7760
4212.0000 200.0000 11.3340 6.7580
4212.0000 9.0000 -14.3410 -1.6140
4212.0000 140.0000 -15.9670 -0.1860
4224.0000 200.0000 11.3340 6.7120
4224.0000 140.0000 -16.0950 0.2090
4224.0000 9.0000 -14.3410 -1.6140
4224.0000 219.0000 20.4030 -10.7070
4236.0000 74.0000 25.8950 -7.8030
4236.0000 131.0000 1.6840 -12.3210
4236.0000 57.0000 25.0710 -8.3140
4236.0000 140.0000 -15.8970 0.5230
4236.0000 188.0000 25.2220 -7.3040
4236.0000 219.0000 20.1470 -10.7070
4236.0000 9.0000 -14.3410 -1.6140
4236.0000 200.0000 11.3340 6.6890
4248.0000 219.0000 19.7060 -10.7070
4248.0000 200.0000 11.3340 6.6310
4248.0000 140.0000 -15.6770 0.8480
4248.0000 188.0000 25.2220 -7.3040
4248.0000 74.0000 25.8950 -7.8030
4248.0000 57.0000 25.0710 -8.3140
4248.0000 9.0000 -14.3410 -1.6140
4248.0000 127.0000 28.8800 -2.2300
4248.0000 131.0000 1.1730 -12.3210
4260.0000 127.0000 28.4850 -1.9040
4260.0000 219.0000 19.1950 -10.6600
4260.0000 188.0000 25.2570 -7.3390
4260.0000 74.0000 25.8950 -7.8030
4260.0000 131.0000 0.7320 -12.3210
4260.0000 57.0000 25.0710 -8.3140
4260.0000 140.0000 -15.4210 1.0450
4260.0000 200.0000 11.3340 6.6070
4272.0000 188.0000 25.2570 -7.3390
4272.0000 127.0000 28.2870 -1.5330
4272.0000 74.0000 25.8950 -7.8380
4272.0000 140.0000 -15.3280 1.3930
4272.0000 131.0000 0.4060 -12.2970
4272.0000 57.0000 25.0710 -8.3140
4272.0000 219.0000 18.6840 -10.6140
4284.0000 188.0000 25.2570 -7.3390
4284.0000 127.0000 28.0320 -1.1610
4284.0000 214.0000 17.8480 -11.5430
4284.0000 131.0000 0.2550 -12.2740
4284.0000 140.0000 -14.9220 1.5330
4284.0000 219.0000 18.1040 -10.5560
4284.0000 74.0000 25.8950 -7.8380
4284.0000 57.0000 25.0710 -8.3140
4296.0000 131.0000 0.1280 -12.2390
4296.0000 214.0000 17.3950 -11.4730
4296.0000 74.0000 25.8950 -7.8380
4296.0000 127.0000 27.7180 -0.7430
4296.0000 188.0000 25.2570 -7.3390
4296.0000 140.0000 -14.3990 1.8460
4296.0000 57.0000 25.0710 -8.3140
4308.0000 214.0000 16.8840 -11.4730
4308.0000 127.0000 27.3350 -0.4300
4308.0000 74.0000 25.8950 -7.8380
4308.0000 188.0000 25.2570 -7.3390
4308.0000 57.0000 25.0360 -8.3140
4308.0000 131.0000 -0.1970 -12.2740
4320.0000 57.0000 25.0360 -8.3140
4320.0000 127.0000 26.8820 -0.1160
4320.0000 131.0000 -0.6390 -12.3210
4320.0000 188.0000 25.2570 -7.3620
4320.0000 214.0000 16.5130 -11.4730
4320.0000 74.0000 25.8950 -7.8380
4332.0000 127.0000 26.4990 0.2090
4332.0000 214.0000 16.1880 -11.4730
4344.0000 214.0000 15.8040 -11.4730
4356.0000 214.0000 15.4910 -11.4730
4356.0000 211.0000 8.8720 -11.5310
4368.0000 214.0000 15.0960 -11.4730
4368.0000 211.0000 8.3610 -11.4850
4380.0000 211.0000 7.8500 -11.4850
4392.0000 211.0000 7.4090 -11.4380
4404.0000 10.0000 -14.3410 -1.6140
4404.0000 211.0000 6.8980 -11.4380
4416.0000 211.0000 6.4450 -11.4380
4416.0000 10.0000 -14.3410 -1.6140
4416.0000 201.0000 14.3410 3.7510
4428.0000 211.0000 6.0620 -11.4380
4428.0000 10.0000 -14.3410 -1.6140
4428.0000 201.0000 14.5970 3.6930
4440.0000 211.0000 5.6200 -11.4380
4440.0000 10.0000 -14.3410 -1.6140
4440.0000 220.0000 12.4140 -10.6140
4440.0000 201.0000 14.8520 3.6460
4452.0000 141.0000 -12.6810 4.1460
4452.0000 220.0000 11.9720 -10.6600
4452.0000 201.0000 14.9680 3.6460
4452.0000 10.0000 -14.3410 -1.6140
4464.0000 141.0000 -12.8080 3.8550
4464.0000 201.0000 15.1080 3.6460
4464.0000 10.0000 -14.3410 -1.6140
4464.0000 220.0000 11.5890 -10.6600
4476.0000 201.0000 15.2930 3.6460
4476.0000 10.0000 -14.3410 -1.6140
4476.0000 220.0000 11.2760 -10.5560
4476.0000 75.0000 25.9190 -7.8150
4476.0000 58.0000 25.0010 -8.3140
4476.0000 132.0000 -7.3510 -12.3210
4476.0000 189.0000 25.2570 -7.4200
4476.0000 141.0000 -12.9010 3.6000
4488.0000 189.0000 25.2570 -7.4200
4488.0000 75.0000 25.9190 -7.8150
4488.0000 58.0000 25.0010 -8.3140
4488.0000 132.0000 -7.9200 -12.3210
4488.0000 10.0000 -14.3410 -1.6140
4488.0000 201.0000 15.4210 3.6460
4488.0000 141.0000 -13.2840 3.3210
4488.0000 220.0000 10.9500 -10.4510
4500.0000 141.0000 -13.1570 2.8450
4500.0000 132.0000 -8.3720 -12.3210
4500.0000 220.0000 10.5090 -10.4050
4500.0000 58.0000 25.0010 -8.3140
4500.0000 142.0000 26.8240 -1.3010
4500.0000 75.0000 25.9190 -7.8150
4500.0000 189.0000 25.2920 -7.4200
4500.0000 201.0000 15.6190 3.6460
4512.0000 132.0000 -8.8140 -12.3210
4512.0000 75.0000 25.8950 -7.8380
4512.0000 189.0000 25.2220 -7.4200
4512.0000 58.0000 24.9780 -8.3140
4512.0000 220.0000 9.9280 -10.3700
4512.0000 142.0000 26.8240 -1.3010
4512.0000 141.0000 -14.0160 2.7750
4524.0000 142.0000 26.8240 -1.3010
4524.0000 189.0000 25.2220 -7.4200
4524.0000 215.0000 9.3940 -11.3450
4524.0000 132.0000 -9.2670 -12.2970
4524.0000 220.0000 9.3830 -10.3000
4524.0000 75.0000 25.8950 -7.8380
4524.0000 141.0000 -14.2370 2.4040
4524.0000 58.0000 24.9780 -8.3140
4536.0000 132.0000 -9.6850 -12.2740
4536.0000 215.0000 8.9300 -11.3220
4536.0000 75.0000 25.8950 -7.8380
4536.0000 142.0000 26.8240 -1.3010
4536.0000 58.0000 24.9780 -8.3140
4536.0000 189.0000 25.2220 -7.4200
4536.0000 141.0000 -14.4460 2.0550
4548.0000 75.0000 25.8950 -7.8380
4548.0000 215.0000 8.6280 -11.2760
4548.0000 142.0000 26.8240 -1.3010
4548.0000 189.0000 25.2220 -7.4200
4548.0000 58.0000 24.9780 -8.3140
4548.0000 132.0000 -10.1260 -12.2390
4560.0000 166.0000 -16.0020 -5.6900
4560.0000 75.0000 25.8950 -7.8380
4560.0000 189.0000 25.2220 -7.4200
4560.0000 132.0000 -10.5320 -12.2390
4560.0000 215.0000 8.2330 -11.1710
4560.0000 142.0000 26.8240 -1.3010
4560.0000 58.0000 24.9780 -8.3140
4572.0000 142.0000 26.8240 -1.3010
4572.0000 215.0000 7.9080 -11.1130
4572.0000 166.0000 -16.0020 -5.6900
4584.0000 215.0000 7.4670 -11.0550
4584.0000 166.0000 -15.8740 -5.7710
4584.0000 142.0000 26.8240 -1.3010
4596.0000 215.0000 7.0250 -11.0550
4596.0000 166.0000 -15.6420 -5.9110
4596.0000 212.0000 -0.6740 -11.3220
4596.0000 171.0000 -16.0250 -6.7700
4608.0000 212.0000 -1.1500 -11.3220
4608.0000 171.0000 -15.8970 -7.2230
4608.0000 215.0000 6.5840 -11.0550
4608.0000 166.0000 -15.5260 -5.9110
4620.0000 166.0000 -15.0380 -5.8760
4620.0000 171.0000 -15.6770 -7.4090
4620.0000 212.0000 -1.6610 -11.2990
4632.0000 166.0000 -14.4110 -5.9340
4632.0000 171.0000 -15.4560 -7.5130
4632.0000 212.0000 -2.1710 -11.2990
4644.0000 171.0000 -14.9450 -7.5130
4644.0000 11.0000 -14.4110 -1.6140
4644.0000 166.0000 -14.0160 -5.9570
4644.0000 212.0000 -2.6820 -11.2990
4656.0000 11.0000 -14.4110 -1.6140
4656.0000 212.0000 -3.1000 -11.2410
4656.0000 202.0000 17.5580 2.0210
4656.0000 171.0000 -14.4340 -7.5130
4668.0000 212.0000 -3.4840 -11.1940
4668.0000 202.0000 17.5580 1.5560
4668.0000 171.0000 -13.9230 -7.4900
4668.0000 11.0000 -14.4110 -1.6140
4680.0000 221.0000 3.7620 -10.0450
4680.0000 202.0000 17.6270 1.0680
4680.0000 11.0000 -14.4110 -1.6140
4680.0000 212.0000 -3.8670 -11.1940
4680.0000 171.0000 -13.4820 -7.4900
4692.0000 175.0000 28.7980 -3.3680
4692.0000 202.0000 17.6270 0.6040
4692.0000 221.0000 3.3790 -9.9980
4692.0000 11.0000 -14.4110 -1.6140
4704.0000 11.0000 -14.4460 -1.6140
4704.0000 175.0000 28.4500 -3.3680
4704.0000 221.0000 2.9960 -9.9980
4704.0000 202.0000 17.6270 0.1160
4716.0000 59.0000 25.0360 -8.3140
4716.0000 202.0000 17.5000 -0.2550
4716.0000 221.0000 2.6130 -9.9520
4716.0000 190.0000 25.2220 -7.4200
4716.0000 11.0000 -14.4460 -1.6140
4716.0000 175.0000 28.0670 -3.3680
4716.0000 76.0000 25.8950 -7.8380
4728.0000 59.0000 25.0360 -8.3140
4728.0000 221.0000 2.1020 -9.9520
4728.0000 190.0000 25.2220 -7.4200
4728.0000 202.0000 17.3720 -0.6040
4728.0000 11.0000 -14.4460 -1.6140
4728.0000 175.0000 27.7180 -3.3680
4728.0000 76.0000 25.8950 -7.8380
4740.0000 190.0000 25.2220 -7.4200
4740.0000 59.0000 25.0360 -8.3140
4740.0000 76.0000 25.8950 -7.8380
4740.0000 143.0000 26.8240 -1.3010
4740.0000 202.0000 17.2440 -0.9750
4740.0000 175.0000 27.3350 -3.4370
4740.0000 221.0000 1.6610 -9.9050
4752.0000 143.0000 26.8240 -1.3010
4752.0000 59.0000 25.0360 -8.3140
4752.0000 190.0000 25.1520 -7.4200
4752.0000 175.0000 26.9520 -3.5530
4752.0000 76.0000 25.8950 -7.8380
4752.0000 221.0000 1.2080 -9.8360
4764.0000 143.0000 26.8240 -1.3010
4764.0000 190.0000 25.1520 -7.4200
4764.0000 175.0000 26.5690 -3.6460
4764.0000 76.0000 25.8950 -7.8380
4764.0000 221.0000 0.7660 -9.8360
4764.0000 216.0000 0.7550 -10.5790
4764.0000 59.0000 25.0360 -8.3140
4776.0000 143.0000 26.8240 -1.3010
4776.0000 216.0000 0.3140 -10.5790
4776.0000 59.0000 25.0360 -8.3140
4776.0000 190.0000 25.1520 -7.4200
4776.0000 175.0000 26.1860 -3.7620
4776.0000 76.0000 25.8950 -7.8380
4788.0000 143.0000 26.8240 -1.3010
4788.0000 216.0000 -0.1280 -10.5320
4788.0000 190.0000 25.1520 -7.4200
4788.0000 76.0000 25.8950 -7.8380
4788.0000 59.0000 25.0360 -8.3140
4800.0000 167.0000 -8.5580 -5.7710
4800.0000 216.0000 -0.5690 -10.5320
4800.0000 59.0000 25.0710 -8.3140
4800.0000 190.0000 25.1520 -7.4200
4800.0000 143.0000 26.8240 -1.3010
4800.0000 76.0000 25.8950 -7.8380
4812.0000 143.0000 26.8240 -1.3010
4812.0000 167.0000 -8.1520 -5.7480
4812.0000 216.0000 -0.9640 -10.4740
4824.0000 216.0000 -1.4050 -10.4740
4824.0000 143.0000 26.8240 -1.3010
4824.0000 167.0000 -7.6990 -5.7480
4836.0000 172.0000 -6.7700 -7.4090
4836.0000 167.0000 -7.2810 -5.6900
4836.0000 216.0000 -1.8460 -10.4280
4848.0000 167.0000 -6.8740 -5.6900
4848.0000 172.0000 -6.2940 -7.4090
4848.0000 216.0000 -2.3110 -10.4280
4860.0000 167.0000 -6.4560 -5.6900
4860.0000 172.0000 -5.7830 -7.4090
4872.0000 167.0000 -6.0620 -5.6900
4872.0000 172.0000 -5.4000 -7.3850
4884.0000 12.0000 -14.4690 -1.5910
4884.0000 167.0000 -5.6550 -5.7480
4884.0000 172.0000 -4.9820 -7.3270
4896.0000 172.0000 -4.4480 -7.3270
4896.0000 12.0000 -14.4690 -1.5910
4896.0000 203.0000 15.0730 -6.0620
4908.0000 172.0000 -4.0880 -7.3040
4908.0000 203.0000 14.8750 -6.4800
4908.0000 12.0000 -14.5040 -1.5910
4920.0000 203.0000 14.6900 -6.8980
4920.0000 222.0000 -5.0510 -9.3710
4920.0000 12.0000 -14.5040 -1.5910
4920.0000 172.0000 -3.6110 -7.2000
4932.0000 176.0000 20.0540 -5.2950
4932.0000 222.0000 -5.4930 -9.3250
4932.0000 203.0000 14.4920 -7.3390
4932.0000 12.0000 -14.5040 -1.5910
4944.0000 222.0000 -5.9450 -9.2550
4944.0000 176.0000 19.6710 -5.3420
4944.0000 12.0000 -14.5040 -1.5910
4944.0000 203.0000 14.3060 -7.7570
4956.0000 77.0000 25.8950 -7.8380
4956.0000 203.0000 14.1090 -8.1290
4956.0000 144.0000 1.0800 12.6230
4956.0000 222.0000 -6.3870 -9.2550
4956.0000 60.0000 25.1060 -8.3140
4956.0000 191.0000 25.1520 -7.4200
4956.0000 12.0000 -14.5040 -1.5910
4956.0000 176.0000 19.2180 -5.4580
4968.0000 144.0000 1.2080 12.2860
4968.0000 60.0000 25.1060 -8.3140
4968.0000 191.0000 25.1520 -7.4200
4968.0000 176.0000 18.7770 -5.5040
4968.0000 77.0000 25.8950 -7.8380
4968.0000 222.0000 -6.8400 -9.2090
4968.0000 12.0000 -14.5040 -1.5910
4968.0000 203.0000 13.9230 -8.5470
4980.0000 176.0000 18.3940 -5.6200
4980.0000 191.0000 25.1520 -7.4200
4980.0000 222.0000 -7.2230 -9.1620
4980.0000 60.0000 25.1060 -8.3140
4980.0000 144.0000 1.4750 12.1810
4980.0000 77.0000 25.8950 -7.8380
4980.0000 203.0000 13.7260 -8.9650
4992.0000 144.0000 1.7530 12.0770
4992.0000 191.0000 25.1520 -7.4200
4992.0000 77.0000 25.8950 -7.8380
4992.0000 222.0000 -7.6060 -9.0920
4992.0000 176.0000 17.9410 -5.6670
4992.0000 60.0000 25.1060 -8.3140
5004.0000 77.0000 25.8950 -7.8380
5004.0000 222.0000 -7.9890 -9.0460
5004.0000 176.0000 17.5230 -5.7710
5004.0000 217.0000 -7.8960 -9.9980
5004.0000 60.0000 25.0710 -8.3030
5004.0000 191.0000 25.1290 -7.4200
5004.0000 144.0000 2.1600 12.0070
5016.0000 148.0000 2.7520 12.4020
5016.0000 176.0000 17.0820 -5.8760
5016.0000 60.0000 25.0710 -8.3030
5016.0000 217.0000 -8.2450 -9.9520
5016.0000 77.0000 25.8950 -7.8030
5016.0000 144.0000 2.5550 11.9370
5016.0000 191.0000 25.1290 -7.3850
5028.0000 191.0000 25.1290 -7.3850
5028.0000 217.0000 -8.6630 -9.8700
5028.0000 148.0000 3.0080 12.2630
5028.0000 60.0000 25.0710 -8.2800
5028.0000 144.0000 2.9610 11.9140
5028.0000 77.0000 25.8950 -7.8030
5040.0000 191.0000 25.0940 -7.4090
5040.0000 77.0000 25.8950 -7.7800
5040.0000 217.0000 -9.0110 -9.7890
5040.0000 144.0000 3.3440 11.8680
5040.0000 168.0000 -0.5230 -6.2470
5040.0000 60.0000 25.0710 -8.2560
5040.0000 148.0000 3.1930 12.2860
5052.0000 217.0000 -9.4180 -9.7080
5052.0000 168.0000 -0.1280 -6.3290
5052.0000 148.0000 3.7040 12.2390
5064.0000 148.0000 4.2150 12.1930
5064.0000 168.0000 0.2440 -6.3750
5064.0000 217.0000 -9.8120 -9.7080
5076.0000 148.0000 4.7260 12.2390
5076.0000 173.0000 2.6240 -7.5710
5076.0000 168.0000 0.6390 -6.4330
5076.0000 217.0000 -10.2540 -9.7080
5088.0000 168.0000 1.0100 -6.5380
5088.0000 173.0000 3.0660 -7.5480
5088.0000 148.0000 5.0980 12.1580
5088.0000 217.0000 -10.6370 -9.6030
5100.0000 148.0000 5.4930 12.1930
5100.0000 168.0000 1.4050 -6.6420
5100.0000 173.0000 3.5770 -7.5480
5112.0000 168.0000 1.7770 -6.7470
5112.0000 173.0000 4.0180 -7.5480
5124.0000 168.0000 2.1710 -6.8510
5124.0000 173.0000 4.4590 -7.5480
5124.0000 13.0000 -14.5620 -1.6260
5136.0000 13.0000 -14.5620 -1.6260
5136.0000 173.0000 4.9240 -7.5480
5148.0000 173.0000 5.3650 -7.5480
5148.0000 13.0000 -14.5620 -1.6260
5160.0000 13.0000 -14.5620 -1.6260
5160.0000 173.0000 5.8760 -7.4320
5172.0000 13.0000 -14.5970 -1.6260
5172.0000 177.0000 11.2060 -7.0370
5184.0000 177.0000 10.7650 -7.1530
5184.0000 13.0000 -14.5970 -1.6260
5196.0000 13.0000 -14.5970 -1.6260
5196.0000 78.0000 25.7680 -7.7800
5196.0000 192.0000 25.2330 -7.2810
5196.0000 61.0000 24.9660 -8.1520
5196.0000 145.0000 8.8140 11.2290
5196.0000 177.0000 10.3700 -7.2000
5208.0000 177.0000 9.9280 -7.3040
5208.0000 61.0000 24.9660 -8.1520
5208.0000 145.0000 9.1850 11.1830
5208.0000 192.0000 25.2330 -7.2810
5208.0000 13.0000 -14.5970 -1.6260
5208.0000 78.0000 25.7680 -7.7800
5220.0000 145.0000 9.5800 11.1250
5220.0000 192.0000 25.2800 -7.2810
5220.0000 61.0000 24.9660 -8.1520
5220.0000 177.0000 9.5450 -7.4550
5220.0000 78.0000 25.7680 -7.7800
5232.0000 78.0000 25.6980 -7.7800
5232.0000 177.0000 9.0920 -7.6180
5232.0000 145.0000 10.0210 11.0200
5232.0000 192.0000 25.2330 -7.2810
5232.0000 61.0000 24.9660 -8.1520
5244.0000 192.0000 25.2330 -7.2810
5244.0000 145.0000 10.4160 10.9620
5244.0000 78.0000 25.6980 -7.7800
5244.0000 177.0000 8.7210 -7.7800
5244.0000 61.0000 24.9660 -8.1520
5256.0000 149.0000 11.1480 11.7400
5256.0000 78.0000 25.6980 -7.7800
5256.0000 145.0000 10.7880 10.9160
5256.0000 192.0000 25.2800 -7.2810
5256.0000 61.0000 24.9660 -8.1520
5256.0000 177.0000 8.2680 -7.9430
5268.0000 149.0000 11.5890 11.6700
5268.0000 192.0000 25.2800 -7.2230
5268.0000 78.0000 25.6980 -7.7800
5268.0000 145.0000 11.1830 10.8570
5268.0000 61.0000 24.9660 -8.1520
5280.0000 192.0000 25.3500 -7.2230
5280.0000 78.0000 25.6980 -7.7800
5280.0000 61.0000 24.9660 -8.1520
5280.0000 149.0000 12.0300 11.5310
5280.0000 145.0000 11.5540 10.7070
5280.0000 169.0000 3.3790 -5.3180
5292.0000 149.0000 12.4250 11.3220
5292.0000 169.0000 3.1240 -5.0050
5304.0000 149.0000 12.7970 11.1590
5304.0000 169.0000 2.8680 -4.6330
5316.0000 174.0000 11.8680 -6.5960
5316.0000 149.0000 13.1920 10.9500
5316.0000 169.0000 2.6820 -4.3200
5328.0000 169.0000 2.4270 -3.9480
5328.0000 149.0000 13.5630 10.7880
5328.0000 174.0000 12.3790 -6.5380
5340.0000 169.0000 2.1710 -3.5770
5340.0000 174.0000 12.8430 -6.4800
5340.0000 149.0000 14.0160 10.6250
5352.0000 174.0000 13.2840 -6.4330
5352.0000 169.0000 1.9160 -3.2630
5364.0000 174.0000 13.7950 -6.3750
5364.0000 14.0000 -14.6550 -1.6720
5364.0000 169.0000 1.7300 -2.8910
5376.0000 174.0000 14.2370 -6.3290
5376.0000 14.0000 -14.6550 -1.6720
5388.0000 174.0000 14.7480 -6.2710
5388.0000 14.0000 -14.6550 -1.6720
5400.0000 174.0000 15.1890 -6.2240
5400.0000 14.0000 -14.6550 -1.6720
5412.0000 14.0000 -14.6550 -1.6720
5412.0000 178.0000 2.8450 -8.6280
5424.0000 14.0000 -14.6900 -1.6720
5424.0000 178.0000 2.4500 -8.6860
5436.0000 146.0000 15.7110 7.5830
5436.0000 79.0000 23.4680 -7.4550
5436.0000 62.0000 23.2480 -8.3140
5436.0000 14.0000 -14.6900 -1.6720
5436.0000 178.0000 2.0790 -8.6860
5448.0000 79.0000 23.2130 -7.5250
5448.0000 146.0000 15.9670 7.2110
5448.0000 62.0000 23.1080 -8.3610
5448.0000 178.0000 1.6260 -8.6860
5448.0000 14.0000 -14.6900 -1.6720
5460.0000 146.0000 16.2220 6.8980
5460.0000 62.0000 22.9920 -8.3610
5460.0000 178.0000 1.1730 -8.7320
5460.0000 79.0000 22.8880 -7.5250
5472.0000 62.0000 22.8070 -8.3610
5472.0000 178.0000 0.6620 -8.7790
5472.0000 146.0000 16.4080 6.5260
5472.0000 79.0000 22.5160 -7.5250
5484.0000 146.0000 16.6640 6.1550
5484.0000 79.0000 22.1910 -7.5250
5484.0000 62.0000 22.4120 -8.3610
5484.0000 178.0000 0.1510 -8.8370
5496.0000 79.0000 21.8080 -7.5250
5496.0000 62.0000 22.0400 -8.3610
5496.0000 178.0000 -0.3600 -8.8370
5496.0000 146.0000 16.8490 5.8410
5496.0000 150.0000 17.4650 6.6540
5508.0000 79.0000 21.4590 -7.5710
5508.0000 150.0000 17.6270 6.3050
5508.0000 62.0000 21.6220 -8.3610
5508.0000 146.0000 17.1160 5.4930
5520.0000 150.0000 17.8480 6.0040
5520.0000 170.0000 -0.8940 2.0320
5520.0000 79.0000 21.0410 -7.5710
5520.0000 62.0000 21.2040 -8.3960
5520.0000 146.0000 17.3370 5.1210
5532.0000 150.0000 18.0690 5.6550
5532.0000 170.0000 -1.1260 2.4040
5544.0000 170.0000 -1.3120 2.7640
5544.0000 150.0000 18.2890 5.3650
5556.0000 150.0000 18.3240 4.8890
5556.0000 170.0000 -1.5330 3.1350
5568.0000 150.0000 18.5800 4.5980
5568.0000 170.0000 -1.7530 3.5650
5580.0000 150.0000 18.7770 4.3310
5580.0000 170.0000 -2.0090 3.8780
5592.0000 170.0000 -2.2410 4.2270
5604.0000 15.0000 -14.6550 -1.7190
5604.0000 170.0000 -2.4970 4.5640
5616.0000 15.0000 -14.6550 -1.7190
5628.0000 15.0000 -14.6550 -1.7530
5640.0000 15.0000 -14.6550 -1.7530
5652.0000 179.0000 -6.1310 -9.3710
5652.0000 15.0000 -14.6550 -1.7530
5664.0000 15.0000 -14.6550 -1.7530
5664.0000 179.0000 -6.6420 -9.3710
5676.0000 63.0000 15.1310 -8.5000
5676.0000 147.0000 20.2750 0.9640
5676.0000 80.0000 15.5490 -7.6290
5676.0000 15.0000 -14.6550 -1.7530
5676.0000 179.0000 -7.2230 -9.3710
5688.0000 179.0000 -7.4090 -9.3710
5688.0000 147.0000 20.5300 0.7550
5688.0000 80.0000 15.1080 -7.6290
5688.0000 63.0000 14.6900 -8.5000
5688.0000 15.0000 -14.6550 -1.7530
5700.0000 179.0000 -7.8500 -9.3710
5700.0000 147.0000 20.7860 0.4990
5700.0000 63.0000 14.2480 -8.5000
5700.0000 80.0000 14.6550 -7.6290
5712.0000 147.0000 21.0410 0.1740
5712.0000 80.0000 14.2020 -7.6290
5712.0000 63.0000 13.7840 -8.5000
5712.0000 179.0000 -8.2450 -9.3710
5724.0000 147.0000 21.2970 -0.1390
5724.0000 63.0000 13.3430 -8.5000
5724.0000 80.0000 13.7610 -7.5710
5724.0000 179.0000 -8.7560 -9.3710
5736.0000 63.0000 12.9010 -8.5000
5736.0000 80.0000 13.3190 -7.5710
5736.0000 151.0000 21.4250 0.7660
5736.0000 179.0000 -9.2670 -9.3710
5736.0000 147.0000 21.5520 -0.4530
5748.0000 151.0000 21.6100 0.4880
5748.0000 147.0000 21.7500 -0.7780
5748.0000 63.0000 12.4600 -8.5000
5748.0000 80.0000 12.9240 -7.5710
5760.0000 147.0000 21.9360 -1.0920
5760.0000 80.0000 12.5530 -7.5710
5760.0000 151.0000 21.8660 0.1280
5760.0000 63.0000 11.9950 -8.5000
5772.0000 151.0000 22.1210 -0.2440
5784.0000 151.0000 22.3190 -0.6150
5796.0000 151.0000 22.5740 -0.9750
5808.0000 151.0000 22.8300 -1.4170
5820.0000 151.0000 22.9570 -1.7770
5844.0000 16.0000 -14.6550 -1.8000
5856.0000 16.0000 -14.6550 -1.8000
5868.0000 16.0000 -14.6550 -1.8000
5880.0000 16.0000 -14.6550 -1.8230
5892.0000 16.0000 -14.6550 -1.8230
5904.0000 16.0000 -14.6550 -1.8230
5916.0000 16.0000 -14.6550 -1.8230
5916.0000 81.0000 6.7930 -7.3040
5916.0000 64.0000 6.5140 -8.1290
5928.0000 81.0000 6.3520 -7.2580
5928.0000 64.0000 6.0730 -8.0710
5928.0000 16.0000 -14.6550 -1.8230
5940.0000 64.0000 5.6090 -8.0120
5940.0000 81.0000 5.9110 -7.2000
5952.0000 64.0000 5.1670 -7.9660
5952.0000 81.0000 5.4580 -7.2000
5964.0000 81.0000 5.0750 -7.1420
5964.0000 64.0000 4.7260 -7.9200
5976.0000 64.0000 4.2850 -7.8620
5976.0000 81.0000 4.6330 -7.0950
5988.0000 64.0000 3.8200 -7.8030
5988.0000 81.0000 4.2380 -7.0490
6000.0000 81.0000 3.8670 -6.9790
6000.0000 47.0000 -6.1080 12.3440
6000.0000 64.0000 3.3790 -7.7570
6012.0000 47.0000 -6.1660 12.3440
6024.0000 47.0000 -6.2240 12.3670
6036.0000 47.0000 -6.2940 12.3670
6048.0000 47.0000 -6.2940 12.3900
6060.0000 47.0000 -6.3640 12.3900
6060.0000 152.0000 28.9960 -8.1170
6072.0000 152.0000 28.7290 -8.3720
6072.0000 47.0000 -6.3870 12.3900
6084.0000 152.0000 28.3220 -8.4890
6084.0000 17.0000 -14.5970 -1.8230
6084.0000 47.0000 -6.3870 12.1350
6096.0000 152.0000 27.8810 -8.5930
6096.0000 17.0000 -14.5970 -1.8230
6108.0000 152.0000 27.4280 -8.7090
6108.0000 17.0000 -14.5970 -1.8230
6120.0000 152.0000 26.9400 -8.8490
6120.0000 17.0000 -14.5970 -1.8230
6132.0000 152.0000 26.4640 -8.9410
6132.0000 17.0000 -14.6310 -1.8230
6144.0000 17.0000 -14.6310 -1.8230
6144.0000 152.0000 25.9880 -9.0460
6156.0000 65.0000 -2.1370 -7.4430
6156.0000 82.0000 -2.0210 -6.6650
6156.0000 17.0000 -14.6310 -1.8230
6168.0000 65.0000 -2.5660 -7.3270
6168.0000 17.0000 -14.5970 -1.8000
6168.0000 82.0000 -2.4620 -6.6650
6180.0000 65.0000 -3.0080 -7.2810
6180.0000 82.0000 -2.9380 -6.6650
6192.0000 65.0000 -3.4840 -7.2230
6192.0000 82.0000 -3.3910 -6.6650
6204.0000 65.0000 -3.9250 -7.3270
6204.0000 82.0000 -3.8320 -6.6890
6216.0000 82.0000 -4.3080 -6.6890
6216.0000 65.0000 -4.3550 -7.3850
6228.0000 65.0000 -4.7610 -7.4430
6228.0000 82.0000 -4.7610 -6.6890
6240.0000 65.0000 -5.1790 -7.4670
6240.0000 82.0000 -5.2140 -6.6890
6240.0000 48.0000 -6.6420 5.3880
6252.0000 48.0000 -6.6770 4.8070
6264.0000 48.0000 -6.6770 4.2850
6276.0000 48.0000 -6.6770 3.7970
6288.0000 48.0000 -6.7120 3.3330
6288.0000 83.0000 -10.5210 -12.3790
6300.0000 83.0000 -11.1130 -12.3210
6300.0000 48.0000 -6.7120 2.8450
6312.0000 83.0000 -11.2410 -12.1350
6312.0000 48.0000 -6.7120 2.3220
6324.0000 48.0000 -6.5140 1.6950
6324.0000 83.0000 -11.5310 -12.1120
6324.0000 18.0000 -14.5970 -1.7770
6336.0000 83.0000 -11.8100 -12.0880
6336.0000 18.0000 -14.5620 -1.7530
6348.0000 83.0000 -12.2390 -12.1120
6348.0000 18.0000 -14.5620 -1.7530
6360.0000 83.0000 -12.7150 -12.1350
6360.0000 18.0000 -14.5620 -1.7530
6372.0000 18.0000 -14.5620 -1.7530
6372.0000 83.0000 -13.1680 -12.1700
6384.0000 18.0000 -14.5970 -1.7530
6396.0000 18.0000 -14.5970 -1.7530
6408.0000 18.0000 -14.5970 -1.7530
6528.0000 90.0000 28.7980 -12.1930
6540.0000 90.0000 28.5430 -12.0300
6552.0000 90.0000 28.0090 -12.0540
6564.0000 90.0000 27.4630 -12.1120
6564.0000 19.0000 -14.5620 -1.6950
6576.0000 90.0000 26.8820 -12.1700
6576.0000 19.0000 -14.5620 -1.6950
6588.0000 90.0000 26.3710 -12.1700
6588.0000 19.0000 -14.5620 -1.6950
6600.0000 90.0000 25.8260 -12.1350
6600.0000 19.0000 -14.5970 -1.7190
6612.0000 90.0000 25.3150 -12.1120
6612.0000 19.0000 -14.5970 -1.7190
6624.0000 19.0000 -14.5970 -1.7190
6636.0000 118.0000 -11.3100 -12.3440
6636.0000 19.0000 -14.5620 -1.6950
6648.0000 19.0000 -14.5970 -1.6950
6648.0000 118.0000 -11.3800 -11.9610
6660.0000 118.0000 -11.9140 -11.6940
6660.0000 101.0000 -4.5870 12.3550
6672.0000 118.0000 -12.2280 -11.4500
6672.0000 101.0000 -5.4230 12.1350
6684.0000 118.0000 -12.5530 -11.1940
6684.0000 101.0000 -5.6900 11.9490
6696.0000 118.0000 -12.9130 -10.9270
6696.0000 101.0000 -5.5860 11.5190
6708.0000 118.0000 -13.1570 -10.7410
6708.0000 101.0000 -5.5270 11.1250
6720.0000 101.0000 -5.5970 10.6480
6720.0000 118.0000 -13.4120 -10.5320
6732.0000 101.0000 -5.6200 10.1720
6744.0000 101.0000 -5.6900 9.6500
6768.0000 91.0000 18.2660 -12.0880
6780.0000 91.0000 17.6850 -12.1120
6792.0000 91.0000 17.1160 -12.1120
6804.0000 91.0000 16.6060 -12.1350
6804.0000 20.0000 -14.5730 -1.7420
6816.0000 91.0000 16.2220 -12.1700
6816.0000 20.0000 -14.5730 -1.7420
6828.0000 91.0000 15.6420 -12.1700
6828.0000 20.0000 -14.5730 -1.7420
6840.0000 91.0000 15.0730 -12.0880
6840.0000 20.0000 -14.5730 -1.7420
6852.0000 91.0000 14.4920 -12.0880
6852.0000 20.0000 -14.5730 -1.7420
6864.0000 20.0000 -14.5730 -1.7420
6876.0000 20.0000 -14.5730 -1.7420
6876.0000 119.0000 -15.7110 -5.9220
6888.0000 20.0000 -14.5730 -1.7420
6888.0000 119.0000 -15.7460 -5.5510
6900.0000 119.0000 -15.8740 -5.2490
6900.0000 102.0000 -5.9690 3.3210
6912.0000 119.0000 -16.0020 -4.8770
6912.0000 102.0000 -5.9690 2.8570
6924.0000 119.0000 -16.1530 -4.5060
6924.0000 102.0000 -5.9690 2.3220
6936.0000 119.0000 -16.2220 -4.5110
6936.0000 102.0000 -5.9690 1.9040
6948.0000 102.0000 -5.9690 1.4170
6948.0000 119.0000 -16.2210 -4.5220
6960.0000 102.0000 -6.0150 0.9290
6960.0000 119.0000 -16.2200 -4.5330
6972.0000 102.0000 -6.0620 0.4410
6972.0000 103.0000 -16.1880 2.2880
6984.0000 102.0000 -6.1660 -0.0930
6984.0000 103.0000 -16.0950 1.8930
6996.0000 103.0000 -15.9320 1.8120
6996.0000 86.0000 -16.2220 -6.9560
7008.0000 92.0000 7.3160 -12.1700
7008.0000 86.0000 -16.0950 -6.8050
7008.0000 103.0000 -15.7690 1.8700
7020.0000 103.0000 -15.6190 1.9970
7020.0000 86.0000 -15.8390 -6.8510
7020.0000 92.0000 6.7350 -12.1350
7032.0000 86.0000 -15.4560 -6.8860
7032.0000 92.0000 6.1660 -12.1120
7032.0000 103.0000 -15.3280 1.8350
7044.0000 103.0000 -14.9800 1.9510
7044.0000 92.0000 5.5860 -12.0880
7044.0000 21.0000 -14.4690 -1.7530
7044.0000 86.0000 -15.0730 -6.9330
7056.0000 21.0000 -14.4690 -1.7530
7056.0000 86.0000 -14.3760 -7.0490
7056.0000 103.0000 -14.5970 1.9740
7056.0000 92.0000 5.0170 -12.0540
7068.0000 92.0000 4.4360 -12.0540
7068.0000 21.0000 -14.4690 -1.7300
7068.0000 86.0000 -13.7950 -7.0950
7080.0000 21.0000 -14.4690 -1.7190
7080.0000 92.0000 3.8550 -12.0300
7080.0000 86.0000 -13.2150 -7.0950
7092.0000 92.0000 3.3440 -11.9840
7092.0000 21.0000 -14.4690 -1.7190
7104.0000 21.0000 -14.4340 -1.6950
7116.0000 21.0000 -14.4340 -1.7070
7116.0000 120.0000 -16.2070 -4.6770
7128.0000 21.0000 -14.4340 -1.7070
7128.0000 120.0000 -16.2060 -4.6880
7140.0000 120.0000 -16.2050 -4.6990
7152.0000 120.0000 -16.2040 -4.7100
7164.0000 120.0000 -16.2030 -4.7210
7176.0000 120.0000 -16.2020 -4.7320
7188.0000 120.0000 -16.2010 -4.7440
7200.0000 120.0000 -16.2000 -4.7550
7236.0000 87.0000 -5.4350 -7.4900
7248.0000 87.0000 -4.8540 -7.6520
7248.0000 93.0000 -3.9250 -11.5080
7260.0000 93.0000 -4.5060 -11.5080
7260.0000 87.0000 -4.2500 -7.6520
7272.0000 87.0000 -3.8320 -7.8030
7272.0000 93.0000 -5.1090 -11.5080
7284.0000 93.0000 -5.6900 -11.5080
7284.0000 22.0000 -14.5390 -1.6950
7284.0000 87.0000 -3.1930 -7.8380
7296.0000 87.0000 -2.5550 -7.8850
7296.0000 93.0000 -6.2590 -11.5080
7296.0000 22.0000 -14.5390 -1.7190
7308.0000 87.0000 -1.9160 -7.9080
7308.0000 22.0000 -14.5390 -1.7190
7308.0000 93.0000 -6.8400 -11.5080
7320.0000 87.0000 -1.2770 -7.9310
7320.0000 93.0000 -7.4780 -11.5430
7320.0000 22.0000 -14.5040 -1.7190
7332.0000 22.0000 -14.5390 -1.7190
7332.0000 93.0000 -8.0470 -11.5430
7344.0000 22.0000 -14.5390 -1.7190
7356.0000 22.0000 -14.5390 -1.7190
7356.0000 121.0000 -16.1880 -4.8990
7368.0000 22.0000 -14.5390 -1.7190
7368.0000 121.0000 -16.0250 -4.9000
7380.0000 121.0000 -15.8040 -4.9000
7392.0000 121.0000 -15.5840 -5.0050
7404.0000 121.0000 -15.2700 -5.0510
7416.0000 121.0000 -14.8870 -5.0510
7428.0000 121.0000 -14.5040 -5.0510
7440.0000 121.0000 -14.1210 -5.0510
7476.0000 88.0000 6.5140 -8.4890
7488.0000 88.0000 7.1530 -8.5230
7500.0000 88.0000 7.7920 -8.5230
7512.0000 88.0000 8.3030 -8.5810
7524.0000 88.0000 8.8490 -8.6050
7524.0000 23.0000 -14.5040 -1.7420
7536.0000 88.0000 9.3830 -8.6630
7536.0000 23.0000 -14.5390 -1.7530
7548.0000 88.0000 9.9280 -8.6860
7548.0000 23.0000 -14.5040 -1.7530
7560.0000 88.0000 10.4740 -8.7320
7560.0000 23.0000 -14.5040 -1.7770
7572.0000 23.0000 -14.4690 -1.7770
7584.0000 23.0000 -14.4690 -1.7770
7596.0000 122.0000 -11.3100 -1.4050
7596.0000 23.0000 -14.4690 -1.7770
7608.0000 23.0000 -14.4690 -1.7770
7608.0000 122.0000 -11.3100 -1.0330
7620.0000 122.0000 -11.3680 -0.5570
7632.0000 122.0000 -11.3680 -0.1390
7644.0000 122.0000 -11.3680 0.2900
7656.0000 122.0000 -11.3680 0.7550
7668.0000 122.0000 -11.3680 1.1840
7680.0000 122.0000 -11.4380 1.6020
7716.0000 89.0000 17.9760 -9.7430
7728.0000 89.0000 18.5560 -9.7890
7740.0000 124.0000 -2.4500 -12.3440
7740.0000 89.0000 19.1250 -9.8940
7752.0000 124.0000 -2.7170 -12.2740
7752.0000 89.0000 19.6940 -9.9980
7764.0000 89.0000 20.2750 -10.1140
7764.0000 124.0000 -2.8800 -12.1930
7764.0000 24.0000 -14.3640 -1.7530
7776.0000 89.0000 20.8560 -10.2070
7776.0000 24.0000 -14.3640 -1.7530
7776.0000 124.0000 -3.1000 -12.0070
7788.0000 89.0000 21.4250 -10.3230
7788.0000 24.0000 -14.3640 -1.7530
7788.0000 124.0000 -3.2280 -11.7280
7800.0000 24.0000 -14.3640 -1.7530
7800.0000 124.0000 -3.1700 -11.3340
7800.0000 89.0000 21.9940 -10.4740
7812.0000 124.0000 -3.2050 -10.8810
7812.0000 24.0000 -14.3640 -1.7530
7824.0000 124.0000 -3.0660 -10.3930
7824.0000 24.0000 -14.3640 -1.7530
7836.0000 24.0000 -14.3990 -1.7530
7836.0000 123.0000 -9.7780 5.8410
7848.0000 24.0000 -14.4690 -1.7770
7848.0000 123.0000 -9.3250 6.0960
7860.0000 123.0000 -8.9410 6.3640
7872.0000 123.0000 -8.5580 6.5840
7884.0000 123.0000 -8.1750 6.8400
7896.0000 123.0000 -7.7920 7.1070
7908.0000 123.0000 -7.4780 7.3160
7920.0000 123.0000 -7.0950 7.4780
7980.0000 125.0000 -2.8800 -4.5520
7992.0000 125.0000 -3.0660 -4.1800
8004.0000 125.0000 -3.1590 -3.7620
8004.0000 25.0000 -14.6310 -1.7770
8016.0000 125.0000 -3.1590 -3.3090
8016.0000 25.0000 -14.6310 -1.7770
8028.0000 125.0000 -3.3910 -2.8330
8028.0000 25.0000 -14.6310 -1.7770
8040.0000 125.0000 -3.4140 -2.4620
8040.0000 25.0000 -14.6310 -1.7770
8052.0000 125.0000 -3.4140 -2.1480
8052.0000 25.0000 -14.6310 -1.7770
8064.0000 125.0000 -3.7040 -1.3820
8064.0000 25.0000 -14.6310 -1.7770
8076.0000 25.0000 -14.6310 -1.7770
8088.0000 25.0000 -14.6310 -1.7770
8100.0000 230.0000 11.4960 -12.3790
8112.0000 230.0000 11.7170 -12.2160
8124.0000 230.0000 12.0650 -12.0070
8124.0000 232.0000 12.8080 -12.3440
8136.0000 230.0000 12.5760 -11.8560
8136.0000 232.0000 13.1220 -12.2970
8148.0000 230.0000 12.9590 -11.6470
8148.0000 232.0000 13.4120 -12.1700
8160.0000 230.0000 13.3430 -11.3800
8160.0000 232.0000 13.9230 -12.1350
8172.0000 230.0000 13.7260 -11.2170
8172.0000 232.0000 14.3060 -12.0420
8184.0000 230.0000 14.1790 -11.0660
8184.0000 232.0000 14.6900 -11.8790
8196.0000 159.0000 29.0540 -5.4460
8196.0000 232.0000 15.0730 -11.7170
8208.0000 232.0000 15.4560 -11.5540
8208.0000 159.0000 28.8910 -5.5270
8220.0000 159.0000 28.5550 -5.5510
8220.0000 126.0000 -2.5900 3.9600
8232.0000 159.0000 28.1020 -5.5270
8232.0000 126.0000 -2.3110 4.4360
8244.0000 126.0000 -2.2060 4.8420
8244.0000 26.0000 -14.5270 -1.8350
8244.0000 159.0000 27.7770 -5.4810
8256.0000 159.0000 27.4510 -5.3760
8256.0000 26.0000 -14.4920 -1.8350
8256.0000 126.0000 -1.8810 5.2260
8268.0000 126.0000 -1.6950 5.6550
8268.0000 26.0000 -14.4920 -1.8350
8268.0000 159.0000 27.0800 -5.3180
8280.0000 26.0000 -14.4920 -1.8350
8280.0000 126.0000 -1.5440 6.0500
8280.0000 159.0000 26.6850 -5.2720
8292.0000 126.0000 -1.4750 6.4220
8292.0000 26.0000 -14.4920 -1.8350
8304.0000 26.0000 -14.4690 -1.8350
8304.0000 126.0000 -1.3820 6.8400
8316.0000 26.0000 -14.4690 -1.8350
8328.0000 26.0000 -14.4690 -1.8350
8340.0000 231.0000 19.9850 -10.1140
