0 0 109 297.5 918.0 103.0 Pedestrian
1 12 109 290.5 906.0 103.0 Pedestrian
2 24 109 285.0 893.5 103.0 Pedestrian
3 36 109 279.0 883.0 103.0 Pedestrian
4 48 109 272.5 871.0 103.0 Pedestrian
5 60 109 267.5 863.0 103.0 Pedestrian
6 72 109 261.5 850.0 103.0 Pedestrian
7 84 109 255.5 840.0 103.0 Pedestrian
8 96 109 249.5 828.0 103.0 Pedestrian
9 108 109 244.5 817.5 103.0 Pedestrian
10 120 109 237.5 807.0 103.0 Pedestrian
11 132 109 232.5 797.0 103.0 Pedestrian
12 144 109 226.5 784.5 103.0 Pedestrian
13 156 109 220.5 774.0 103.0 Pedestrian
14 168 109 214.5 762.0 103.0 Pedestrian
15 180 109 209.5 754.0 103.0 Pedestrian
16 192 109 209.5 745.5 103.0 Pedestrian
17 204 109 210.5 737.0 103.0 Pedestrian
18 216 109 210.5 725.0 103.0 Pedestrian
19 228 109 210.5 720.5 103.0 Pedestrian
20 0 116 571.0 939.0 113.0 Pedestrian
21 12 116 584.0 939.0 113.0 Pedestrian
22 24 116 598.5 939.0 113.0 Pedestrian
23 36 116 611.5 943.0 113.0 Pedestrian
24 48 116 626.0 943.0 113.0 Pedestrian
25 60 116 640.0 947.0 113.0 Pedestrian
26 72 116 654.0 947.0 113.0 Pedestrian
27 84 116 667.5 949.0 113.0 Pedestrian
28 96 116 681.0 951.0 113.0 Pedestrian
29 108 116 696.0 953.0 113.0 Pedestrian
30 120 116 710.0 955.0 113.0 Pedestrian
31 132 116 723.5 957.0 113.0 Pedestrian
32 144 116 737.5 959.0 113.0 Pedestrian
33 156 116 752.0 961.0 113.0 Pedestrian
34 168 116 765.0 961.0 113.0 Pedestrian
35 180 116 780.0 965.5 113.0 Pedestrian
36 192 116 793.5 965.5 113.0 Pedestrian
37 204 116 807.5 967.5 113.0 Pedestrian
38 216 116 822.0 969.5 113.0 Pedestrian
39 228 116 835.0 969.5 113.0 Pedestrian
40 48 17 1284.0 756.0 11.0 Pedestrian
41 60 17 1273.0 752.0 11.0 Pedestrian
42 72 17 1258.5 752.0 11.0 Pedestrian
43 84 17 1245.5 752.0 11.0 Pedestrian
44 96 17 1232.5 752.0 11.0 Pedestrian
45 108 17 1219.5 752.0 11.0 Pedestrian
46 120 17 1206.5 752.0 11.0 Pedestrian
47 132 17 1192.0 752.0 11.0 Pedestrian
48 144 17 1179.5 752.0 11.0 Pedestrian
49 156 17 1166.5 747.5 11.0 Pedestrian
50 168 17 1153.5 747.5 11.0 Pedestrian
51 180 17 1140.5 747.5 11.0 Pedestrian
52 192 17 1125.5 747.5 11.0 Pedestrian
53 204 17 1112.5 747.5 11.0 Pedestrian
54 216 17 1100.0 747.5 11.0 Pedestrian
55 228 17 1087.5 747.5 11.0 Pedestrian
56 240 17 1074.5 747.5 11.0 Pedestrian
57 252 17 1059.5 743.5 11.0 Pedestrian
58 264 17 1044.5 743.5 11.0 Pedestrian
59 276 17 1031.5 743.5 11.0 Pedestrian
60 156 111 1218.5 1163.0 105.0 Pedestrian
61 168 111 1222.5 1150.0 105.0 Pedestrian
62 180 111 1226.5 1138.0 105.0 Pedestrian
63 192 111 1227.5 1126.0 105.0 Pedestrian
64 204 111 1231.5 1113.0 105.0 Pedestrian
65 216 111 1233.5 1101.0 105.0 Pedestrian
66 228 111 1237.5 1089.0 105.0 Pedestrian
67 240 111 1240.5 1076.0 105.0 Pedestrian
68 252 111 1242.5 1060.0 105.0 Pedestrian
69 264 111 1246.5 1048.0 105.0 Pedestrian
70 276 111 1248.5 1035.0 105.0 Pedestrian
71 288 111 1251.5 1023.0 105.0 Pedestrian
72 300 111 1255.5 1011.0 105.0 Pedestrian
73 312 111 1257.5 998.0 105.0 Pedestrian
74 324 111 1261.0 986.0 105.0 Pedestrian
75 336 111 1266.5 974.0 105.0 Pedestrian
76 348 111 1275.5 961.0 105.0 Pedestrian
77 360 111 1284.5 949.0 105.0 Pedestrian
78 372 111 1292.5 937.0 105.0 Pedestrian
79 384 111 1299.5 924.0 105.0 Pedestrian
80 240 110 210.5 720.5 103.0 Pedestrian
81 252 110 210.5 720.5 103.0 Pedestrian
82 264 110 210.5 720.5 103.0 Pedestrian
83 276 110 210.5 720.5 103.0 Pedestrian
84 288 110 210.5 720.5 103.0 Pedestrian
85 300 110 210.5 720.5 103.0 Pedestrian
86 312 110 210.5 720.5 103.0 Pedestrian
87 324 110 210.5 720.5 103.0 Pedestrian
88 336 110 210.5 720.5 103.0 Pedestrian
89 348 110 210.5 720.5 103.0 Pedestrian
90 360 110 210.5 720.5 103.0 Pedestrian
91 372 110 210.5 720.5 103.0 Pedestrian
92 384 110 210.5 720.5 103.0 Pedestrian
93 396 110 210.5 720.5 103.0 Pedestrian
94 408 110 210.5 720.5 103.0 Pedestrian
95 420 110 210.5 720.5 103.0 Pedestrian
96 432 110 210.5 720.5 103.0 Pedestrian
97 444 110 210.5 720.5 103.0 Pedestrian
98 456 110 210.5 720.5 103.0 Pedestrian
99 468 110 210.5 720.5 103.0 Pedestrian
100 240 117 849.5 974.0 113.0 Pedestrian
101 252 117 864.5 974.0 113.0 Pedestrian
102 264 117 879.0 978.0 113.0 Pedestrian
103 276 117 894.0 978.0 113.0 Pedestrian
104 288 117 907.0 978.0 113.0 Pedestrian
105 300 117 921.5 982.0 113.0 Pedestrian
106 312 117 936.0 982.0 113.0 Pedestrian
107 324 117 951.0 982.0 113.0 Pedestrian
108 336 117 965.5 986.0 113.0 Pedestrian
109 348 117 980.5 986.0 113.0 Pedestrian
110 360 117 993.0 986.0 113.0 Pedestrian
111 372 117 1008.0 990.0 113.0 Pedestrian
112 384 117 1022.5 990.0 113.0 Pedestrian
113 396 117 1037.5 994.0 113.0 Pedestrian
114 408 117 1052.0 994.0 113.0 Pedestrian
115 420 117 1067.0 994.0 113.0 Pedestrian
116 432 117 1081.5 998.0 113.0 Pedestrian
117 444 117 1094.5 998.0 113.0 Pedestrian
118 456 117 1109.0 998.0 113.0 Pedestrian
119 468 117 1122.0 998.0 113.0 Pedestrian
120 264 114 22.5 791.0 112.0 Pedestrian
121 276 114 37.0 791.0 112.0 Pedestrian
122 288 114 50.0 791.0 112.0 Pedestrian
123 300 114 63.0 791.0 112.0 Pedestrian
124 312 114 78.0 795.0 112.0 Pedestrian
125 324 114 90.5 795.0 112.0 Pedestrian
126 336 114 103.5 795.0 112.0 Pedestrian
127 348 114 118.0 799.0 112.0 Pedestrian
128 360 114 131.0 799.0 112.0 Pedestrian
129 372 114 144.0 799.0 112.0 Pedestrian
130 384 114 158.5 803.0 112.0 Pedestrian
131 396 114 171.5 803.0 112.0 Pedestrian
132 408 114 184.5 803.0 112.0 Pedestrian
133 420 114 197.5 803.0 112.0 Pedestrian
134 432 114 212.0 807.0 112.0 Pedestrian
135 444 114 225.0 807.0 112.0 Pedestrian
136 456 114 238.0 807.0 112.0 Pedestrian
137 468 114 251.0 807.0 112.0 Pedestrian
138 480 114 263.5 807.0 112.0 Pedestrian
139 492 114 276.5 803.0 112.0 Pedestrian
140 288 18 1017.5 743.5 11.0 Pedestrian
141 300 18 1004.5 743.5 11.0 Pedestrian
142 312 18 989.5 743.5 11.0 Pedestrian
143 324 18 974.5 743.5 11.0 Pedestrian
144 336 18 962.0 743.5 11.0 Pedestrian
145 348 18 947.5 743.5 11.0 Pedestrian
146 360 18 934.5 743.5 11.0 Pedestrian
147 372 18 919.5 743.5 11.0 Pedestrian
148 384 18 906.5 743.5 11.0 Pedestrian
149 396 18 892.0 743.5 11.0 Pedestrian
150 408 18 877.5 743.5 11.0 Pedestrian
151 420 18 864.5 743.5 11.0 Pedestrian
152 432 18 849.5 739.0 11.0 Pedestrian
153 444 18 835.0 739.0 11.0 Pedestrian
154 456 18 820.5 739.0 11.0 Pedestrian
155 468 18 807.5 739.0 11.0 Pedestrian
156 480 18 792.5 739.0 11.0 Pedestrian
157 492 18 778.0 739.0 11.0 Pedestrian
158 504 18 763.5 739.0 11.0 Pedestrian
159 516 18 748.5 741.0 11.0 Pedestrian
160 312 8 1293.0 756.0 8.0 Pedestrian
161 324 8 1278.5 756.0 8.0 Pedestrian
162 336 8 1263.5 756.0 8.0 Pedestrian
163 348 8 1251.0 756.0 8.0 Pedestrian
164 360 8 1236.0 756.0 8.0 Pedestrian
165 372 8 1221.5 756.0 8.0 Pedestrian
166 384 8 1206.5 756.0 8.0 Pedestrian
167 396 8 1194.0 752.0 8.0 Pedestrian
168 408 8 1179.0 752.0 8.0 Pedestrian
169 420 8 1164.5 752.0 8.0 Pedestrian
170 432 8 1149.5 752.0 8.0 Pedestrian
171 444 8 1135.0 752.0 8.0 Pedestrian
172 456 8 1122.0 752.0 8.0 Pedestrian
173 468 8 1107.5 752.0 8.0 Pedestrian
174 480 8 1092.5 752.0 8.0 Pedestrian
175 492 8 1078.0 752.0 8.0 Pedestrian
176 504 8 1063.0 752.0 8.0 Pedestrian
177 516 8 1047.5 752.0 8.0 Pedestrian
178 528 8 1032.0 752.0 8.0 Pedestrian
179 540 8 1017.0 752.0 8.0 Pedestrian
180 504 115 289.5 799.0 112.0 Pedestrian
181 516 115 300.5 797.0 112.0 Pedestrian
182 528 115 311.5 793.0 112.0 Pedestrian
183 540 115 323.5 790.5 112.0 Pedestrian
184 552 115 334.5 786.5 112.0 Pedestrian
185 564 115 346.5 784.5 112.0 Pedestrian
186 576 115 358.5 780.5 112.0 Pedestrian
187 588 115 369.5 776.5 112.0 Pedestrian
188 600 115 381.5 774.5 112.0 Pedestrian
189 612 115 392.5 770.5 112.0 Pedestrian
190 624 115 404.5 768.5 112.0 Pedestrian
191 636 115 415.5 764.0 112.0 Pedestrian
192 648 115 426.5 761.5 112.0 Pedestrian
193 660 115 439.5 753.5 112.0 Pedestrian
194 672 115 452.5 745.5 112.0 Pedestrian
195 684 115 465.5 737.5 112.0 Pedestrian
196 696 115 476.5 729.5 112.0 Pedestrian
197 708 115 489.0 720.5 112.0 Pedestrian
198 720 115 501.5 712.5 112.0 Pedestrian
199 732 115 514.5 704.5 112.0 Pedestrian
200 516 118 1297.0 1002.5 114.0 Pedestrian
201 528 118 1273.0 998.5 114.0 Pedestrian
202 540 118 1238.0 998.5 114.0 Pedestrian
203 552 118 1203.0 998.5 114.0 Pedestrian
204 564 118 1168.0 998.5 114.0 Pedestrian
205 576 118 1135.0 998.5 114.0 Pedestrian
206 588 118 1100.0 998.5 114.0 Pedestrian
207 600 118 1065.0 998.5 114.0 Pedestrian
208 612 118 1030.0 998.5 114.0 Pedestrian
209 624 118 995.0 998.5 114.0 Pedestrian
210 636 118 960.0 998.5 114.0 Pedestrian
211 648 118 925.0 998.5 114.0 Pedestrian
212 660 118 892.0 998.5 114.0 Pedestrian
213 672 118 849.5 994.0 114.0 Pedestrian
214 684 118 809.0 994.0 114.0 Pedestrian
215 696 118 769.0 994.0 114.0 Pedestrian
216 708 118 728.0 994.0 114.0 Pedestrian
217 720 118 688.0 990.0 114.0 Pedestrian
218 732 118 647.5 990.0 114.0 Pedestrian
219 744 118 607.0 990.0 114.0 Pedestrian
220 528 19 733.5 741.0 11.0 Pedestrian
221 540 19 719.0 745.5 11.0 Pedestrian
222 552 19 703.5 748.0 11.0 Pedestrian
223 564 19 688.5 752.0 11.0 Pedestrian
224 576 19 673.5 754.0 11.0 Pedestrian
225 588 19 659.5 754.0 11.0 Pedestrian
226 600 19 644.5 758.0 11.0 Pedestrian
227 612 19 629.5 760.0 11.0 Pedestrian
228 624 19 615.5 764.0 11.0 Pedestrian
229 636 19 600.5 766.0 11.0 Pedestrian
230 648 19 585.5 766.0 11.0 Pedestrian
231 660 19 570.5 770.0 11.0 Pedestrian
232 672 19 556.5 774.0 11.0 Pedestrian
233 684 19 543.5 774.0 11.0 Pedestrian
234 696 19 528.5 778.5 11.0 Pedestrian
235 708 19 515.5 778.5 11.0 Pedestrian
236 720 19 500.5 782.5 11.0 Pedestrian
237 732 19 486.5 786.5 11.0 Pedestrian
238 744 19 473.5 786.5 11.0 Pedestrian
239 756 19 458.5 786.5 11.0 Pedestrian
240 552 9 1001.5 752.0 8.0 Pedestrian
241 564 9 987.0 752.0 8.0 Pedestrian
242 576 9 972.0 754.0 8.0 Pedestrian
243 588 9 956.5 754.0 8.0 Pedestrian
244 600 9 942.0 754.0 8.0 Pedestrian
245 612 9 926.0 754.0 8.0 Pedestrian
246 624 9 911.5 754.0 8.0 Pedestrian
247 636 9 896.0 754.0 8.0 Pedestrian
248 648 9 881.0 754.0 8.0 Pedestrian
249 660 9 866.0 754.0 8.0 Pedestrian
250 672 9 851.5 754.0 8.0 Pedestrian
251 684 9 837.0 754.0 8.0 Pedestrian
252 696 9 822.0 750.0 8.0 Pedestrian
253 708 9 807.5 750.0 8.0 Pedestrian
254 720 9 793.0 750.0 8.0 Pedestrian
255 732 9 778.0 750.0 8.0 Pedestrian
256 744 9 763.0 750.0 8.0 Pedestrian
257 756 9 750.0 750.0 8.0 Pedestrian
258 768 9 735.5 750.0 8.0 Pedestrian
259 780 9 721.0 750.0 8.0 Pedestrian
260 720 12 18.0 793.0 9.0 Pedestrian
261 732 12 27.0 797.0 9.0 Pedestrian
262 744 12 38.0 805.0 9.0 Pedestrian
263 756 12 49.0 817.5 9.0 Pedestrian
264 768 12 60.0 826.0 9.0 Pedestrian
265 780 12 71.0 834.0 9.0 Pedestrian
266 792 12 82.0 842.0 9.0 Pedestrian
267 804 12 95.0 842.0 9.0 Pedestrian
268 816 12 106.0 842.0 9.0 Pedestrian
269 828 12 119.0 846.0 9.0 Pedestrian
270 840 12 132.0 846.0 9.0 Pedestrian
271 852 12 145.0 846.0 9.0 Pedestrian
272 864 12 156.0 850.0 9.0 Pedestrian
273 876 12 169.0 850.0 9.0 Pedestrian
274 888 12 182.0 850.0 9.0 Pedestrian
275 900 12 194.5 854.5 9.0 Pedestrian
276 912 12 205.5 854.5 9.0 Pedestrian
277 924 12 218.5 854.5 9.0 Pedestrian
278 936 12 231.0 858.5 9.0 Pedestrian
279 948 12 242.5 858.5 9.0 Pedestrian
280 768 20 445.5 786.5 11.0 Pedestrian
281 780 20 432.5 786.5 11.0 Pedestrian
282 792 20 418.5 791.0 11.0 Pedestrian
283 804 20 403.5 791.0 11.0 Pedestrian
284 816 20 390.5 791.0 11.0 Pedestrian
285 828 20 375.5 795.0 11.0 Pedestrian
286 840 20 361.5 795.0 11.0 Pedestrian
287 852 20 346.5 799.0 11.0 Pedestrian
288 864 20 333.5 799.0 11.0 Pedestrian
289 876 20 318.5 799.0 11.0 Pedestrian
290 888 20 304.5 803.0 11.0 Pedestrian
291 900 20 289.5 803.0 11.0 Pedestrian
292 912 20 274.5 807.0 11.0 Pedestrian
293 924 20 261.5 807.0 11.0 Pedestrian
294 936 20 247.5 807.0 11.0 Pedestrian
295 948 20 232.5 811.0 11.0 Pedestrian
296 960 20 217.5 811.0 11.0 Pedestrian
297 972 20 204.5 815.5 11.0 Pedestrian
298 984 20 189.5 815.5 11.0 Pedestrian
299 996 20 175.5 815.5 11.0 Pedestrian
300 792 10 706.0 750.0 8.0 Pedestrian
301 804 10 691.5 750.0 8.0 Pedestrian
302 816 10 678.5 750.0 8.0 Pedestrian
303 828 10 664.0 750.0 8.0 Pedestrian
304 840 10 649.0 750.0 8.0 Pedestrian
305 852 10 634.5 750.0 8.0 Pedestrian
306 864 10 621.5 750.0 8.0 Pedestrian
307 876 10 607.0 750.0 8.0 Pedestrian
308 888 10 592.0 750.0 8.0 Pedestrian
309 900 10 577.0 750.0 8.0 Pedestrian
310 912 10 563.0 750.0 8.0 Pedestrian
311 924 10 550.0 750.0 8.0 Pedestrian
312 936 10 535.0 750.0 8.0 Pedestrian
313 948 10 520.0 750.0 8.0 Pedestrian
314 960 10 505.5 750.0 8.0 Pedestrian
315 972 10 493.0 750.0 8.0 Pedestrian
316 984 10 478.0 750.0 8.0 Pedestrian
317 996 10 463.0 750.0 8.0 Pedestrian
318 1008 10 448.5 752.0 8.0 Pedestrian
319 1020 10 434.0 758.0 8.0 Pedestrian
320 792 14 12.5 830.0 10.0 Pedestrian
321 804 14 25.0 830.0 10.0 Pedestrian
322 816 14 36.5 830.0 10.0 Pedestrian
323 828 14 49.0 834.0 10.0 Pedestrian
324 840 14 60.0 834.0 10.0 Pedestrian
325 852 14 73.0 838.0 10.0 Pedestrian
326 864 14 84.0 838.0 10.0 Pedestrian
327 876 14 97.0 842.0 10.0 Pedestrian
328 888 14 108.0 842.0 10.0 Pedestrian
329 900 14 121.0 846.0 10.0 Pedestrian
330 912 14 134.0 846.0 10.0 Pedestrian
331 924 14 145.0 850.0 10.0 Pedestrian
332 936 14 158.0 850.0 10.0 Pedestrian
333 948 14 169.0 854.5 10.0 Pedestrian
334 960 14 181.5 854.5 10.0 Pedestrian
335 972 14 193.0 854.5 10.0 Pedestrian
336 984 14 205.5 858.5 10.0 Pedestrian
337 996 14 216.5 858.5 10.0 Pedestrian
338 1008 14 228.5 863.0 10.0 Pedestrian
339 1020 14 241.0 865.0 10.0 Pedestrian
340 960 13 255.0 858.5 9.0 Pedestrian
341 972 13 268.0 863.0 9.0 Pedestrian
342 984 13 281.0 863.0 9.0 Pedestrian
343 996 13 292.0 863.0 9.0 Pedestrian
344 1008 13 307.0 865.0 9.0 Pedestrian
345 1020 13 320.0 862.5 9.0 Pedestrian
346 1032 13 334.5 858.5 9.0 Pedestrian
347 1044 13 347.0 856.5 9.0 Pedestrian
348 1056 13 362.0 854.5 9.0 Pedestrian
349 1068 13 375.0 852.5 9.0 Pedestrian
350 1080 13 390.0 850.5 9.0 Pedestrian
351 1092 13 401.0 850.5 9.0 Pedestrian
352 1104 13 413.5 850.5 9.0 Pedestrian
353 1116 13 426.5 854.5 9.0 Pedestrian
354 1128 13 439.0 854.5 9.0 Pedestrian
355 1140 13 452.0 858.5 9.0 Pedestrian
356 1152 13 465.0 858.5 9.0 Pedestrian
357 1164 13 476.0 862.5 9.0 Pedestrian
358 1176 13 489.0 862.5 9.0 Pedestrian
359 1188 13 502.0 866.5 9.0 Pedestrian
360 996 21 546.5 1154.5 13.0 Pedestrian
361 1008 21 533.0 1154.5 13.0 Pedestrian
362 1020 21 522.0 1154.5 13.0 Pedestrian
363 1032 21 513.0 1154.5 13.0 Pedestrian
364 1044 21 502.0 1154.5 13.0 Pedestrian
365 1056 21 491.0 1154.5 13.0 Pedestrian
366 1068 21 476.0 1158.5 13.0 Pedestrian
367 1080 21 459.5 1158.5 13.0 Pedestrian
368 1092 21 441.0 1158.5 13.0 Pedestrian
369 1104 21 424.5 1158.5 13.0 Pedestrian
370 1116 21 408.0 1158.5 13.0 Pedestrian
371 1128 21 390.0 1158.5 13.0 Pedestrian
372 1140 21 373.0 1158.5 13.0 Pedestrian
373 1152 21 355.0 1158.5 13.0 Pedestrian
374 1164 21 338.0 1158.5 13.0 Pedestrian
375 1176 21 320.0 1162.5 13.0 Pedestrian
376 1188 21 303.0 1162.5 13.0 Pedestrian
377 1200 21 286.5 1162.5 13.0 Pedestrian
378 1212 21 268.0 1162.5 13.0 Pedestrian
379 1224 21 252.0 1162.5 13.0 Pedestrian
380 996 22 490.5 1187.5 14.0 Pedestrian
381 1008 22 498.5 1187.5 14.0 Pedestrian
382 1020 22 513.0 1187.5 14.0 Pedestrian
383 1032 22 525.5 1187.5 14.0 Pedestrian
384 1044 22 540.5 1187.5 14.0 Pedestrian
385 1056 22 553.5 1187.5 14.0 Pedestrian
386 1068 22 568.5 1187.5 14.0 Pedestrian
387 1080 22 581.0 1187.5 14.0 Pedestrian
388 1092 22 595.5 1183.5 14.0 Pedestrian
389 1104 22 606.5 1183.5 14.0 Pedestrian
390 1116 22 617.5 1179.5 14.0 Pedestrian
391 1128 22 628.5 1179.5 14.0 Pedestrian
392 1140 22 647.5 1171.0 14.0 Pedestrian
393 1152 22 663.5 1166.5 14.0 Pedestrian
394 1164 22 682.5 1158.5 14.0 Pedestrian
395 1176 22 697.0 1158.5 14.0 Pedestrian
396 1188 22 709.5 1158.5 14.0 Pedestrian
397 1200 22 722.5 1158.5 14.0 Pedestrian
398 1212 22 735.5 1158.5 14.0 Pedestrian
399 1224 22 748.5 1158.5 14.0 Pedestrian
400 1032 11 418.5 760.0 8.0 Pedestrian
401 1044 11 402.5 766.0 8.0 Pedestrian
402 1056 11 387.5 770.5 8.0 Pedestrian
403 1068 11 372.0 776.5 8.0 Pedestrian
404 1080 11 358.5 782.5 8.0 Pedestrian
405 1092 11 343.5 786.5 8.0 Pedestrian
406 1104 11 331.0 790.5 8.0 Pedestrian
407 1116 11 318.0 794.5 8.0 Pedestrian
408 1128 11 305.0 798.5 8.0 Pedestrian
409 1140 11 292.0 803.5 8.0 Pedestrian
410 1152 11 278.5 807.5 8.0 Pedestrian
411 1164 11 265.5 811.5 8.0 Pedestrian
412 1176 11 252.5 815.5 8.0 Pedestrian
413 1188 11 237.5 819.5 8.0 Pedestrian
414 1200 11 223.0 819.5 8.0 Pedestrian
415 1212 11 206.5 823.5 8.0 Pedestrian
416 1224 11 191.5 823.5 8.0 Pedestrian
417 1236 11 177.0 827.5 8.0 Pedestrian
418 1248 11 160.5 827.5 8.0 Pedestrian
419 1260 11 145.5 827.5 8.0 Pedestrian
420 1032 15 253.0 867.0 10.0 Pedestrian
421 1044 15 264.5 867.0 10.0 Pedestrian
422 1056 15 276.5 869.0 10.0 Pedestrian
423 1068 15 288.5 871.0 10.0 Pedestrian
424 1080 15 301.5 873.0 10.0 Pedestrian
425 1092 15 312.5 873.0 10.0 Pedestrian
426 1104 15 325.5 873.0 10.0 Pedestrian
427 1116 15 338.5 873.0 10.0 Pedestrian
428 1128 15 351.0 873.0 10.0 Pedestrian
429 1140 15 363.5 873.0 10.0 Pedestrian
430 1152 15 376.5 873.0 10.0 Pedestrian
431 1164 15 387.5 873.0 10.0 Pedestrian
432 1176 15 400.5 873.0 10.0 Pedestrian
433 1188 15 413.5 873.0 10.0 Pedestrian
434 1200 15 426.5 873.0 10.0 Pedestrian
435 1212 15 439.5 873.0 10.0 Pedestrian
436 1224 15 452.5 873.0 10.0 Pedestrian
437 1236 15 465.5 873.0 10.0 Pedestrian
438 1248 15 478.0 873.0 10.0 Pedestrian
439 1260 15 490.5 873.0 10.0 Pedestrian
440 1116 99 1032.5 484.5 95.0 Pedestrian
441 1128 99 1027.5 492.5 95.0 Pedestrian
442 1140 99 1021.5 501.0 95.0 Pedestrian
443 1152 99 1016.5 509.5 95.0 Pedestrian
444 1164 99 1010.5 521.5 95.0 Pedestrian
445 1176 99 1005.5 529.5 95.0 Pedestrian
446 1188 99 992.5 533.5 95.0 Pedestrian
447 1200 99 977.5 533.5 95.0 Pedestrian
448 1212 99 962.5 538.0 95.0 Pedestrian
449 1224 99 948.5 538.0 95.0 Pedestrian
450 1236 99 933.5 538.0 95.0 Pedestrian
451 1248 99 920.5 542.5 95.0 Pedestrian
452 1260 99 904.0 542.5 95.0 Pedestrian
453 1272 99 887.5 538.0 95.0 Pedestrian
454 1284 99 870.5 538.0 95.0 Pedestrian
455 1296 99 854.5 533.5 95.0 Pedestrian
456 1308 99 839.5 533.5 95.0 Pedestrian
457 1320 99 824.5 533.5 95.0 Pedestrian
458 1332 99 810.5 533.5 95.0 Pedestrian
459 1344 99 797.5 533.5 95.0 Pedestrian
460 1236 23 761.5 1158.5 14.0 Pedestrian
461 1248 23 776.5 1158.5 14.0 Pedestrian
462 1260 23 789.0 1158.5 14.0 Pedestrian
463 1272 23 801.5 1158.5 14.0 Pedestrian
464 1284 23 814.5 1158.5 14.0 Pedestrian
465 1296 23 827.5 1158.5 14.0 Pedestrian
466 1308 23 840.5 1158.5 14.0 Pedestrian
467 1320 23 853.5 1158.5 14.0 Pedestrian
468 1332 23 866.5 1158.5 14.0 Pedestrian
469 1344 23 879.5 1158.5 14.0 Pedestrian
470 1356 23 892.0 1158.5 14.0 Pedestrian
471 1368 23 904.5 1158.5 14.0 Pedestrian
472 1380 23 919.5 1162.5 14.0 Pedestrian
473 1392 23 932.5 1162.5 14.0 Pedestrian
474 1404 23 947.5 1162.5 14.0 Pedestrian
475 1416 23 960.5 1162.5 14.0 Pedestrian
476 1428 23 974.5 1162.5 14.0 Pedestrian
477 1440 23 989.5 1162.5 14.0 Pedestrian
478 1452 23 1002.5 1162.5 14.0 Pedestrian
479 1464 23 1017.5 1162.5 14.0 Pedestrian
480 1272 16 503.5 873.0 10.0 Pedestrian
481 1284 16 516.5 873.0 10.0 Pedestrian
482 1296 16 529.5 873.0 10.0 Pedestrian
483 1308 16 542.5 873.0 10.0 Pedestrian
484 1320 16 555.5 873.0 10.0 Pedestrian
485 1332 16 568.5 873.0 10.0 Pedestrian
486 1344 16 581.0 873.0 10.0 Pedestrian
487 1356 16 593.5 873.0 10.0 Pedestrian
488 1368 16 606.5 873.0 10.0 Pedestrian
489 1380 16 619.5 873.0 10.0 Pedestrian
490 1392 16 632.5 873.0 10.0 Pedestrian
491 1404 16 645.5 873.0 10.0 Pedestrian
492 1416 16 654.5 877.0 10.0 Pedestrian
493 1428 16 663.5 881.5 10.0 Pedestrian
494 1440 16 674.5 885.5 10.0 Pedestrian
495 1452 16 689.5 877.0 10.0 Pedestrian
496 1464 16 696.0 873.0 10.0 Pedestrian
497 1476 16 709.5 873.0 10.0 Pedestrian
498 1488 16 722.5 873.0 10.0 Pedestrian
499 1500 16 735.5 877.0 10.0 Pedestrian
500 1560 30 578.5 657.5 27.0 Pedestrian
501 1572 30 565.5 665.5 27.0 Pedestrian
502 1584 30 552.5 673.5 27.0 Pedestrian
503 1596 30 539.5 677.5 27.0 Pedestrian
504 1608 30 526.5 685.5 27.0 Pedestrian
505 1620 30 514.0 694.5 27.0 Pedestrian
506 1632 30 501.0 702.5 27.0 Pedestrian
507 1644 30 488.0 710.5 27.0 Pedestrian
508 1656 30 477.0 710.5 27.0 Pedestrian
509 1668 30 467.5 706.5 27.0 Pedestrian
510 1680 30 458.5 702.5 27.0 Pedestrian
511 1692 30 449.5 698.5 27.0 Pedestrian
512 1704 30 440.5 694.5 27.0 Pedestrian
513 1716 30 431.0 690.0 27.0 Pedestrian
514 1728 30 421.5 685.5 27.0 Pedestrian
515 1740 30 414.5 685.5 27.0 Pedestrian
516 1752 30 414.5 685.5 27.0 Pedestrian
517 1764 30 414.5 685.5 27.0 Pedestrian
518 1776 30 414.5 685.5 27.0 Pedestrian
519 1788 30 414.5 685.5 27.0 Pedestrian
520 1608 86 840.5 881.5 82.0 Pedestrian
521 1620 86 851.5 877.0 82.0 Pedestrian
522 1632 86 862.5 873.0 82.0 Pedestrian
523 1644 86 874.0 868.5 82.0 Pedestrian
524 1656 86 885.0 860.5 82.0 Pedestrian
525 1668 86 896.0 856.5 82.0 Pedestrian
526 1680 86 907.0 852.5 82.0 Pedestrian
527 1692 86 918.0 848.5 82.0 Pedestrian
528 1704 86 929.0 844.5 82.0 Pedestrian
529 1716 86 938.0 836.0 82.0 Pedestrian
530 1728 86 949.0 831.5 82.0 Pedestrian
531 1740 86 960.0 827.5 82.0 Pedestrian
532 1752 86 971.0 823.5 82.0 Pedestrian
533 1764 86 982.0 819.5 82.0 Pedestrian
534 1776 86 993.0 815.5 82.0 Pedestrian
535 1788 86 1006.0 811.5 82.0 Pedestrian
536 1800 86 1019.0 811.5 82.0 Pedestrian
537 1812 86 1030.0 807.5 82.0 Pedestrian
538 1824 86 1043.0 803.0 82.0 Pedestrian
539 1836 86 1054.0 803.0 82.0 Pedestrian
540 1800 31 413.24 685.36 27.0 Pedestrian
541 1812 31 413.0 685.33 27.0 Pedestrian
542 1824 31 412.77 685.3 27.0 Pedestrian
543 1836 31 412.53 685.27 27.0 Pedestrian
544 1848 31 412.29 685.24 27.0 Pedestrian
545 1860 31 412.05 685.22 27.0 Pedestrian
546 1872 31 411.81 685.19 27.0 Pedestrian
547 1884 31 411.57 685.16 27.0 Pedestrian
548 1896 31 411.33 685.13 27.0 Pedestrian
549 1908 31 411.09 685.11 27.0 Pedestrian
550 1920 31 410.85 685.08 27.0 Pedestrian
551 1932 31 410.61 685.05 27.0 Pedestrian
552 1944 31 410.37 685.02 27.0 Pedestrian
553 1956 31 410.13 685.0 27.0 Pedestrian
554 1968 31 409.89 684.97 27.0 Pedestrian
555 1980 31 409.65 684.94 27.0 Pedestrian
556 1992 31 409.42 684.91 27.0 Pedestrian
557 2004 31 409.18 684.89 27.0 Pedestrian
558 2016 31 408.94 684.86 27.0 Pedestrian
559 2028 31 408.7 684.83 27.0 Pedestrian
560 1848 87 1067.0 799.0 82.0 Pedestrian
561 1860 87 1078.0 794.5 82.0 Pedestrian
562 1872 87 1091.0 794.5 82.0 Pedestrian
563 1884 87 1102.0 790.5 82.0 Pedestrian
564 1896 87 1115.0 786.5 82.0 Pedestrian
565 1908 87 1126.0 786.5 82.0 Pedestrian
566 1920 87 1137.0 784.5 82.0 Pedestrian
567 1932 87 1149.0 780.5 82.0 Pedestrian
568 1944 87 1161.0 780.5 82.0 Pedestrian
569 1956 87 1173.0 778.5 82.0 Pedestrian
570 1968 87 1184.0 776.5 82.0 Pedestrian
571 1980 87 1195.0 774.5 82.0 Pedestrian
572 1992 87 1208.0 774.5 82.0 Pedestrian
573 2004 87 1222.0 774.5 82.0 Pedestrian
574 2016 87 1242.0 776.5 82.0 Pedestrian
575 2028 87 1260.0 780.5 82.0 Pedestrian
576 2040 87 1279.5 782.5 82.0 Pedestrian
577 2052 87 1291.5 784.5 82.0 Pedestrian
578 2064 87 1298.5 788.5 82.0 Pedestrian
579 2076 87 1305.5 788.5 82.0 Pedestrian
580 2004 38 168.5 840.5 36.0 Pedestrian
581 2016 38 182.5 840.5 36.0 Pedestrian
582 2028 38 195.5 835.5 36.0 Pedestrian
583 2040 38 209.5 833.5 36.0 Pedestrian
584 2052 38 222.0 831.5 36.0 Pedestrian
585 2064 38 236.0 829.5 36.0 Pedestrian
586 2076 38 251.0 827.5 36.0 Pedestrian
587 2088 38 263.5 823.5 36.0 Pedestrian
588 2100 38 277.5 821.5 36.0 Pedestrian
589 2112 38 290.0 819.5 36.0 Pedestrian
590 2124 38 304.0 817.5 36.0 Pedestrian
591 2136 38 317.0 813.5 36.0 Pedestrian
592 2148 38 331.0 813.5 36.0 Pedestrian
593 2160 38 345.0 811.5 36.0 Pedestrian
594 2172 38 358.0 811.5 36.0 Pedestrian
595 2184 38 373.0 811.5 36.0 Pedestrian
596 2196 38 387.0 809.5 36.0 Pedestrian
597 2208 38 400.5 809.5 36.0 Pedestrian
598 2220 38 414.5 807.5 36.0 Pedestrian
599 2232 38 428.5 807.5 36.0 Pedestrian
600 2028 26 408.0 1154.5 21.0 Pedestrian
601 2040 26 411.5 1167.0 21.0 Pedestrian
602 2052 26 415.5 1175.0 21.0 Pedestrian
603 2064 26 419.5 1187.5 21.0 Pedestrian
604 2076 26 422.5 1200.0 21.0 Pedestrian
605 2088 26 426.5 1208.0 21.0 Pedestrian
606 2100 26 430.5 1220.5 21.0 Pedestrian
607 2112 26 433.5 1232.5 21.0 Pedestrian
608 2124 26 437.5 1241.0 21.0 Pedestrian
609 2136 26 441.5 1253.0 21.0 Pedestrian
610 2148 26 444.5 1265.5 21.0 Pedestrian
611 2160 26 448.5 1274.0 21.0 Pedestrian
612 2172 26 450.5 1278.0 21.0 Pedestrian
613 2184 26 450.5 1278.0 21.0 Pedestrian
614 2196 26 450.5 1278.0 21.0 Pedestrian
615 2208 26 450.5 1278.0 21.0 Pedestrian
616 2220 26 450.5 1278.0 21.0 Pedestrian
617 2232 26 450.5 1278.0 21.0 Pedestrian
618 2244 26 450.5 1278.0 21.0 Pedestrian
619 2256 26 450.5 1278.0 21.0 Pedestrian
620 2040 24 22.5 1138.0 20.0 Pedestrian
621 2052 24 37.5 1138.0 20.0 Pedestrian
622 2064 24 53.5 1138.0 20.0 Pedestrian
623 2076 24 70.5 1138.0 20.0 Pedestrian
624 2088 24 85.0 1142.0 20.0 Pedestrian
625 2100 24 101.5 1142.0 20.0 Pedestrian
626 2112 24 116.5 1142.0 20.0 Pedestrian
627 2124 24 133.0 1146.0 20.0 Pedestrian
628 2136 24 147.5 1146.0 20.0 Pedestrian
629 2148 24 164.5 1146.0 20.0 Pedestrian
630 2160 24 180.5 1146.0 20.0 Pedestrian
631 2172 24 193.5 1150.5 20.0 Pedestrian
632 2184 24 206.5 1154.5 20.0 Pedestrian
633 2196 24 219.5 1154.5 20.0 Pedestrian
634 2208 24 232.5 1159.0 20.0 Pedestrian
635 2220 24 245.5 1163.0 20.0 Pedestrian
636 2232 24 258.0 1167.0 20.0 Pedestrian
637 2244 24 271.0 1167.0 20.0 Pedestrian
638 2256 24 284.0 1171.0 20.0 Pedestrian
639 2268 24 295.0 1175.0 20.0 Pedestrian
640 2040 32 408.46 684.8 27.0 Pedestrian
641 2052 32 408.22 684.78 27.0 Pedestrian
642 2064 32 407.98 684.75 27.0 Pedestrian
643 2076 32 407.74 684.72 27.0 Pedestrian
644 2088 32 407.5 684.69 27.0 Pedestrian
645 2100 32 407.26 684.66 27.0 Pedestrian
646 2112 32 407.02 684.64 27.0 Pedestrian
647 2124 32 406.78 684.61 27.0 Pedestrian
648 2136 32 406.54 684.58 27.0 Pedestrian
649 2148 32 406.31 684.55 27.0 Pedestrian
650 2160 32 406.07 684.53 27.0 Pedestrian
651 2172 32 405.83 684.5 27.0 Pedestrian
652 2184 32 405.59 684.47 27.0 Pedestrian
653 2196 32 405.35 684.44 27.0 Pedestrian
654 2208 32 405.11 684.42 27.0 Pedestrian
655 2220 32 404.87 684.39 27.0 Pedestrian
656 2232 32 404.63 684.36 27.0 Pedestrian
657 2244 32 404.39 684.33 27.0 Pedestrian
658 2256 32 404.15 684.31 27.0 Pedestrian
659 2268 32 403.91 684.28 27.0 Pedestrian
660 2088 88 1288.28 781.6 82.0 Pedestrian
661 2100 88 1288.5 781.35 82.0 Pedestrian
662 2112 88 1288.72 781.09 82.0 Pedestrian
663 2124 88 1288.93 780.84 82.0 Pedestrian
664 2136 88 1289.15 780.59 82.0 Pedestrian
665 2148 88 1289.37 780.34 82.0 Pedestrian
666 2160 88 1289.59 780.09 82.0 Pedestrian
667 2172 88 1289.8 779.84 82.0 Pedestrian
668 2184 88 1290.02 779.58 82.0 Pedestrian
669 2196 88 1290.24 779.33 82.0 Pedestrian
670 2208 88 1290.46 779.08 82.0 Pedestrian
671 2220 88 1290.67 778.83 82.0 Pedestrian
672 2232 88 1290.89 778.58 82.0 Pedestrian
673 2244 88 1291.11 778.33 82.0 Pedestrian
674 2256 88 1291.33 778.07 82.0 Pedestrian
675 2268 88 1291.55 777.82 82.0 Pedestrian
676 2280 88 1291.76 777.57 82.0 Pedestrian
677 2292 88 1291.98 777.32 82.0 Pedestrian
678 2304 88 1292.2 777.07 82.0 Pedestrian
679 2316 88 1292.42 776.82 82.0 Pedestrian
680 2244 39 442.5 807.5 36.0 Pedestrian
681 2256 39 455.5 805.0 36.0 Pedestrian
682 2268 39 470.5 805.0 36.0 Pedestrian
683 2280 39 484.5 805.0 36.0 Pedestrian
684 2292 39 498.0 801.0 36.0 Pedestrian
685 2304 39 513.0 801.0 36.0 Pedestrian
686 2316 39 527.5 797.0 36.0 Pedestrian
687 2328 39 542.5 797.0 36.0 Pedestrian
688 2340 39 555.5 792.5 36.0 Pedestrian
689 2352 39 570.0 792.5 36.0 Pedestrian
690 2364 39 584.5 788.5 36.0 Pedestrian
691 2376 39 599.5 788.5 36.0 Pedestrian
692 2388 39 612.5 784.5 36.0 Pedestrian
693 2400 39 625.0 780.5 36.0 Pedestrian
694 2412 39 638.0 776.5 36.0 Pedestrian
695 2424 39 651.0 776.5 36.0 Pedestrian
696 2436 39 664.0 772.5 36.0 Pedestrian
697 2448 39 676.5 768.0 36.0 Pedestrian
698 2460 39 689.5 764.0 36.0 Pedestrian
699 2472 39 704.5 764.0 36.0 Pedestrian
700 2268 27 450.5 1278.0 21.0 Pedestrian
701 2280 27 450.5 1278.0 21.0 Pedestrian
702 2292 27 450.5 1278.0 21.0 Pedestrian
703 2304 27 450.5 1278.0 21.0 Pedestrian
704 2316 27 450.5 1278.0 21.0 Pedestrian
705 2328 27 450.5 1278.0 21.0 Pedestrian
706 2340 27 450.5 1278.0 21.0 Pedestrian
707 2352 27 450.5 1278.0 21.0 Pedestrian
708 2364 27 450.5 1278.0 21.0 Pedestrian
709 2376 27 450.5 1278.0 21.0 Pedestrian
710 2388 27 450.5 1278.0 21.0 Pedestrian
711 2400 27 450.5 1278.0 21.0 Pedestrian
712 2412 27 450.5 1278.0 21.0 Pedestrian
713 2424 27 450.5 1278.0 21.0 Pedestrian
714 2436 27 450.5 1278.0 21.0 Pedestrian
715 2448 27 450.5 1278.0 21.0 Pedestrian
716 2460 27 450.5 1278.0 21.0 Pedestrian
717 2472 27 450.5 1278.0 21.0 Pedestrian
718 2484 27 450.5 1278.0 21.0 Pedestrian
719 2496 27 450.5 1278.0 21.0 Pedestrian
720 2280 25 307.5 1179.0 20.0 Pedestrian
721 2292 25 320.5 1179.0 20.0 Pedestrian
722 2304 25 339.0 1179.0 20.0 Pedestrian
723 2316 25 357.5 1175.0 20.0 Pedestrian
724 2328 25 377.5 1171.0 20.0 Pedestrian
725 2340 25 396.0 1171.0 20.0 Pedestrian
726 2352 25 416.5 1167.0 20.0 Pedestrian
727 2364 25 434.5 1163.0 20.0 Pedestrian
728 2376 25 453.0 1159.0 20.0 Pedestrian
729 2388 25 466.0 1159.0 20.0 Pedestrian
730 2400 25 480.5 1159.0 20.0 Pedestrian
731 2412 25 493.5 1154.5 20.0 Pedestrian
732 2424 25 506.5 1154.5 20.0 Pedestrian
733 2436 25 521.5 1150.5 20.0 Pedestrian
734 2448 25 534.0 1150.5 20.0 Pedestrian
735 2460 25 549.0 1150.5 20.0 Pedestrian
736 2472 25 565.5 1150.5 20.0 Pedestrian
737 2484 25 582.0 1154.5 20.0 Pedestrian
738 2496 25 600.5 1159.0 20.0 Pedestrian
739 2508 25 617.0 1159.0 20.0 Pedestrian
740 2280 33 404.5 682.0 27.0 Pedestrian
741 2292 33 404.5 682.0 27.0 Pedestrian
742 2304 33 403.5 682.0 27.0 Pedestrian
743 2316 33 402.5 684.0 27.0 Pedestrian
744 2328 33 402.5 682.0 27.0 Pedestrian
745 2340 33 402.5 682.0 27.0 Pedestrian
746 2352 33 401.5 682.0 27.0 Pedestrian
747 2364 33 401.5 682.0 27.0 Pedestrian
748 2376 33 401.5 682.0 27.0 Pedestrian
749 2388 33 401.5 682.0 27.0 Pedestrian
750 2400 33 410.5 684.0 27.0 Pedestrian
751 2412 33 422.0 692.0 27.0 Pedestrian
752 2424 33 433.0 696.0 27.0 Pedestrian
753 2436 33 442.0 700.0 27.0 Pedestrian
754 2448 33 453.0 704.5 27.0 Pedestrian
755 2460 33 464.0 708.5 27.0 Pedestrian
756 2472 33 477.0 712.5 27.0 Pedestrian
757 2484 33 493.5 717.0 27.0 Pedestrian
758 2496 33 510.5 725.0 27.0 Pedestrian
759 2508 33 525.0 729.0 27.0 Pedestrian
760 2328 89 1292.63 776.56 82.0 Pedestrian
761 2340 89 1292.85 776.31 82.0 Pedestrian
762 2352 89 1293.07 776.06 82.0 Pedestrian
763 2364 89 1293.29 775.81 82.0 Pedestrian
764 2376 89 1293.5 775.56 82.0 Pedestrian
765 2388 89 1293.72 775.31 82.0 Pedestrian
766 2400 89 1293.94 775.05 82.0 Pedestrian
767 2412 89 1294.16 774.8 82.0 Pedestrian
768 2424 89 1294.38 774.55 82.0 Pedestrian
769 2436 89 1294.59 774.3 82.0 Pedestrian
770 2448 89 1294.81 774.05 82.0 Pedestrian
771 2460 89 1295.03 773.8 82.0 Pedestrian
772 2472 89 1295.25 773.54 82.0 Pedestrian
773 2484 89 1295.46 773.29 82.0 Pedestrian
774 2496 89 1295.68 773.04 82.0 Pedestrian
775 2508 89 1295.9 772.79 82.0 Pedestrian
776 2520 89 1296.12 772.54 82.0 Pedestrian
777 2532 89 1296.33 772.29 82.0 Pedestrian
778 2544 89 1296.55 772.03 82.0 Pedestrian
779 2556 89 1296.77 771.78 82.0 Pedestrian
780 2484 40 717.0 764.0 36.0 Pedestrian
781 2496 40 732.0 764.0 36.0 Pedestrian
782 2508 40 746.5 764.0 36.0 Pedestrian
783 2520 40 760.5 766.0 36.0 Pedestrian
784 2532 40 775.5 766.0 36.0 Pedestrian
785 2544 40 789.0 768.0 36.0 Pedestrian
786 2556 40 803.5 768.0 36.0 Pedestrian
787 2568 40 816.5 770.0 36.0 Pedestrian
788 2580 40 831.5 772.0 36.0 Pedestrian
789 2592 40 845.5 772.0 36.0 Pedestrian
790 2604 40 859.5 774.0 36.0 Pedestrian
791 2616 40 873.5 776.0 36.0 Pedestrian
792 2628 40 886.5 776.0 36.0 Pedestrian
793 2640 40 899.5 776.0 36.0 Pedestrian
794 2652 40 912.5 776.0 36.0 Pedestrian
795 2664 40 927.0 776.0 36.0 Pedestrian
796 2676 40 939.5 776.0 36.0 Pedestrian
797 2688 40 952.5 776.0 36.0 Pedestrian
798 2700 40 965.5 776.0 36.0 Pedestrian
799 2712 40 978.5 776.0 36.0 Pedestrian
800 2496 36 422.5 1137.5 35.0 Pedestrian
801 2508 36 410.5 1105.0 35.0 Pedestrian
802 2520 36 405.5 1080.5 35.0 Pedestrian
803 2532 36 401.5 1060.0 35.0 Pedestrian
804 2544 36 396.5 1035.5 35.0 Pedestrian
805 2556 36 392.5 1015.0 35.0 Pedestrian
806 2568 36 386.5 990.0 35.0 Pedestrian
807 2580 36 383.5 969.5 35.0 Pedestrian
808 2592 36 377.5 945.0 35.0 Pedestrian
809 2604 36 366.5 932.5 35.0 Pedestrian
810 2616 36 353.5 920.0 35.0 Pedestrian
811 2628 36 342.5 904.0 35.0 Pedestrian
812 2640 36 331.5 891.5 35.0 Pedestrian
813 2652 36 318.5 879.0 35.0 Pedestrian
814 2664 36 307.5 862.5 35.0 Pedestrian
815 2676 36 296.5 850.5 35.0 Pedestrian
816 2688 36 283.5 838.0 35.0 Pedestrian
817 2700 36 274.5 821.5 35.0 Pedestrian
818 2712 36 267.5 801.0 35.0 Pedestrian
819 2724 36 259.5 784.5 35.0 Pedestrian
820 2520 34 539.5 731.0 27.0 Pedestrian
821 2532 34 555.5 735.0 27.0 Pedestrian
822 2544 34 570.0 735.5 27.0 Pedestrian
823 2556 34 585.5 739.5 27.0 Pedestrian
824 2568 34 604.0 739.5 27.0 Pedestrian
825 2580 34 620.5 743.5 27.0 Pedestrian
826 2592 34 637.5 747.5 27.0 Pedestrian
827 2604 34 655.5 747.5 27.0 Pedestrian
828 2616 34 672.0 751.5 27.0 Pedestrian
829 2628 34 688.5 751.5 27.0 Pedestrian
830 2640 34 703.5 747.5 27.0 Pedestrian
831 2652 34 720.0 747.5 27.0 Pedestrian
832 2664 34 736.5 743.5 27.0 Pedestrian
833 2676 34 751.5 739.5 27.0 Pedestrian
834 2688 34 766.0 735.5 27.0 Pedestrian
835 2700 34 771.5 727.0 27.0 Pedestrian
836 2712 34 775.5 718.5 27.0 Pedestrian
837 2724 34 780.5 710.5 27.0 Pedestrian
838 2736 34 786.5 702.5 27.0 Pedestrian
839 2748 34 791.5 694.5 27.0 Pedestrian
840 2568 90 1296.99 771.53 82.0 Pedestrian
841 2580 90 1297.21 771.28 82.0 Pedestrian
842 2592 90 1297.42 771.03 82.0 Pedestrian
843 2604 90 1297.64 770.77 82.0 Pedestrian
844 2616 90 1297.86 770.52 82.0 Pedestrian
845 2628 90 1298.08 770.27 82.0 Pedestrian
846 2640 90 1298.29 770.02 82.0 Pedestrian
847 2652 90 1298.51 769.77 82.0 Pedestrian
848 2664 90 1298.73 769.52 82.0 Pedestrian
849 2676 90 1298.95 769.26 82.0 Pedestrian
850 2688 90 1299.16 769.01 82.0 Pedestrian
851 2700 90 1299.38 768.76 82.0 Pedestrian
852 2712 90 1299.6 768.51 82.0 Pedestrian
853 2724 90 1299.82 768.26 82.0 Pedestrian
854 2736 90 1300.04 768.01 82.0 Pedestrian
855 2748 90 1300.25 767.75 82.0 Pedestrian
856 2760 90 1300.47 767.5 82.0 Pedestrian
857 2772 90 1300.69 767.25 82.0 Pedestrian
858 2784 90 1300.91 767.0 82.0 Pedestrian
859 2796 90 1301.12 766.75 82.0 Pedestrian
860 2724 41 991.5 776.0 36.0 Pedestrian
861 2736 41 1004.5 776.0 36.0 Pedestrian
862 2748 41 1017.5 776.0 36.0 Pedestrian
863 2760 41 1031.5 776.0 36.0 Pedestrian
864 2772 41 1044.5 776.0 36.0 Pedestrian
865 2784 41 1057.5 776.0 36.0 Pedestrian
866 2796 41 1070.5 776.0 36.0 Pedestrian
867 2808 41 1085.5 776.0 36.0 Pedestrian
868 2820 41 1098.5 776.0 36.0 Pedestrian
869 2832 41 1111.0 776.0 36.0 Pedestrian
870 2844 41 1125.5 776.0 36.0 Pedestrian
871 2856 41 1138.5 776.0 36.0 Pedestrian
872 2868 41 1151.5 776.0 36.0 Pedestrian
873 2880 41 1166.5 776.0 36.0 Pedestrian
874 2892 41 1179.5 776.0 36.0 Pedestrian
875 2904 41 1192.0 776.0 36.0 Pedestrian
876 2916 41 1206.5 776.0 36.0 Pedestrian
877 2928 41 1219.5 780.0 36.0 Pedestrian
878 2940 41 1232.5 780.0 36.0 Pedestrian
879 2952 41 1244.5 780.0 36.0 Pedestrian
880 2736 37 254.5 764.0 35.0 Pedestrian
881 2748 37 247.5 747.5 35.0 Pedestrian
882 2760 37 239.5 727.0 35.0 Pedestrian
883 2772 37 232.5 706.5 35.0 Pedestrian
884 2784 37 221.5 669.5 35.0 Pedestrian
885 2796 37 217.5 657.0 35.0 Pedestrian
886 2808 37 217.5 657.0 35.0 Pedestrian
887 2820 37 217.5 657.0 35.0 Pedestrian
888 2832 37 217.5 657.0 35.0 Pedestrian
889 2844 37 217.5 657.0 35.0 Pedestrian
890 2856 37 217.5 657.0 35.0 Pedestrian
891 2868 37 217.5 657.0 35.0 Pedestrian
892 2880 37 217.5 657.0 35.0 Pedestrian
893 2892 37 217.5 657.0 35.0 Pedestrian
894 2904 37 217.5 657.0 35.0 Pedestrian
895 2916 37 217.5 657.0 35.0 Pedestrian
896 2928 37 217.5 657.0 35.0 Pedestrian
897 2940 37 217.5 657.0 35.0 Pedestrian
898 2952 37 217.5 657.0 35.0 Pedestrian
899 2964 37 217.5 657.0 35.0 Pedestrian
900 2760 35 797.5 690.0 27.0 Pedestrian
901 2772 35 797.5 690.0 27.0 Pedestrian
902 2784 35 797.5 690.0 27.0 Pedestrian
903 2796 35 797.5 690.0 27.0 Pedestrian
904 2808 35 797.5 690.0 27.0 Pedestrian
905 2820 35 797.5 690.0 27.0 Pedestrian
906 2832 35 797.5 690.0 27.0 Pedestrian
907 2844 35 797.5 690.0 27.0 Pedestrian
908 2856 35 797.5 690.0 27.0 Pedestrian
909 2868 35 797.5 690.0 27.0 Pedestrian
910 2880 35 797.5 690.0 27.0 Pedestrian
911 2892 35 797.5 690.0 27.0 Pedestrian
912 2904 35 797.5 690.0 27.0 Pedestrian
913 2916 35 797.5 690.0 27.0 Pedestrian
914 2928 35 797.5 690.0 27.0 Pedestrian
915 2940 35 797.5 690.0 27.0 Pedestrian
916 2952 35 797.5 690.0 27.0 Pedestrian
917 2964 35 797.5 690.0 27.0 Pedestrian
918 2976 35 797.5 690.0 27.0 Pedestrian
919 2988 35 797.5 690.0 27.0 Pedestrian
920 2772 42 1088.0 1296.5 37.0 Pedestrian
921 2784 42 1086.5 1300.5 37.0 Pedestrian
922 2796 42 1086.5 1308.5 37.0 Pedestrian
923 2808 42 1086.5 1321.0 37.0 Pedestrian
924 2820 42 1084.5 1329.5 37.0 Pedestrian
925 2832 42 1084.5 1337.5 37.0 Pedestrian
926 2844 42 1084.5 1345.5 37.0 Pedestrian
927 2856 42 1084.5 1358.0 37.0 Pedestrian
928 2868 42 1082.5 1366.0 37.0 Pedestrian
929 2880 42 1082.5 1374.5 37.0 Pedestrian
930 2892 42 1082.5 1382.5 37.0 Pedestrian
931 2904 42 1082.5 1395.0 37.0 Pedestrian
932 2916 42 1080.5 1403.0 37.0 Pedestrian
933 2928 42 1080.5 1411.5 37.0 Pedestrian
934 2940 42 1080.5 1419.5 37.0 Pedestrian
935 2952 42 1078.5 1428.0 37.0 Pedestrian
936 2964 42 1078.5 1440.0 37.0 Pedestrian
937 2976 42 1078.5 1448.5 37.0 Pedestrian
938 2988 42 1078.5 1456.5 37.0 Pedestrian
939 3000 42 1077.0 1465.0 37.0 Pedestrian
940 2808 91 1303.5 770.0 82.0 Pedestrian
941 2820 91 1303.5 770.0 82.0 Pedestrian
942 2832 91 1303.5 768.0 82.0 Pedestrian
943 2844 91 1303.5 768.0 82.0 Pedestrian
944 2856 91 1303.5 766.0 82.0 Pedestrian
945 2868 91 1303.5 766.0 82.0 Pedestrian
946 2880 91 1303.5 764.0 82.0 Pedestrian
947 2892 91 1303.5 764.0 82.0 Pedestrian
948 2904 91 1303.5 764.0 82.0 Pedestrian
949 2916 91 1303.5 764.0 82.0 Pedestrian
950 2928 91 1301.5 760.0 82.0 Pedestrian
951 2940 91 1286.5 760.0 82.0 Pedestrian
952 2952 91 1273.5 760.0 82.0 Pedestrian
953 2964 91 1259.5 760.0 82.0 Pedestrian
954 2976 91 1244.5 760.0 82.0 Pedestrian
955 2988 91 1231.5 760.0 82.0 Pedestrian
956 3000 91 1218.5 755.5 82.0 Pedestrian
957 3012 91 1205.5 755.5 82.0 Pedestrian
958 3024 91 1192.5 755.5 82.0 Pedestrian
959 3036 91 1181.5 755.5 82.0 Pedestrian
960 3048 92 1169.0 755.5 82.0 Pedestrian
961 3060 92 1157.0 758.0 82.0 Pedestrian
962 3072 92 1145.5 758.0 82.0 Pedestrian
963 3084 92 1132.5 758.0 82.0 Pedestrian
964 3096 92 1121.5 758.0 82.0 Pedestrian
965 3108 92 1108.5 760.0 82.0 Pedestrian
966 3120 92 1096.5 760.0 82.0 Pedestrian
967 3132 92 1084.5 760.0 82.0 Pedestrian
968 3144 92 1072.5 760.0 82.0 Pedestrian
969 3156 92 1059.5 762.0 82.0 Pedestrian
970 3168 92 1047.5 762.0 82.0 Pedestrian
971 3180 92 1035.5 762.0 82.0 Pedestrian
972 3192 92 1023.5 762.0 82.0 Pedestrian
973 3204 92 1011.5 764.0 82.0 Pedestrian
974 3216 92 998.5 764.0 82.0 Pedestrian
975 3228 92 987.5 764.0 82.0 Pedestrian
976 3240 92 974.5 764.0 82.0 Pedestrian
977 3252 92 962.0 762.0 82.0 Pedestrian
978 3264 92 949.5 762.0 82.0 Pedestrian
979 3276 92 936.5 762.0 82.0 Pedestrian
980 3108 96 1290.5 778.5 83.0 Pedestrian
981 3120 96 1277.5 778.5 83.0 Pedestrian
982 3132 96 1262.5 778.5 83.0 Pedestrian
983 3144 96 1249.5 778.5 83.0 Pedestrian
984 3156 96 1235.5 778.5 83.0 Pedestrian
985 3168 96 1222.5 778.5 83.0 Pedestrian
986 3180 96 1209.5 778.5 83.0 Pedestrian
987 3192 96 1194.5 778.5 83.0 Pedestrian
988 3204 96 1181.5 778.5 83.0 Pedestrian
989 3216 96 1167.5 778.5 83.0 Pedestrian
990 3228 96 1154.5 778.5 83.0 Pedestrian
991 3240 96 1141.5 778.5 83.0 Pedestrian
992 3252 96 1126.5 778.5 83.0 Pedestrian
993 3264 96 1113.5 778.5 83.0 Pedestrian
994 3276 96 1100.5 778.5 83.0 Pedestrian
995 3288 96 1086.5 778.5 83.0 Pedestrian
996 3300 96 1073.5 778.5 83.0 Pedestrian
997 3312 96 1058.5 774.0 83.0 Pedestrian
998 3324 96 1045.5 774.0 83.0 Pedestrian
999 3336 96 1032.5 770.0 83.0 Pedestrian
1000 3168 100 26.0 819.5 96.0 Pedestrian
1001 3180 100 37.0 819.5 96.0 Pedestrian
1002 3192 100 50.0 819.5 96.0 Pedestrian
1003 3204 100 63.0 819.5 96.0 Pedestrian
1004 3216 100 74.0 823.5 96.0 Pedestrian
1005 3228 100 87.0 823.5 96.0 Pedestrian
1006 3240 100 100.0 823.5 96.0 Pedestrian
1007 3252 100 113.0 827.5 96.0 Pedestrian
1008 3264 100 125.5 827.5 96.0 Pedestrian
1009 3276 100 138.5 827.5 96.0 Pedestrian
1010 3288 100 151.0 827.5 96.0 Pedestrian
1011 3300 100 162.5 832.0 96.0 Pedestrian
1012 3312 100 175.0 832.0 96.0 Pedestrian
1013 3324 100 188.0 832.0 96.0 Pedestrian
1014 3336 100 201.0 836.0 96.0 Pedestrian
1015 3348 100 214.0 836.0 96.0 Pedestrian
1016 3360 100 227.0 836.0 96.0 Pedestrian
1017 3372 100 239.5 840.0 96.0 Pedestrian
1018 3384 100 251.0 840.0 96.0 Pedestrian
1019 3396 100 263.5 840.0 96.0 Pedestrian
1020 3288 93 923.5 762.0 82.0 Pedestrian
1021 3300 93 908.5 758.0 82.0 Pedestrian
1022 3312 93 895.5 758.0 82.0 Pedestrian
1023 3324 93 882.5 758.0 82.0 Pedestrian
1024 3336 93 868.5 754.0 82.0 Pedestrian
1025 3348 93 855.5 754.0 82.0 Pedestrian
1026 3360 93 842.5 754.0 82.0 Pedestrian
1027 3372 93 829.5 754.0 82.0 Pedestrian
1028 3384 93 814.5 750.0 82.0 Pedestrian
1029 3396 93 801.5 750.0 82.0 Pedestrian
1030 3408 93 789.0 750.0 82.0 Pedestrian
1031 3420 93 776.5 745.5 82.0 Pedestrian
1032 3432 93 761.5 745.5 82.0 Pedestrian
1033 3444 93 748.5 745.5 82.0 Pedestrian
1034 3456 93 735.5 745.5 82.0 Pedestrian
1035 3468 93 724.5 745.5 82.0 Pedestrian
1036 3480 93 713.5 750.0 82.0 Pedestrian
1037 3492 93 702.5 750.0 82.0 Pedestrian
1038 3504 93 691.5 754.0 82.0 Pedestrian
1039 3516 93 680.5 754.0 82.0 Pedestrian
1040 3348 97 1018.5 770.0 83.0 Pedestrian
1041 3360 97 1005.5 770.0 83.0 Pedestrian
1042 3372 97 992.5 766.0 83.0 Pedestrian
1043 3384 97 977.5 766.0 83.0 Pedestrian
1044 3396 97 964.5 762.0 83.0 Pedestrian
1045 3408 97 951.5 762.0 83.0 Pedestrian
1046 3420 97 937.5 758.0 83.0 Pedestrian
1047 3432 97 924.5 758.0 83.0 Pedestrian
1048 3444 97 911.5 758.0 83.0 Pedestrian
1049 3456 97 896.5 754.0 83.0 Pedestrian
1050 3468 97 883.5 754.0 83.0 Pedestrian
1051 3480 97 870.5 749.5 83.0 Pedestrian
1052 3492 97 856.5 749.5 83.0 Pedestrian
1053 3504 97 843.5 749.5 83.0 Pedestrian
1054 3516 97 829.5 749.5 83.0 Pedestrian
1055 3528 97 815.5 749.5 83.0 Pedestrian
1056 3540 97 801.5 749.5 83.0 Pedestrian
1057 3552 97 788.5 749.5 83.0 Pedestrian
1058 3564 97 774.5 749.5 83.0 Pedestrian
1059 3576 97 760.5 749.5 83.0 Pedestrian
1060 3408 101 276.5 840.0 96.0 Pedestrian
1061 3420 101 289.5 844.0 96.0 Pedestrian
1062 3432 101 302.0 844.0 96.0 Pedestrian
1063 3444 101 315.0 844.0 96.0 Pedestrian
1064 3456 101 328.0 844.0 96.0 Pedestrian
1065 3468 101 341.0 844.0 96.0 Pedestrian
1066 3480 101 354.0 844.0 96.0 Pedestrian
1067 3492 101 366.5 844.0 96.0 Pedestrian
1068 3504 101 379.5 844.0 96.0 Pedestrian
1069 3516 101 392.5 844.0 96.0 Pedestrian
1070 3528 101 406.0 846.0 96.0 Pedestrian
1071 3540 101 419.0 846.0 96.0 Pedestrian
1072 3552 101 433.0 848.0 96.0 Pedestrian
1073 3564 101 445.5 850.0 96.0 Pedestrian
1074 3576 101 458.5 850.0 96.0 Pedestrian
1075 3588 101 472.5 852.0 96.0 Pedestrian
1076 3600 101 485.5 852.0 96.0 Pedestrian
1077 3612 101 498.5 854.0 96.0 Pedestrian
1078 3624 101 512.5 856.5 96.0 Pedestrian
1079 3636 101 524.5 856.5 96.0 Pedestrian
1080 3528 94 668.5 758.0 82.0 Pedestrian
1081 3540 94 656.5 760.0 82.0 Pedestrian
1082 3552 94 644.5 764.0 82.0 Pedestrian
1083 3564 94 633.5 764.0 82.0 Pedestrian
1084 3576 94 620.5 766.0 82.0 Pedestrian
1085 3588 94 609.5 770.0 82.0 Pedestrian
1086 3600 94 596.5 772.0 82.0 Pedestrian
1087 3612 94 585.5 774.0 82.0 Pedestrian
1088 3624 94 573.5 776.0 82.0 Pedestrian
1089 3636 94 561.5 780.5 82.0 Pedestrian
1090 3648 94 549.5 782.5 82.0 Pedestrian
1091 3660 94 538.5 784.5 82.0 Pedestrian
1092 3672 94 525.5 786.5 82.0 Pedestrian
1093 3684 94 514.5 791.0 82.0 Pedestrian
1094 3696 94 502.5 791.0 82.0 Pedestrian
1095 3708 94 490.0 795.0 82.0 Pedestrian
1096 3720 94 479.0 797.0 82.0 Pedestrian
1097 3732 94 466.0 801.0 82.0 Pedestrian
1098 3744 94 455.0 801.0 82.0 Pedestrian
1099 3756 94 442.0 801.0 82.0 Pedestrian
1100 3588 98 746.5 749.5 83.0 Pedestrian
1101 3600 98 733.0 752.0 83.0 Pedestrian
1102 3612 98 718.0 752.0 83.0 Pedestrian
1103 3624 98 705.5 752.0 83.0 Pedestrian
1104 3636 98 691.5 752.0 83.0 Pedestrian
1105 3648 98 677.5 754.0 83.0 Pedestrian
1106 3660 98 664.0 754.0 83.0 Pedestrian
1107 3672 98 649.0 754.0 83.0 Pedestrian
1108 3684 98 636.0 754.0 83.0 Pedestrian
1109 3696 98 622.5 756.0 83.0 Pedestrian
1110 3708 98 608.5 756.0 83.0 Pedestrian
1111 3720 98 595.0 756.0 83.0 Pedestrian
1112 3732 98 580.0 756.0 83.0 Pedestrian
1113 3744 98 567.0 756.0 83.0 Pedestrian
1114 3756 98 552.5 756.0 83.0 Pedestrian
1115 3768 98 539.0 756.0 83.0 Pedestrian
1116 3780 98 526.0 756.0 83.0 Pedestrian
1117 3792 98 511.0 756.0 83.0 Pedestrian
1118 3804 98 500.0 756.0 83.0 Pedestrian
1119 3816 98 487.0 756.0 83.0 Pedestrian
1120 3624 64 1281.5 749.5 64.0 Pedestrian
1121 3636 64 1268.5 749.5 64.0 Pedestrian
1122 3648 64 1255.5 749.5 64.0 Pedestrian
1123 3660 64 1244.5 749.5 64.0 Pedestrian
1124 3672 64 1231.5 749.5 64.0 Pedestrian
1125 3684 64 1218.5 749.5 64.0 Pedestrian
1126 3696 64 1207.5 749.5 64.0 Pedestrian
1127 3708 64 1194.5 749.5 64.0 Pedestrian
1128 3720 64 1181.5 749.5 64.0 Pedestrian
1129 3732 64 1169.0 745.5 64.0 Pedestrian
1130 3744 64 1157.5 745.5 64.0 Pedestrian
1131 3756 64 1145.5 745.5 64.0 Pedestrian
1132 3768 64 1132.5 745.5 64.0 Pedestrian
1133 3780 64 1119.5 745.5 64.0 Pedestrian
1134 3792 64 1108.5 745.5 64.0 Pedestrian
1135 3804 64 1095.5 745.5 64.0 Pedestrian
1136 3816 64 1082.5 745.5 64.0 Pedestrian
1137 3828 64 1069.5 741.5 64.0 Pedestrian
1138 3840 64 1056.5 741.5 64.0 Pedestrian
1139 3852 64 1043.5 741.5 64.0 Pedestrian
1140 3648 102 539.5 858.5 96.0 Pedestrian
1141 3660 102 552.5 858.5 96.0 Pedestrian
1142 3672 102 565.5 858.5 96.0 Pedestrian
1143 3684 102 578.5 863.0 96.0 Pedestrian
1144 3696 102 593.0 863.0 96.0 Pedestrian
1145 3708 102 605.5 867.0 96.0 Pedestrian
1146 3720 102 618.5 867.0 96.0 Pedestrian
1147 3732 102 633.5 867.0 96.0 Pedestrian
1148 3744 102 646.5 871.0 96.0 Pedestrian
1149 3756 102 659.5 871.0 96.0 Pedestrian
1150 3768 102 672.5 871.0 96.0 Pedestrian
1151 3780 102 686.5 875.0 96.0 Pedestrian
1152 3792 102 699.5 875.0 96.0 Pedestrian
1153 3804 102 712.5 875.0 96.0 Pedestrian
1154 3816 102 725.5 875.0 96.0 Pedestrian
1155 3828 102 738.5 875.0 96.0 Pedestrian
1156 3840 102 751.5 875.0 96.0 Pedestrian
1157 3852 102 764.5 875.0 96.0 Pedestrian
1158 3864 102 777.5 875.0 96.0 Pedestrian
1159 3876 102 791.5 879.0 96.0 Pedestrian
1160 3768 95 431.0 801.0 82.0 Pedestrian
1161 3780 95 418.0 801.0 82.0 Pedestrian
1162 3792 95 405.5 801.0 82.0 Pedestrian
1163 3804 95 394.5 801.0 82.0 Pedestrian
1164 3816 95 381.5 801.0 82.0 Pedestrian
1165 3828 95 370.5 801.0 82.0 Pedestrian
1166 3840 95 357.5 805.0 82.0 Pedestrian
1167 3852 95 344.5 805.0 82.0 Pedestrian
1168 3864 95 333.5 805.0 82.0 Pedestrian
1169 3876 95 320.5 805.0 82.0 Pedestrian
1170 3888 95 309.5 805.0 82.0 Pedestrian
1171 3900 95 296.5 805.0 82.0 Pedestrian
1172 3912 95 284.0 805.0 82.0 Pedestrian
1173 3924 95 272.5 805.0 82.0 Pedestrian
1174 3936 95 260.0 805.0 82.0 Pedestrian
1175 3948 95 249.0 805.0 82.0 Pedestrian
1176 3960 95 236.0 809.0 82.0 Pedestrian
1177 3972 95 225.0 809.0 82.0 Pedestrian
1178 3984 95 214.0 809.0 82.0 Pedestrian
1179 3996 95 203.0 809.0 82.0 Pedestrian
1180 3864 65 1030.5 741.5 64.0 Pedestrian
1181 3876 65 1018.5 741.5 64.0 Pedestrian
1182 3888 65 1003.5 737.0 64.0 Pedestrian
1183 3900 65 990.5 737.0 64.0 Pedestrian
1184 3912 65 977.5 737.0 64.0 Pedestrian
1185 3924 65 964.5 737.0 64.0 Pedestrian
1186 3936 65 951.5 737.0 64.0 Pedestrian
1187 3948 65 938.5 733.0 64.0 Pedestrian
1188 3960 65 924.5 733.0 64.0 Pedestrian
1189 3972 65 911.5 733.0 64.0 Pedestrian
1190 3984 65 898.5 733.0 64.0 Pedestrian
1191 3996 65 885.5 733.0 64.0 Pedestrian
1192 4008 65 874.5 731.0 64.0 Pedestrian
1193 4020 65 863.5 731.0 64.0 Pedestrian
1194 4032 65 852.5 729.0 64.0 Pedestrian
1195 4044 65 841.5 725.0 64.0 Pedestrian
1196 4056 65 830.5 716.5 64.0 Pedestrian
1197 4068 65 817.5 716.5 64.0 Pedestrian
1198 4080 65 802.5 716.5 64.0 Pedestrian
1199 4092 65 786.5 721.0 64.0 Pedestrian
1200 3888 103 802.5 875.0 96.0 Pedestrian
1201 3900 103 813.5 871.0 96.0 Pedestrian
1202 3912 103 826.5 867.0 96.0 Pedestrian
1203 3924 103 837.5 863.0 96.0 Pedestrian
1204 3936 103 850.5 858.5 96.0 Pedestrian
1205 3948 103 861.5 854.5 96.0 Pedestrian
1206 3960 103 874.5 850.0 96.0 Pedestrian
1207 3972 103 887.5 846.0 96.0 Pedestrian
1208 3984 103 900.5 846.0 96.0 Pedestrian
1209 3996 103 913.5 846.0 96.0 Pedestrian
1210 4008 103 926.5 842.0 96.0 Pedestrian
1211 4020 103 937.5 838.0 96.0 Pedestrian
1212 4032 103 949.5 836.0 96.0 Pedestrian
1213 4044 103 961.5 830.0 96.0 Pedestrian
1214 4056 103 973.0 826.0 96.0 Pedestrian
1215 4068 103 984.0 822.0 96.0 Pedestrian
1216 4080 103 998.5 817.0 96.0 Pedestrian
1217 4092 103 1011.5 813.0 96.0 Pedestrian
1218 4104 103 1024.5 809.0 96.0 Pedestrian
1219 4116 103 1037.5 809.0 96.0 Pedestrian
1220 4104 66 771.5 721.0 64.0 Pedestrian
1221 4116 66 756.5 721.0 64.0 Pedestrian
1222 4128 66 749.5 716.5 64.0 Pedestrian
1223 4140 66 732.5 704.5 64.0 Pedestrian
1224 4152 66 712.5 684.0 64.0 Pedestrian
1225 4164 66 705.5 700.5 64.0 Pedestrian
1226 4176 66 697.5 721.0 64.0 Pedestrian
1227 4188 66 685.0 729.0 64.0 Pedestrian
1228 4200 66 672.5 737.5 64.0 Pedestrian
1229 4212 66 659.5 741.5 64.0 Pedestrian
1230 4224 66 648.5 737.5 64.0 Pedestrian
1231 4236 66 637.5 737.5 64.0 Pedestrian
1232 4248 66 624.5 745.5 64.0 Pedestrian
1233 4260 66 611.5 749.5 64.0 Pedestrian
1234 4272 66 600.5 753.5 64.0 Pedestrian
1235 4284 66 587.5 762.0 64.0 Pedestrian
1236 4296 66 576.5 766.0 64.0 Pedestrian
1237 4308 66 565.5 770.0 64.0 Pedestrian
1238 4320 66 554.5 774.5 64.0 Pedestrian
1239 4332 66 539.5 778.5 64.0 Pedestrian
1240 4116 69 1294.5 752.0 65.0 Pedestrian
1241 4128 69 1277.5 743.5 65.0 Pedestrian
1242 4140 69 1261.0 739.0 65.0 Pedestrian
1243 4152 69 1244.5 739.0 65.0 Pedestrian
1244 4164 69 1224.5 735.0 65.0 Pedestrian
1245 4176 69 1202.5 731.0 65.0 Pedestrian
1246 4188 69 1187.5 727.0 65.0 Pedestrian
1247 4200 69 1172.5 723.0 65.0 Pedestrian
1248 4212 69 1157.5 719.0 65.0 Pedestrian
1249 4224 69 1134.5 719.0 65.0 Pedestrian
1250 4236 69 1113.5 723.0 65.0 Pedestrian
1251 4248 69 1100.5 727.0 65.0 Pedestrian
1252 4260 69 1086.5 727.0 65.0 Pedestrian
1253 4272 69 1067.5 731.0 65.0 Pedestrian
1254 4284 69 1049.5 731.0 65.0 Pedestrian
1255 4296 69 1029.5 731.0 65.0 Pedestrian
1256 4308 69 1008.5 731.0 65.0 Pedestrian
1257 4320 69 988.5 731.0 65.0 Pedestrian
1258 4332 69 970.5 735.0 65.0 Pedestrian
1259 4344 69 953.5 739.0 65.0 Pedestrian
1260 4128 104 1046.5 809.0 96.0 Pedestrian
1261 4140 104 1057.5 801.0 96.0 Pedestrian
1262 4152 104 1072.5 793.0 96.0 Pedestrian
1263 4164 104 1083.5 793.0 96.0 Pedestrian
1264 4176 104 1094.5 793.0 96.0 Pedestrian
1265 4188 104 1109.5 789.0 96.0 Pedestrian
1266 4200 104 1122.5 780.0 96.0 Pedestrian
1267 4212 104 1135.0 776.0 96.0 Pedestrian
1268 4224 104 1147.5 772.0 96.0 Pedestrian
1269 4236 104 1157.0 772.0 96.0 Pedestrian
1270 4248 104 1155.5 780.0 96.0 Pedestrian
1271 4260 104 1153.5 789.0 96.0 Pedestrian
1272 4272 104 1193.5 764.0 96.0 Pedestrian
1273 4284 104 1206.5 764.0 96.0 Pedestrian
1274 4296 104 1219.5 764.0 96.0 Pedestrian
1275 4308 104 1232.5 764.0 96.0 Pedestrian
1276 4320 104 1247.5 764.0 96.0 Pedestrian
1277 4332 104 1256.5 760.0 96.0 Pedestrian
1278 4344 104 1267.5 760.0 96.0 Pedestrian
1279 4356 104 1282.5 764.0 96.0 Pedestrian
1280 4344 67 524.5 786.5 64.0 Pedestrian
1281 4356 67 510.5 786.5 64.0 Pedestrian
1282 4368 67 497.5 786.5 64.0 Pedestrian
1283 4380 67 482.5 790.5 64.0 Pedestrian
1284 4392 67 469.5 790.5 64.0 Pedestrian
1285 4404 67 454.5 795.0 64.0 Pedestrian
1286 4416 67 442.5 799.0 64.0 Pedestrian
1287 4428 67 427.5 803.0 64.0 Pedestrian
1288 4440 67 414.5 807.0 64.0 Pedestrian
1289 4452 67 399.5 807.0 64.0 Pedestrian
1290 4464 67 386.5 811.5 64.0 Pedestrian
1291 4476 67 372.5 815.5 64.0 Pedestrian
1292 4488 67 359.5 819.5 64.0 Pedestrian
1293 4500 67 346.5 823.5 64.0 Pedestrian
1294 4512 67 334.5 836.0 64.0 Pedestrian
1295 4524 67 322.5 842.5 64.0 Pedestrian
1296 4536 67 309.5 842.5 64.0 Pedestrian
1297 4548 67 297.0 842.5 64.0 Pedestrian
1298 4560 67 284.0 842.5 64.0 Pedestrian
1299 4572 67 271.0 842.5 64.0 Pedestrian
1300 4356 70 937.5 735.0 65.0 Pedestrian
1301 4368 70 920.5 731.0 65.0 Pedestrian
1302 4380 70 902.5 731.0 65.0 Pedestrian
1303 4392 70 883.5 731.0 65.0 Pedestrian
1304 4404 70 863.5 731.0 65.0 Pedestrian
1305 4416 70 845.5 731.0 65.0 Pedestrian
1306 4428 70 826.5 731.0 65.0 Pedestrian
1307 4440 70 808.5 731.0 65.0 Pedestrian
1308 4452 70 788.5 735.0 65.0 Pedestrian
1309 4464 70 769.5 735.0 65.0 Pedestrian
1310 4476 70 751.5 735.0 65.0 Pedestrian
1311 4488 70 732.5 735.0 65.0 Pedestrian
1312 4500 70 714.5 739.0 65.0 Pedestrian
1313 4512 70 696.5 741.0 65.0 Pedestrian
1314 4524 70 678.5 745.5 65.0 Pedestrian
1315 4536 70 662.0 750.0 65.0 Pedestrian
1316 4548 70 644.5 754.0 65.0 Pedestrian
1317 4560 70 627.0 756.0 65.0 Pedestrian
1318 4572 70 609.5 760.0 65.0 Pedestrian
1319 4584 70 592.0 764.0 65.0 Pedestrian
1320 4440 105 1293.0 741.5 99.0 Pedestrian
1321 4452 105 1278.5 737.0 99.0 Pedestrian
1322 4464 105 1265.5 737.0 99.0 Pedestrian
1323 4476 105 1252.5 733.0 99.0 Pedestrian
1324 4488 105 1238.0 729.0 99.0 Pedestrian
1325 4500 105 1225.0 725.0 99.0 Pedestrian
1326 4512 105 1208.5 729.0 99.0 Pedestrian
1327 4524 105 1193.0 735.5 99.0 Pedestrian
1328 4536 105 1178.0 735.5 99.0 Pedestrian
1329 4548 105 1163.5 735.5 99.0 Pedestrian
1330 4560 105 1150.5 735.5 99.0 Pedestrian
1331 4572 105 1136.0 735.5 99.0 Pedestrian
1332 4584 105 1121.0 735.5 99.0 Pedestrian
1333 4596 105 1106.5 735.5 99.0 Pedestrian
1334 4608 105 1092.0 735.5 99.0 Pedestrian
1335 4620 105 1079.0 735.5 99.0 Pedestrian
1336 4632 105 1064.0 735.5 99.0 Pedestrian
1337 4644 105 1049.5 735.5 99.0 Pedestrian
1338 4656 105 1034.5 735.5 99.0 Pedestrian
1339 4668 105 1022.0 735.5 99.0 Pedestrian
1340 4584 68 258.0 842.5 64.0 Pedestrian
1341 4596 68 247.0 842.5 64.0 Pedestrian
1342 4608 68 234.0 842.5 64.0 Pedestrian
1343 4620 68 221.0 842.5 64.0 Pedestrian
1344 4632 68 208.5 842.5 64.0 Pedestrian
1345 4644 68 195.5 842.5 64.0 Pedestrian
1346 4656 68 182.5 842.5 64.0 Pedestrian
1347 4668 68 170.0 838.0 64.0 Pedestrian
1348 4680 68 159.0 838.0 64.0 Pedestrian
1349 4692 68 146.5 838.0 64.0 Pedestrian
1350 4704 68 134.5 835.5 64.0 Pedestrian
1351 4716 68 123.5 835.5 64.0 Pedestrian
1352 4728 68 111.5 833.5 64.0 Pedestrian
1353 4740 68 100.5 833.5 64.0 Pedestrian
1354 4752 68 88.5 831.5 64.0 Pedestrian
1355 4764 68 77.5 831.5 64.0 Pedestrian
1356 4776 68 65.5 829.5 64.0 Pedestrian
1357 4788 68 53.5 827.5 64.0 Pedestrian
1358 4800 68 42.5 827.5 64.0 Pedestrian
1359 4812 68 31.0 827.5 64.0 Pedestrian
1360 4596 71 575.5 770.0 65.0 Pedestrian
1361 4608 71 557.0 772.0 65.0 Pedestrian
1362 4620 71 540.5 776.0 65.0 Pedestrian
1363 4632 71 523.0 780.5 65.0 Pedestrian
1364 4644 71 505.5 784.5 65.0 Pedestrian
1365 4656 71 489.0 786.5 65.0 Pedestrian
1366 4668 71 470.5 791.0 65.0 Pedestrian
1367 4680 71 452.0 791.0 65.0 Pedestrian
1368 4692 71 434.0 791.0 65.0 Pedestrian
1369 4704 71 417.0 795.0 65.0 Pedestrian
1370 4716 71 399.0 795.0 65.0 Pedestrian
1371 4728 71 380.5 799.0 65.0 Pedestrian
1372 4740 71 362.0 799.0 65.0 Pedestrian
1373 4752 71 344.0 799.0 65.0 Pedestrian
1374 4764 71 325.0 803.0 65.0 Pedestrian
1375 4776 71 309.0 803.0 65.0 Pedestrian
1376 4788 71 290.0 803.0 65.0 Pedestrian
1377 4800 71 272.0 807.0 65.0 Pedestrian
1378 4812 71 253.5 807.0 65.0 Pedestrian
1379 4824 71 235.0 807.0 65.0 Pedestrian
1380 4680 106 1009.0 735.5 99.0 Pedestrian
1381 4692 106 994.0 735.5 99.0 Pedestrian
1382 4704 106 981.0 735.5 99.0 Pedestrian
1383 4716 106 968.5 735.5 99.0 Pedestrian
1384 4728 106 955.5 735.5 99.0 Pedestrian
1385 4740 106 942.5 735.5 99.0 Pedestrian
1386 4752 106 928.0 735.5 99.0 Pedestrian
1387 4764 106 915.0 735.5 99.0 Pedestrian
1388 4776 106 902.0 735.5 99.0 Pedestrian
1389 4788 106 891.0 731.0 99.0 Pedestrian
1390 4800 106 878.0 727.0 99.0 Pedestrian
1391 4812 106 865.5 727.0 99.0 Pedestrian
1392 4824 106 843.0 731.0 99.0 Pedestrian
1393 4836 106 827.0 735.5 99.0 Pedestrian
1394 4848 106 815.5 735.5 99.0 Pedestrian
1395 4860 106 804.5 735.5 99.0 Pedestrian
1396 4872 106 793.5 735.5 99.0 Pedestrian
1397 4884 106 782.5 735.5 99.0 Pedestrian
1398 4896 106 769.5 731.0 99.0 Pedestrian
1399 4908 106 755.0 731.0 99.0 Pedestrian
1400 4920 107 740.0 731.0 99.0 Pedestrian
1401 4932 107 725.5 731.0 99.0 Pedestrian
1402 4944 107 711.0 731.0 99.0 Pedestrian
1403 4956 107 696.0 731.0 99.0 Pedestrian
1404 4968 107 681.5 731.0 99.0 Pedestrian
1405 4980 107 666.5 731.0 99.0 Pedestrian
1406 4992 107 652.0 731.0 99.0 Pedestrian
1407 5004 107 639.0 731.0 99.0 Pedestrian
1408 5016 107 628.0 735.5 99.0 Pedestrian
1409 5028 107 615.0 741.5 99.0 Pedestrian
1410 5040 107 604.0 747.5 99.0 Pedestrian
1411 5052 107 591.0 751.5 99.0 Pedestrian
1412 5064 107 579.0 757.5 99.0 Pedestrian
1413 5076 107 567.0 762.0 99.0 Pedestrian
1414 5088 107 555.5 766.0 99.0 Pedestrian
1415 5100 107 544.5 774.5 99.0 Pedestrian
1416 5112 107 529.5 774.5 99.0 Pedestrian
1417 5124 107 515.0 774.5 99.0 Pedestrian
1418 5136 107 500.0 778.5 99.0 Pedestrian
1419 5148 107 487.0 778.5 99.0 Pedestrian
1420 5160 108 472.5 782.5 99.0 Pedestrian
1421 5172 108 457.5 782.5 99.0 Pedestrian
1422 5184 108 445.0 786.5 99.0 Pedestrian
1423 5196 108 430.0 786.5 99.0 Pedestrian
1424 5208 108 415.5 790.5 99.0 Pedestrian
1425 5220 108 400.5 790.5 99.0 Pedestrian
1426 5232 108 386.0 794.5 99.0 Pedestrian
1427 5244 108 371.5 794.5 99.0 Pedestrian
1428 5256 108 356.5 799.0 99.0 Pedestrian
1429 5268 108 342.0 803.0 99.0 Pedestrian
1430 5280 108 327.0 803.0 99.0 Pedestrian
1431 5292 108 312.5 807.5 99.0 Pedestrian
1432 5304 108 297.5 807.5 99.0 Pedestrian
1433 5316 108 283.0 807.5 99.0 Pedestrian
1434 5328 108 266.5 807.5 99.0 Pedestrian
1435 5340 108 251.5 807.5 99.0 Pedestrian
1436 5352 108 237.0 807.5 99.0 Pedestrian
1437 5364 108 222.0 807.5 99.0 Pedestrian
1438 5376 108 205.5 807.5 99.0 Pedestrian
1439 5388 108 192.5 807.5 99.0 Pedestrian
1440 6012 112 21.5 1177.5 108.0 Pedestrian
1441 6024 112 40.0 1177.5 108.0 Pedestrian
1442 6036 112 58.5 1177.5 108.0 Pedestrian
1443 6048 112 77.0 1177.5 108.0 Pedestrian
1444 6060 112 95.0 1177.5 108.0 Pedestrian
1445 6072 112 113.5 1173.5 108.0 Pedestrian
1446 6084 112 132.0 1173.5 108.0 Pedestrian
1447 6096 112 150.5 1173.5 108.0 Pedestrian
1448 6108 112 169.0 1173.5 108.0 Pedestrian
1449 6120 112 187.0 1173.5 108.0 Pedestrian
1450 6132 112 204.0 1173.5 108.0 Pedestrian
1451 6144 112 222.0 1173.5 108.0 Pedestrian
1452 6156 112 240.5 1173.5 108.0 Pedestrian
1453 6168 112 259.0 1173.5 108.0 Pedestrian
1454 6180 112 277.5 1173.5 108.0 Pedestrian
1455 6192 112 296.0 1173.5 108.0 Pedestrian
1456 6204 112 314.0 1173.5 108.0 Pedestrian
1457 6216 112 332.5 1173.5 108.0 Pedestrian
1458 6228 112 351.0 1173.5 108.0 Pedestrian
1459 6240 112 369.5 1173.5 108.0 Pedestrian
1460 6252 113 388.0 1173.5 108.0 Pedestrian
1461 6264 113 406.0 1173.5 108.0 Pedestrian
1462 6276 113 424.5 1173.5 108.0 Pedestrian
1463 6288 113 443.0 1173.5 108.0 Pedestrian
1464 6300 113 461.5 1173.5 108.0 Pedestrian
1465 6312 113 480.0 1173.5 108.0 Pedestrian
1466 6324 113 498.0 1173.5 108.0 Pedestrian
1467 6336 113 513.0 1173.5 108.0 Pedestrian
1468 6348 113 527.5 1173.5 108.0 Pedestrian
1469 6360 113 540.5 1173.5 108.0 Pedestrian
1470 6372 113 553.5 1173.5 108.0 Pedestrian
1471 6384 113 568.0 1173.5 108.0 Pedestrian
1472 6396 113 581.0 1173.5 108.0 Pedestrian
1473 6408 113 596.0 1173.5 108.0 Pedestrian
1474 6420 113 608.5 1168.5 108.0 Pedestrian
1475 6432 113 623.5 1168.5 108.0 Pedestrian
1476 6444 113 636.0 1168.5 108.0 Pedestrian
1477 6456 113 649.0 1168.5 108.0 Pedestrian
1478 6468 113 664.0 1168.5 108.0 Pedestrian
1479 6480 113 677.0 1168.5 108.0 Pedestrian
1480 6288 55 394.0 685.5 55.0 Pedestrian
1481 6300 55 400.0 690.0 55.0 Pedestrian
1482 6312 55 405.0 694.5 55.0 Pedestrian
1483 6324 55 412.5 702.5 55.0 Pedestrian
1484 6336 55 420.0 710.5 55.0 Pedestrian
1485 6348 55 425.5 714.5 55.0 Pedestrian
1486 6360 55 433.0 722.5 55.0 Pedestrian
1487 6372 55 440.0 727.0 55.0 Pedestrian
1488 6384 55 447.5 735.5 55.0 Pedestrian
1489 6396 55 453.0 743.5 55.0 Pedestrian
1490 6408 55 460.5 747.5 55.0 Pedestrian
1491 6420 55 468.0 755.5 55.0 Pedestrian
1492 6432 55 473.5 759.5 55.0 Pedestrian
1493 6444 55 481.0 768.5 55.0 Pedestrian
1494 6456 55 488.0 776.5 55.0 Pedestrian
1495 6468 55 495.5 780.5 55.0 Pedestrian
1496 6480 55 501.0 788.5 55.0 Pedestrian
1497 6492 55 508.5 792.5 55.0 Pedestrian
1498 6504 55 516.0 801.0 55.0 Pedestrian
1499 6516 55 525.0 807.5 55.0 Pedestrian
1500 6528 56 535.0 813.5 55.0 Pedestrian
1501 6540 56 544.5 819.5 55.0 Pedestrian
1502 6552 56 553.5 823.5 55.0 Pedestrian
1503 6564 56 562.5 831.5 55.0 Pedestrian
1504 6576 56 572.0 836.0 55.0 Pedestrian
1505 6588 56 581.0 842.0 55.0 Pedestrian
1506 6600 56 591.5 848.5 55.0 Pedestrian
1507 6612 56 600.5 854.5 55.0 Pedestrian
1508 6624 56 609.5 858.5 55.0 Pedestrian
1509 6636 56 618.5 866.5 55.0 Pedestrian
1510 6648 56 628.0 871.0 55.0 Pedestrian
1511 6660 56 638.5 879.0 55.0 Pedestrian
1512 6672 56 645.5 871.0 55.0 Pedestrian
1513 6684 56 652.5 866.5 55.0 Pedestrian
1514 6696 56 660.5 862.5 55.0 Pedestrian
1515 6708 56 667.5 858.5 55.0 Pedestrian
1516 6720 56 674.5 854.5 55.0 Pedestrian
1517 6732 56 682.5 846.5 55.0 Pedestrian
1518 6744 56 682.5 842.0 55.0 Pedestrian
1519 6756 56 682.5 838.0 55.0 Pedestrian
1520 6768 57 682.5 834.0 55.0 Pedestrian
1521 6780 57 684.5 829.5 55.0 Pedestrian
1522 6792 57 684.5 825.5 55.0 Pedestrian
1523 6804 57 684.5 821.5 55.0 Pedestrian
1524 6816 57 684.5 817.5 55.0 Pedestrian
1525 6828 57 685.5 809.5 55.0 Pedestrian
1526 6840 57 685.5 805.0 55.0 Pedestrian
1527 6852 57 685.5 801.0 55.0 Pedestrian
1528 6864 57 685.5 797.0 55.0 Pedestrian
1529 6876 57 684.5 792.5 55.0 Pedestrian
1530 6888 57 680.5 788.5 55.0 Pedestrian
1531 6900 57 674.5 780.5 55.0 Pedestrian
1532 6912 57 669.5 776.5 55.0 Pedestrian
1533 6924 57 665.5 772.5 55.0 Pedestrian
1534 6936 57 660.5 764.0 55.0 Pedestrian
1535 6948 57 656.5 760.0 55.0 Pedestrian
1536 6960 57 651.0 755.5 55.0 Pedestrian
1537 6972 57 645.5 747.5 55.0 Pedestrian
1538 6984 57 641.5 743.5 55.0 Pedestrian
1539 6996 57 632.5 743.5 55.0 Pedestrian
1540 7008 58 621.5 737.5 55.0 Pedestrian
1541 7020 58 612.5 735.0 55.0 Pedestrian
1542 7032 58 603.5 731.0 55.0 Pedestrian
1543 7044 58 594.0 729.0 55.0 Pedestrian
1544 7056 58 584.0 723.0 55.0 Pedestrian
1545 7068 58 574.5 719.0 55.0 Pedestrian
1546 7080 58 565.0 717.0 55.0 Pedestrian
1547 7092 58 554.0 710.5 55.0 Pedestrian
1548 7104 58 543.0 706.5 55.0 Pedestrian
1549 7116 58 532.0 698.0 55.0 Pedestrian
1550 7128 58 523.0 698.0 55.0 Pedestrian
1551 7140 58 512.0 698.0 55.0 Pedestrian
1552 7152 58 506.5 698.0 55.0 Pedestrian
1553 7164 58 501.0 698.0 55.0 Pedestrian
1554 7176 58 495.0 698.0 55.0 Pedestrian
1555 7188 58 490.0 698.0 55.0 Pedestrian
1556 7200 58 486.0 694.0 55.0 Pedestrian
1557 7212 58 484.0 694.0 55.0 Pedestrian
1558 7224 58 483.0 694.0 55.0 Pedestrian
1559 7236 58 479.0 694.0 55.0 Pedestrian
1560 7116 43 1291.5 753.5 42.0 Pedestrian
1561 7128 43 1275.0 749.5 42.0 Pedestrian
1562 7140 43 1258.0 745.5 42.0 Pedestrian
1563 7152 43 1241.5 745.5 42.0 Pedestrian
1564 7164 43 1225.0 745.5 42.0 Pedestrian
1565 7176 43 1208.5 745.5 42.0 Pedestrian
1566 7188 43 1190.0 745.5 42.0 Pedestrian
1567 7200 43 1173.5 745.5 42.0 Pedestrian
1568 7212 43 1157.0 745.5 42.0 Pedestrian
1569 7224 43 1140.5 745.5 42.0 Pedestrian
1570 7236 43 1124.0 745.5 42.0 Pedestrian
1571 7248 43 1107.5 745.5 42.0 Pedestrian
1572 7260 43 1091.0 745.5 42.0 Pedestrian
1573 7272 43 1072.5 745.5 42.0 Pedestrian
1574 7284 43 1056.0 745.5 42.0 Pedestrian
1575 7296 43 1039.0 745.5 42.0 Pedestrian
1576 7308 43 1024.5 745.5 42.0 Pedestrian
1577 7320 43 1008.0 745.5 42.0 Pedestrian
1578 7332 43 991.5 745.5 42.0 Pedestrian
1579 7344 43 975.0 745.5 42.0 Pedestrian
1580 7212 47 1287.5 969.5 44.0 Pedestrian
1581 7224 47 1273.0 969.5 44.0 Pedestrian
1582 7236 47 1258.0 965.5 44.0 Pedestrian
1583 7248 47 1245.5 965.5 44.0 Pedestrian
1584 7260 47 1230.5 965.5 44.0 Pedestrian
1585 7272 47 1218.0 965.5 44.0 Pedestrian
1586 7284 47 1203.0 965.5 44.0 Pedestrian
1587 7296 47 1190.0 965.5 44.0 Pedestrian
1588 7308 47 1179.0 965.5 44.0 Pedestrian
1589 7320 47 1170.0 965.5 44.0 Pedestrian
1590 7332 47 1160.5 965.5 44.0 Pedestrian
1591 7344 47 1153.5 965.5 44.0 Pedestrian
1592 7356 47 1146.0 969.5 44.0 Pedestrian
1593 7368 47 1142.5 973.5 44.0 Pedestrian
1594 7380 47 1140.5 973.5 44.0 Pedestrian
1595 7392 47 1137.0 977.5 44.0 Pedestrian
1596 7404 47 1137.0 982.0 44.0 Pedestrian
1597 7416 47 1137.0 982.0 44.0 Pedestrian
1598 7428 47 1137.0 982.0 44.0 Pedestrian
1599 7440 47 1137.0 982.0 44.0 Pedestrian
1600 7248 59 477.0 694.0 55.0 Pedestrian
1601 7260 59 475.0 694.0 55.0 Pedestrian
1602 7272 59 468.0 690.0 55.0 Pedestrian
1603 7284 59 459.0 690.0 55.0 Pedestrian
1604 7296 59 451.0 690.0 55.0 Pedestrian
1605 7308 59 442.0 690.0 55.0 Pedestrian
1606 7320 59 433.0 690.0 55.0 Pedestrian
1607 7332 59 426.0 690.0 55.0 Pedestrian
1608 7344 59 418.0 690.0 55.0 Pedestrian
1609 7356 59 411.0 690.0 55.0 Pedestrian
1610 7368 59 403.0 690.0 55.0 Pedestrian
1611 7380 59 396.0 686.0 55.0 Pedestrian
1612 7392 59 387.0 686.0 55.0 Pedestrian
1613 7404 59 380.0 682.0 55.0 Pedestrian
1614 7416 59 372.0 682.0 55.0 Pedestrian
1615 7428 59 363.0 686.0 55.0 Pedestrian
1616 7440 59 354.0 686.0 55.0 Pedestrian
1617 7452 59 345.0 690.0 55.0 Pedestrian
1618 7464 59 335.0 694.0 55.0 Pedestrian
1619 7476 59 324.0 694.0 55.0 Pedestrian
1620 7272 72 1016.5 1037.5 67.0 Pedestrian
1621 7284 72 999.5 1025.0 67.0 Pedestrian
1622 7296 72 985.0 1017.0 67.0 Pedestrian
1623 7308 72 968.5 1004.5 67.0 Pedestrian
1624 7320 72 953.5 996.5 67.0 Pedestrian
1625 7332 72 939.0 988.0 67.0 Pedestrian
1626 7344 72 922.5 975.5 67.0 Pedestrian
1627 7356 72 909.5 963.5 67.0 Pedestrian
1628 7368 72 896.5 955.0 67.0 Pedestrian
1629 7380 72 883.5 943.0 67.0 Pedestrian
1630 7392 72 871.0 930.5 67.0 Pedestrian
1631 7404 72 856.0 922.5 67.0 Pedestrian
1632 7416 72 839.5 918.0 67.0 Pedestrian
1633 7428 72 821.5 914.0 67.0 Pedestrian
1634 7440 72 804.5 910.0 67.0 Pedestrian
1635 7452 72 786.5 906.0 67.0 Pedestrian
1636 7464 72 769.5 901.5 67.0 Pedestrian
1637 7476 72 751.5 897.5 67.0 Pedestrian
1638 7488 72 734.5 893.5 67.0 Pedestrian
1639 7500 72 718.0 889.5 67.0 Pedestrian
1640 7344 52 1067.0 1138.0 46.0 Pedestrian
1641 7356 52 1054.0 1134.0 46.0 Pedestrian
1642 7368 52 1039.5 1134.0 46.0 Pedestrian
1643 7380 52 1017.0 1134.0 46.0 Pedestrian
1644 7392 52 997.0 1138.0 46.0 Pedestrian
1645 7404 52 976.5 1138.0 46.0 Pedestrian
1646 7416 52 960.0 1134.0 46.0 Pedestrian
1647 7428 52 941.5 1130.0 46.0 Pedestrian
1648 7440 52 923.5 1126.0 46.0 Pedestrian
1649 7452 52 906.5 1117.5 46.0 Pedestrian
1650 7464 52 892.0 1109.5 46.0 Pedestrian
1651 7476 52 875.5 1105.0 46.0 Pedestrian
1652 7488 52 862.5 1097.0 46.0 Pedestrian
1653 7500 52 851.5 1093.0 46.0 Pedestrian
1654 7512 52 836.0 1080.5 46.0 Pedestrian
1655 7524 52 821.5 1072.5 46.0 Pedestrian
1656 7536 52 806.5 1062.0 46.0 Pedestrian
1657 7548 52 791.5 1052.0 46.0 Pedestrian
1658 7560 52 776.0 1043.5 46.0 Pedestrian
1659 7572 52 762.5 1033.0 46.0 Pedestrian
1660 7356 44 958.5 745.5 42.0 Pedestrian
1661 7368 44 940.0 741.5 42.0 Pedestrian
1662 7380 44 921.5 741.5 42.0 Pedestrian
1663 7392 44 903.0 737.5 42.0 Pedestrian
1664 7404 44 884.5 737.5 42.0 Pedestrian
1665 7416 44 864.5 741.5 42.0 Pedestrian
1666 7428 44 846.0 753.5 42.0 Pedestrian
1667 7440 44 831.5 749.5 42.0 Pedestrian
1668 7452 44 816.5 745.5 42.0 Pedestrian
1669 7464 44 800.0 737.5 42.0 Pedestrian
1670 7476 44 783.5 733.0 42.0 Pedestrian
1671 7488 44 763.0 733.0 42.0 Pedestrian
1672 7500 44 745.0 733.0 42.0 Pedestrian
1673 7512 44 728.0 735.0 42.0 Pedestrian
1674 7524 44 711.5 737.0 42.0 Pedestrian
1675 7536 44 695.0 739.0 42.0 Pedestrian
1676 7548 44 680.5 741.0 42.0 Pedestrian
1677 7560 44 662.0 741.0 42.0 Pedestrian
1678 7572 44 643.5 745.5 42.0 Pedestrian
1679 7584 44 626.0 750.0 42.0 Pedestrian
1680 7452 48 1137.0 982.0 44.0 Pedestrian
1681 7464 48 1137.0 982.0 44.0 Pedestrian
1682 7476 48 1137.0 982.0 44.0 Pedestrian
1683 7488 48 1137.0 982.0 44.0 Pedestrian
1684 7500 48 1137.0 982.0 44.0 Pedestrian
1685 7512 48 1137.0 979.5 44.0 Pedestrian
1686 7524 48 1138.0 979.5 44.0 Pedestrian
1687 7536 48 1139.5 979.5 44.0 Pedestrian
1688 7548 48 1140.5 979.5 44.0 Pedestrian
1689 7560 48 1141.0 981.5 44.0 Pedestrian
1690 7572 48 1143.0 981.5 44.0 Pedestrian
1691 7584 48 1144.0 979.5 44.0 Pedestrian
1692 7596 48 1144.0 979.5 44.0 Pedestrian
1693 7608 48 1146.0 981.5 44.0 Pedestrian
1694 7620 48 1147.0 981.5 44.0 Pedestrian
1695 7632 48 1148.0 981.5 44.0 Pedestrian
1696 7644 48 1149.5 981.5 44.0 Pedestrian
1697 7656 48 1150.5 984.0 44.0 Pedestrian
1698 7668 48 1151.5 982.0 44.0 Pedestrian
1699 7680 48 1152.5 982.0 44.0 Pedestrian
1700 7488 60 313.0 698.0 55.0 Pedestrian
1701 7500 60 302.0 702.5 55.0 Pedestrian
1702 7512 60 290.0 700.0 55.0 Pedestrian
1703 7524 60 280.0 698.0 55.0 Pedestrian
1704 7536 60 269.0 698.0 55.0 Pedestrian
1705 7548 60 259.0 696.0 55.0 Pedestrian
1706 7560 60 248.0 694.0 55.0 Pedestrian
1707 7572 60 237.5 694.0 55.0 Pedestrian
1708 7584 60 227.0 692.0 55.0 Pedestrian
1709 7596 60 216.0 694.0 55.0 Pedestrian
1710 7608 60 206.5 694.0 55.0 Pedestrian
1711 7620 60 195.5 690.0 55.0 Pedestrian
1712 7632 60 190.0 686.0 55.0 Pedestrian
1713 7644 60 184.5 686.0 55.0 Pedestrian
1714 7656 60 177.0 686.0 55.0 Pedestrian
1715 7668 60 170.0 686.0 55.0 Pedestrian
1716 7680 60 162.5 686.0 55.0 Pedestrian
1717 7692 60 153.0 690.0 55.0 Pedestrian
1718 7704 60 146.0 690.0 55.0 Pedestrian
1719 7716 60 138.5 690.0 55.0 Pedestrian
1720 7500 28 781.0 1090.5 25.0 Pedestrian
1721 7512 28 766.0 1074.5 25.0 Pedestrian
1722 7524 28 751.0 1062.0 25.0 Pedestrian
1723 7536 28 738.5 1045.5 25.0 Pedestrian
1724 7548 28 723.5 1033.5 25.0 Pedestrian
1725 7560 28 709.0 1016.5 25.0 Pedestrian
1726 7572 28 696.0 1004.5 25.0 Pedestrian
1727 7584 28 681.0 992.5 25.0 Pedestrian
1728 7596 28 666.5 975.5 25.0 Pedestrian
1729 7608 28 654.0 963.5 25.0 Pedestrian
1730 7620 28 639.0 947.0 25.0 Pedestrian
1731 7632 28 624.0 938.5 25.0 Pedestrian
1732 7644 28 609.5 926.5 25.0 Pedestrian
1733 7656 28 597.0 918.5 25.0 Pedestrian
1734 7668 28 582.0 905.5 25.0 Pedestrian
1735 7680 28 567.0 893.5 25.0 Pedestrian
1736 7692 28 552.5 885.5 25.0 Pedestrian
1737 7704 28 536.0 881.5 25.0 Pedestrian
1738 7716 28 519.5 877.0 25.0 Pedestrian
1739 7728 28 503.0 873.0 25.0 Pedestrian
1740 7512 73 697.0 881.0 67.0 Pedestrian
1741 7524 73 677.5 875.0 67.0 Pedestrian
1742 7536 73 658.0 866.5 67.0 Pedestrian
1743 7548 73 642.0 864.5 67.0 Pedestrian
1744 7560 73 631.0 864.5 67.0 Pedestrian
1745 7572 73 616.0 864.5 67.0 Pedestrian
1746 7584 73 601.0 860.5 67.0 Pedestrian
1747 7596 73 581.0 852.5 67.0 Pedestrian
1748 7608 73 566.0 848.5 67.0 Pedestrian
1749 7620 73 552.0 848.5 67.0 Pedestrian
1750 7632 73 533.0 836.0 67.0 Pedestrian
1751 7644 73 517.0 836.0 67.0 Pedestrian
1752 7656 73 498.0 836.0 67.0 Pedestrian
1753 7668 73 482.0 831.5 67.0 Pedestrian
1754 7680 73 465.0 831.5 67.0 Pedestrian
1755 7692 73 448.5 827.5 67.0 Pedestrian
1756 7704 73 430.0 827.5 67.0 Pedestrian
1757 7716 73 413.5 827.5 67.0 Pedestrian
1758 7728 73 395.0 827.5 67.0 Pedestrian
1759 7740 73 377.0 827.5 67.0 Pedestrian
1760 7584 53 746.5 1023.0 46.0 Pedestrian
1761 7596 53 732.0 1013.0 46.0 Pedestrian
1762 7608 53 717.0 1004.5 46.0 Pedestrian
1763 7620 53 702.5 994.0 46.0 Pedestrian
1764 7632 53 687.0 984.0 46.0 Pedestrian
1765 7644 53 673.0 976.0 46.0 Pedestrian
1766 7656 53 657.5 963.5 46.0 Pedestrian
1767 7668 53 643.0 955.0 46.0 Pedestrian
1768 7680 53 629.0 947.0 46.0 Pedestrian
1769 7692 53 612.5 939.0 46.0 Pedestrian
1770 7704 53 596.0 930.5 46.0 Pedestrian
1771 7716 53 581.0 922.0 46.0 Pedestrian
1772 7728 53 564.5 918.0 46.0 Pedestrian
1773 7740 53 548.0 910.0 46.0 Pedestrian
1774 7752 53 533.0 902.0 46.0 Pedestrian
1775 7764 53 516.5 893.5 46.0 Pedestrian
1776 7776 53 500.0 889.5 46.0 Pedestrian
1777 7788 53 481.5 885.0 46.0 Pedestrian
1778 7800 53 465.0 885.0 46.0 Pedestrian
1779 7812 53 446.5 881.0 46.0 Pedestrian
1780 7596 45 609.5 754.0 42.0 Pedestrian
1781 7608 45 592.0 756.0 42.0 Pedestrian
1782 7620 45 575.5 758.0 42.0 Pedestrian
1783 7632 45 559.0 762.0 42.0 Pedestrian
1784 7644 45 542.0 764.0 42.0 Pedestrian
1785 7656 45 525.0 766.0 42.0 Pedestrian
1786 7668 45 508.5 768.0 42.0 Pedestrian
1787 7680 45 491.0 772.0 42.0 Pedestrian
1788 7692 45 474.5 776.0 42.0 Pedestrian
1789 7704 45 457.5 776.0 42.0 Pedestrian
1790 7716 45 439.5 780.0 42.0 Pedestrian
1791 7728 45 421.0 785.0 42.0 Pedestrian
1792 7740 45 402.5 785.0 42.0 Pedestrian
1793 7752 45 384.5 789.0 42.0 Pedestrian
1794 7764 45 365.5 793.0 42.0 Pedestrian
1795 7776 45 347.5 793.0 42.0 Pedestrian
1796 7788 45 329.0 797.0 42.0 Pedestrian
1797 7800 45 310.5 801.0 42.0 Pedestrian
1798 7812 45 292.5 801.0 42.0 Pedestrian
1799 7824 45 273.5 805.0 42.0 Pedestrian
1800 7596 77 32.5 922.5 68.0 Pedestrian
1801 7608 77 47.5 918.5 68.0 Pedestrian
1802 7620 77 60.0 918.5 68.0 Pedestrian
1803 7632 77 73.0 914.5 68.0 Pedestrian
1804 7644 77 88.0 909.5 68.0 Pedestrian
1805 7656 77 100.5 905.5 68.0 Pedestrian
1806 7668 77 115.5 901.5 68.0 Pedestrian
1807 7680 77 128.5 901.5 68.0 Pedestrian
1808 7692 77 143.0 897.5 68.0 Pedestrian
1809 7704 77 156.0 893.5 68.0 Pedestrian
1810 7716 77 169.0 889.5 68.0 Pedestrian
1811 7728 77 183.5 889.5 68.0 Pedestrian
1812 7740 77 196.5 885.5 68.0 Pedestrian
1813 7752 77 211.0 881.5 68.0 Pedestrian
1814 7764 77 224.0 879.5 68.0 Pedestrian
1815 7776 77 238.5 879.5 68.0 Pedestrian
1816 7788 77 253.5 879.5 68.0 Pedestrian
1817 7800 77 268.0 879.5 68.0 Pedestrian
1818 7812 77 283.0 879.5 68.0 Pedestrian
1819 7824 77 297.5 881.5 68.0 Pedestrian
1820 7692 49 1153.5 982.0 44.0 Pedestrian
1821 7704 49 1154.5 984.0 44.0 Pedestrian
1822 7716 49 1156.5 984.0 44.0 Pedestrian
1823 7728 49 1157.0 984.0 44.0 Pedestrian
1824 7740 49 1158.0 984.0 44.0 Pedestrian
1825 7752 49 1159.5 986.0 44.0 Pedestrian
1826 7764 49 1159.5 986.0 44.0 Pedestrian
1827 7776 49 1159.5 986.0 44.0 Pedestrian
1828 7788 49 1159.5 990.0 44.0 Pedestrian
1829 7800 49 1161.5 990.0 44.0 Pedestrian
1830 7812 49 1161.5 994.0 44.0 Pedestrian
1831 7824 49 1161.5 994.0 44.0 Pedestrian
1832 7836 49 1163.5 998.5 44.0 Pedestrian
1833 7848 49 1163.5 998.5 44.0 Pedestrian
1834 7860 49 1163.5 998.5 44.0 Pedestrian
1835 7872 49 1163.5 998.5 44.0 Pedestrian
1836 7884 49 1163.5 998.5 44.0 Pedestrian
1837 7896 49 1163.5 998.5 44.0 Pedestrian
1838 7908 49 1163.5 998.5 44.0 Pedestrian
1839 7920 49 1163.5 998.5 44.0 Pedestrian
1840 7704 46 1291.5 922.0 43.0 Pedestrian
1841 7716 46 1280.5 922.0 43.0 Pedestrian
1842 7728 46 1269.5 930.5 43.0 Pedestrian
1843 7740 46 1258.5 934.5 43.0 Pedestrian
1844 7752 46 1249.0 939.0 43.0 Pedestrian
1845 7764 46 1238.0 943.0 43.0 Pedestrian
1846 7776 46 1227.0 947.0 43.0 Pedestrian
1847 7788 46 1217.5 951.0 43.0 Pedestrian
1848 7800 46 1210.5 951.0 43.0 Pedestrian
1849 7812 46 1203.0 951.0 43.0 Pedestrian
1850 7824 46 1197.5 951.0 43.0 Pedestrian
1851 7836 46 1190.5 951.0 43.0 Pedestrian
1852 7848 46 1184.5 951.0 43.0 Pedestrian
1853 7860 46 1177.5 951.0 43.0 Pedestrian
1854 7872 46 1171.5 955.0 43.0 Pedestrian
1855 7884 46 1168.0 959.0 43.0 Pedestrian
1856 7896 46 1166.5 963.5 43.0 Pedestrian
1857 7908 46 1162.5 967.5 43.0 Pedestrian
1858 7920 46 1160.5 971.5 43.0 Pedestrian
1859 7932 46 1160.5 971.5 43.0 Pedestrian
1860 7728 61 131.0 690.0 55.0 Pedestrian
1861 7740 61 124.0 690.0 55.0 Pedestrian
1862 7752 61 116.5 694.0 55.0 Pedestrian
1863 7764 61 111.0 694.0 55.0 Pedestrian
1864 7776 61 105.5 694.0 55.0 Pedestrian
1865 7788 61 100.0 694.0 55.0 Pedestrian
1866 7800 61 92.5 694.0 55.0 Pedestrian
1867 7812 61 87.0 694.0 55.0 Pedestrian
1868 7824 61 81.5 694.0 55.0 Pedestrian
1869 7836 61 76.0 694.0 55.0 Pedestrian
1870 7848 61 70.5 694.0 55.0 Pedestrian
1871 7860 61 63.0 694.0 55.0 Pedestrian
1872 7872 61 57.5 694.0 55.0 Pedestrian
1873 7884 61 52.0 698.0 55.0 Pedestrian
1874 7896 61 46.5 698.0 55.0 Pedestrian
1875 7908 61 39.0 694.0 55.0 Pedestrian
1876 7920 61 33.5 690.0 55.0 Pedestrian
1877 7932 61 30.0 682.0 55.0 Pedestrian
1878 7944 61 24.5 673.5 55.0 Pedestrian
1879 7956 61 19.0 669.5 55.0 Pedestrian
1880 7740 29 486.0 864.5 25.0 Pedestrian
1881 7752 29 470.0 860.5 25.0 Pedestrian
1882 7764 29 453.0 856.5 25.0 Pedestrian
1883 7776 29 436.5 852.5 25.0 Pedestrian
1884 7788 29 416.0 848.5 25.0 Pedestrian
1885 7800 29 394.0 844.5 25.0 Pedestrian
1886 7812 29 374.0 840.0 25.0 Pedestrian
1887 7824 29 352.0 840.0 25.0 Pedestrian
1888 7836 29 330.0 836.0 25.0 Pedestrian
1889 7848 29 309.5 831.5 25.0 Pedestrian
1890 7860 29 287.5 827.5 25.0 Pedestrian
1891 7872 29 267.0 827.5 25.0 Pedestrian
1892 7884 29 247.0 823.5 25.0 Pedestrian
1893 7896 29 227.0 823.5 25.0 Pedestrian
1894 7908 29 208.5 823.5 25.0 Pedestrian
1895 7920 29 188.0 823.5 25.0 Pedestrian
1896 7932 29 170.0 823.5 25.0 Pedestrian
1897 7944 29 149.5 823.5 25.0 Pedestrian
1898 7956 29 129.0 823.5 25.0 Pedestrian
1899 7968 29 111.0 823.5 25.0 Pedestrian
1900 7752 74 358.0 831.5 67.0 Pedestrian
1901 7764 74 340.0 831.5 67.0 Pedestrian
1902 7776 74 320.0 836.0 67.0 Pedestrian
1903 7788 74 301.0 836.0 67.0 Pedestrian
1904 7800 74 283.0 840.0 67.0 Pedestrian
1905 7812 74 263.0 844.5 67.0 Pedestrian
1906 7824 74 244.0 844.5 67.0 Pedestrian
1907 7836 74 226.0 848.5 67.0 Pedestrian
1908 7848 74 207.5 848.5 67.0 Pedestrian
1909 7860 74 189.0 852.5 67.0 Pedestrian
1910 7872 74 169.0 856.5 67.0 Pedestrian
1911 7884 74 150.0 860.5 67.0 Pedestrian
1912 7896 74 132.0 860.5 67.0 Pedestrian
1913 7908 74 114.0 864.5 67.0 Pedestrian
1914 7920 74 95.0 868.5 67.0 Pedestrian
1915 7932 74 77.0 868.5 67.0 Pedestrian
1916 7944 74 60.0 864.5 67.0 Pedestrian
1917 7956 74 44.5 860.5 67.0 Pedestrian
1918 7968 74 29.0 854.5 67.0 Pedestrian
1919 7980 74 18.5 854.5 67.0 Pedestrian
1920 7824 54 430.0 877.0 46.0 Pedestrian
1921 7836 54 411.5 873.0 46.0 Pedestrian
1922 7848 54 395.0 873.0 46.0 Pedestrian
1923 7860 54 377.0 869.0 46.0 Pedestrian
1924 7872 54 358.5 865.0 46.0 Pedestrian
1925 7884 54 342.0 860.5 46.0 Pedestrian
1926 7896 54 323.5 860.5 46.0 Pedestrian
1927 7908 54 307.0 856.5 46.0 Pedestrian
1928 7920 54 288.5 852.5 46.0 Pedestrian
1929 7932 54 272.0 848.0 46.0 Pedestrian
1930 7944 54 253.5 848.0 46.0 Pedestrian
1931 7956 54 237.0 844.0 46.0 Pedestrian
1932 7968 54 218.5 844.0 46.0 Pedestrian
1933 7980 54 202.0 844.0 46.0 Pedestrian
1934 7992 54 185.5 844.0 46.0 Pedestrian
1935 8004 54 167.0 842.0 46.0 Pedestrian
1936 8016 54 150.5 840.0 46.0 Pedestrian
1937 8028 54 133.0 840.0 46.0 Pedestrian
1938 8040 54 116.5 838.0 46.0 Pedestrian
1939 8052 54 98.0 836.0 46.0 Pedestrian
1940 7836 78 312.5 881.5 68.0 Pedestrian
1941 7848 78 327.0 881.5 68.0 Pedestrian
1942 7860 78 342.0 881.5 68.0 Pedestrian
1943 7872 78 356.5 883.5 68.0 Pedestrian
1944 7884 78 371.0 883.5 68.0 Pedestrian
1945 7896 78 386.0 883.5 68.0 Pedestrian
1946 7908 78 400.5 883.5 68.0 Pedestrian
1947 7920 78 416.0 885.5 68.0 Pedestrian
1948 7932 78 429.0 881.0 68.0 Pedestrian
1949 7944 78 444.0 881.0 68.0 Pedestrian
1950 7956 78 458.5 877.0 68.0 Pedestrian
1951 7968 78 473.5 877.0 68.0 Pedestrian
1952 7980 78 488.0 873.0 68.0 Pedestrian
1953 7992 78 501.0 873.0 68.0 Pedestrian
1954 8004 78 516.0 871.0 68.0 Pedestrian
1955 8016 78 532.0 873.0 68.0 Pedestrian
1956 8028 78 547.0 871.0 68.0 Pedestrian
1957 8040 78 562.5 873.0 68.0 Pedestrian
1958 8052 78 579.0 871.0 68.0 Pedestrian
1959 8064 78 596.0 871.0 68.0 Pedestrian
1960 7932 50 1163.5 998.5 44.0 Pedestrian
1961 7944 50 1163.5 998.5 44.0 Pedestrian
1962 7956 50 1163.5 998.5 44.0 Pedestrian
1963 7968 50 1163.5 998.5 44.0 Pedestrian
1964 7980 50 1163.5 998.5 44.0 Pedestrian
1965 7992 50 1163.5 998.5 44.0 Pedestrian
1966 8004 50 1162.5 996.5 44.0 Pedestrian
1967 8016 50 1162.5 996.5 44.0 Pedestrian
1968 8028 50 1162.5 996.5 44.0 Pedestrian
1969 8040 50 1162.5 996.5 44.0 Pedestrian
1970 8052 50 1162.5 996.5 44.0 Pedestrian
1971 8064 50 1161.5 996.5 44.0 Pedestrian
1972 8076 50 1162.5 996.5 44.0 Pedestrian
1973 8088 50 1162.5 996.5 44.0 Pedestrian
1974 8100 50 1162.5 996.5 44.0 Pedestrian
1975 8112 50 1161.5 996.5 44.0 Pedestrian
1976 8124 50 1161.5 996.5 44.0 Pedestrian
1977 8136 50 1161.5 996.5 44.0 Pedestrian
1978 8148 50 1161.5 996.5 44.0 Pedestrian
1979 8160 50 1161.5 996.5 44.0 Pedestrian
1980 7992 75 18.97 857.22 67.0 Pedestrian
1981 8004 75 19.31 859.14 67.0 Pedestrian
1982 8016 75 19.64 861.07 67.0 Pedestrian
1983 8028 75 19.98 862.99 67.0 Pedestrian
1984 8040 75 20.31 864.91 67.0 Pedestrian
1985 8052 75 20.64 866.83 67.0 Pedestrian
1986 8064 75 20.98 868.75 67.0 Pedestrian
1987 8076 75 21.31 870.68 67.0 Pedestrian
1988 8088 75 21.65 872.6 67.0 Pedestrian
1989 8100 75 21.98 874.52 67.0 Pedestrian
1990 8112 75 22.32 876.44 67.0 Pedestrian
1991 8124 75 22.65 878.36 67.0 Pedestrian
1992 8136 75 22.98 880.29 67.0 Pedestrian
1993 8148 75 23.32 882.21 67.0 Pedestrian
1994 8160 75 23.65 884.13 67.0 Pedestrian
1995 8172 75 23.99 886.05 67.0 Pedestrian
1996 8184 75 24.32 887.97 67.0 Pedestrian
1997 8196 75 24.66 889.9 67.0 Pedestrian
1998 8208 75 24.99 891.82 67.0 Pedestrian
1999 8220 75 25.32 893.74 67.0 Pedestrian
2000 8076 79 612.5 871.0 68.0 Pedestrian
2001 8088 79 627.0 867.0 68.0 Pedestrian
2002 8100 79 638.0 867.0 68.0 Pedestrian
2003 8112 79 649.0 867.0 68.0 Pedestrian
2004 8124 79 660.0 867.0 68.0 Pedestrian
2005 8136 79 676.5 867.0 68.0 Pedestrian
2006 8148 79 695.0 867.0 68.0 Pedestrian
2007 8160 79 708.0 867.0 68.0 Pedestrian
2008 8172 79 721.0 867.0 68.0 Pedestrian
2009 8184 79 737.5 867.0 68.0 Pedestrian
2010 8196 79 757.5 867.0 68.0 Pedestrian
2011 8208 79 772.5 863.0 68.0 Pedestrian
2012 8220 79 787.0 863.0 68.0 Pedestrian
2013 8232 79 802.0 859.0 68.0 Pedestrian
2014 8244 79 815.0 859.0 68.0 Pedestrian
2015 8256 79 829.5 859.0 68.0 Pedestrian
2016 8268 79 844.0 854.0 68.0 Pedestrian
2017 8280 79 857.0 854.0 68.0 Pedestrian
2018 8292 79 872.0 850.0 68.0 Pedestrian
2019 8304 79 884.5 846.0 68.0 Pedestrian
2020 8172 51 1161.5 996.5 44.0 Pedestrian
2021 8184 51 1161.5 996.5 44.0 Pedestrian
2022 8196 51 1161.5 996.5 44.0 Pedestrian
2023 8208 51 1161.5 996.5 44.0 Pedestrian
2024 8220 51 1161.0 996.5 44.0 Pedestrian
2025 8232 51 1162.0 996.5 44.0 Pedestrian
2026 8244 51 1162.0 996.5 44.0 Pedestrian
2027 8256 51 1162.0 996.5 44.0 Pedestrian
2028 8268 51 1161.0 996.5 44.0 Pedestrian
2029 8280 51 1161.0 996.5 44.0 Pedestrian
2030 8292 51 1161.0 996.5 44.0 Pedestrian
2031 8304 51 1161.5 996.5 44.0 Pedestrian
2032 8316 51 1161.5 996.5 44.0 Pedestrian
2033 8328 51 1160.5 996.5 44.0 Pedestrian
2034 8340 51 1160.5 996.5 44.0 Pedestrian
2035 8352 51 1160.5 996.5 44.0 Pedestrian
2036 8364 51 1160.5 996.5 44.0 Pedestrian
2037 8376 51 1159.5 996.5 44.0 Pedestrian
2038 8388 51 1160.5 996.5 44.0 Pedestrian
2039 8400 51 1160.5 996.5 44.0 Pedestrian
2040 8232 76 24.5 893.5 67.0 Pedestrian
2041 8244 76 24.5 893.5 67.0 Pedestrian
2042 8256 76 24.5 897.5 67.0 Pedestrian
2043 8268 76 26.5 897.5 67.0 Pedestrian
2044 8280 76 26.5 902.0 67.0 Pedestrian
2045 8292 76 26.5 902.0 67.0 Pedestrian
2046 8304 76 26.5 904.0 67.0 Pedestrian
2047 8316 76 26.5 908.0 67.0 Pedestrian
2048 8328 76 26.5 908.0 67.0 Pedestrian
2049 8340 76 42.5 908.0 67.0 Pedestrian
2050 8352 76 72.5 908.0 67.0 Pedestrian
2051 8364 76 103.5 908.0 67.0 Pedestrian
2052 8376 76 132.5 908.0 67.0 Pedestrian
2053 8388 76 164.5 908.0 67.0 Pedestrian
2054 8400 76 193.5 904.0 67.0 Pedestrian
2055 8412 76 224.5 904.0 67.0 Pedestrian
2056 8424 76 254.5 904.0 67.0 Pedestrian
2057 8436 76 285.5 904.0 67.0 Pedestrian
2058 8448 76 315.5 895.5 67.0 Pedestrian
2059 8460 76 344.5 883.0 67.0 Pedestrian
2060 8316 80 899.5 838.0 68.0 Pedestrian
2061 8328 80 912.5 834.0 68.0 Pedestrian
2062 8340 80 925.0 830.0 68.0 Pedestrian
2063 8352 80 940.0 826.0 68.0 Pedestrian
2064 8364 80 953.0 817.0 68.0 Pedestrian
2065 8376 80 965.5 813.0 68.0 Pedestrian
2066 8388 80 980.5 809.0 68.0 Pedestrian
2067 8400 80 993.0 805.0 68.0 Pedestrian
2068 8412 80 1006.0 801.0 68.0 Pedestrian
2069 8424 80 1021.0 797.0 68.0 Pedestrian
2070 8436 80 1033.5 793.0 68.0 Pedestrian
2071 8448 80 1048.5 789.0 68.0 Pedestrian
2072 8460 80 1061.5 789.0 68.0 Pedestrian
2073 8472 80 1076.0 785.0 68.0 Pedestrian
2074 8484 80 1091.0 785.0 68.0 Pedestrian
2075 8496 80 1105.5 785.0 68.0 Pedestrian
2076 8508 80 1117.5 782.5 68.0 Pedestrian
2077 8520 80 1130.5 782.5 68.0 Pedestrian
2078 8532 80 1142.5 784.5 68.0 Pedestrian
2079 8544 80 1154.0 782.5 68.0 Pedestrian
2080 8496 81 543.0 1181.0 70.0 Pedestrian
2081 8508 81 520.0 1171.0 70.0 Pedestrian
2082 8520 81 499.0 1168.5 70.0 Pedestrian
2083 8532 81 477.0 1166.5 70.0 Pedestrian
2084 8544 81 459.0 1166.5 70.0 Pedestrian
2085 8556 81 444.0 1166.5 70.0 Pedestrian
2086 8568 81 429.0 1166.5 70.0 Pedestrian
2087 8580 81 414.5 1166.5 70.0 Pedestrian
2088 8592 81 400.0 1171.0 70.0 Pedestrian
2089 8604 81 385.0 1171.0 70.0 Pedestrian
2090 8616 81 370.0 1171.0 70.0 Pedestrian
2091 8628 81 356.0 1171.0 70.0 Pedestrian
2092 8640 81 341.0 1175.5 70.0 Pedestrian
2093 8652 81 326.0 1175.5 70.0 Pedestrian
2094 8664 81 311.0 1175.5 70.0 Pedestrian
2095 8676 81 297.0 1175.5 70.0 Pedestrian
2096 8688 81 282.0 1179.5 70.0 Pedestrian
2097 8700 81 267.0 1179.5 70.0 Pedestrian
2098 8712 81 253.0 1179.5 70.0 Pedestrian
2099 8724 81 238.0 1179.5 70.0 Pedestrian
2100 8496 82 515.0 1226.0 71.0 Pedestrian
2101 8508 82 522.0 1203.5 71.0 Pedestrian
2102 8520 82 535.0 1199.5 71.0 Pedestrian
2103 8532 82 546.0 1191.5 71.0 Pedestrian
2104 8544 82 559.0 1189.5 71.0 Pedestrian
2105 8556 82 572.0 1189.5 71.0 Pedestrian
2106 8568 82 584.0 1189.5 71.0 Pedestrian
2107 8580 82 596.5 1189.5 71.0 Pedestrian
2108 8592 82 609.5 1189.5 71.0 Pedestrian
2109 8604 82 622.5 1187.5 71.0 Pedestrian
2110 8616 82 639.0 1187.5 71.0 Pedestrian
2111 8628 82 655.5 1187.5 71.0 Pedestrian
2112 8640 82 672.0 1187.5 71.0 Pedestrian
2113 8652 82 688.5 1187.5 71.0 Pedestrian
2114 8664 82 705.0 1183.5 71.0 Pedestrian
2115 8676 82 722.0 1183.5 71.0 Pedestrian
2116 8688 82 738.5 1183.5 71.0 Pedestrian
2117 8700 82 755.0 1183.5 71.0 Pedestrian
2118 8712 82 771.5 1183.5 71.0 Pedestrian
2119 8724 82 788.0 1179.5 71.0 Pedestrian
2120 8496 84 719.5 1154.5 75.0 Pedestrian
2121 8508 84 702.5 1154.5 75.0 Pedestrian
2122 8520 84 686.0 1154.5 75.0 Pedestrian
2123 8532 84 669.0 1158.5 75.0 Pedestrian
2124 8544 84 653.0 1158.5 75.0 Pedestrian
2125 8556 84 636.0 1162.5 75.0 Pedestrian
2126 8568 84 620.0 1162.5 75.0 Pedestrian
2127 8580 84 603.0 1166.5 75.0 Pedestrian
2128 8592 84 586.5 1166.5 75.0 Pedestrian
2129 8604 84 572.0 1171.0 75.0 Pedestrian
2130 8616 84 555.0 1171.0 75.0 Pedestrian
2131 8628 84 539.0 1175.5 75.0 Pedestrian
2132 8640 84 522.0 1175.5 75.0 Pedestrian
2133 8652 84 505.5 1175.5 75.0 Pedestrian
2134 8664 84 489.0 1175.5 75.0 Pedestrian
2135 8676 84 472.5 1175.5 75.0 Pedestrian
2136 8688 84 456.0 1175.5 75.0 Pedestrian
2137 8700 84 439.0 1175.5 75.0 Pedestrian
2138 8712 84 421.0 1175.5 75.0 Pedestrian
2139 8724 84 404.0 1175.5 75.0 Pedestrian
2140 8736 83 804.5 1179.5 71.0 Pedestrian
2141 8748 83 821.0 1179.5 71.0 Pedestrian
2142 8760 83 838.0 1179.5 71.0 Pedestrian
2143 8772 83 854.5 1179.5 71.0 Pedestrian
2144 8784 83 871.0 1175.5 71.0 Pedestrian
2145 8796 83 887.5 1175.5 71.0 Pedestrian
2146 8808 83 904.0 1175.5 71.0 Pedestrian
2147 8820 83 920.5 1175.5 71.0 Pedestrian
2148 8832 83 937.0 1175.5 71.0 Pedestrian
2149 8844 83 953.5 1175.5 71.0 Pedestrian
2150 8856 83 970.0 1175.5 71.0 Pedestrian
2151 8868 83 988.5 1175.5 71.0 Pedestrian
2152 8880 83 1003.5 1179.5 71.0 Pedestrian
2153 8892 83 1012.5 1179.5 71.0 Pedestrian
2154 8904 83 1022.0 1179.5 71.0 Pedestrian
2155 8916 83 1033.0 1179.5 71.0 Pedestrian
2156 8928 83 1042.0 1179.5 71.0 Pedestrian
2157 8940 83 1053.0 1183.5 71.0 Pedestrian
2158 8952 83 1062.0 1183.5 71.0 Pedestrian
2159 8964 83 1071.5 1183.5 71.0 Pedestrian
2160 8736 85 388.0 1171.0 75.0 Pedestrian
2161 8748 85 371.0 1171.0 75.0 Pedestrian
2162 8760 85 355.0 1171.0 75.0 Pedestrian
2163 8772 85 338.0 1171.0 75.0 Pedestrian
2164 8784 85 321.5 1171.0 75.0 Pedestrian
2165 8796 85 305.0 1171.0 75.0 Pedestrian
2166 8808 85 288.5 1171.0 75.0 Pedestrian
2167 8820 85 272.0 1166.5 75.0 Pedestrian
2168 8832 85 253.5 1166.5 75.0 Pedestrian
2169 8844 85 237.0 1166.5 75.0 Pedestrian
2170 8856 85 220.0 1166.5 75.0 Pedestrian
2171 8868 85 204.0 1166.5 75.0 Pedestrian
2172 8880 85 187.0 1166.5 75.0 Pedestrian
2173 8892 85 171.0 1166.5 75.0 Pedestrian
2174 8904 85 154.0 1166.5 75.0 Pedestrian
2175 8916 85 137.5 1166.5 75.0 Pedestrian
2176 8928 85 121.0 1171.0 75.0 Pedestrian
2177 8940 85 106.0 1171.0 75.0 Pedestrian
2178 8952 85 90.0 1175.5 75.0 Pedestrian
2179 8964 85 73.0 1175.5 75.0 Pedestrian
