800 2.0 13.64 5.8
810 2.0 12.09 5.75
820 2.0 11.37 5.8
830 2.0 10.31 5.97
840 2.0 9.57 6.24
850 2.0 8.73 6.34
860 2.0 7.94 6.5
870 2.0 7.17 6.62
830 3.0 12.49 6.6
840 3.0 11.94 6.77
850 3.0 11.03 6.84
860 3.0 10.21 6.81
870 3.0 9.36 6.85
880 3.0 8.59 6.85
890 3.0 7.78 6.84
900 3.0 6.96 6.84
1050 11.0 12.51 6.19
1060 11.0 11.54 6.03
1070 11.0 10.96 5.97
1080 11.0 10.29 6.12
1090 11.0 9.88 6.21
1100 11.0 9.54 6.09
1110 11.0 8.87 5.99
1120 11.0 8.04 5.66
1050 12.0 12.09 6.95
1060 12.0 11.4 6.93
1070 12.0 10.7 6.87
1080 12.0 10.07 6.73
1090 12.0 9.45 6.51
1100 12.0 8.9 6.33
1110 12.0 8.21 6.23
1120 12.0 7.49 6.06
2860 51.0 7.05 8.44
2870 51.0 7.05 8.44
2880 51.0 7.05 8.44
2890 51.0 7.05 8.44
2900 51.0 7.05 8.44
2910 51.0 7.05 8.44
2920 51.0 7.05 8.44
2930 51.0 7.05 8.44
2860 52.0 8.09 8.84
2870 52.0 8.09 8.84
2880 52.0 8.09 8.84
2890 52.0 8.09 8.84
2900 52.0 8.09 8.84
2910 52.0 8.09 8.84
2920 52.0 8.09 8.84
2930 52.0 8.09 8.84
2860 56.0 12.32 3.35
2870 56.0 12.42 3.22
2880 56.0 12.49 3.21
2890 56.0 12.65 3.36
2900 56.0 12.79 3.45
2910 56.0 12.79 3.47
2920 56.0 12.79 3.38
2930 56.0 12.78 3.16
4330 79.0 -3.78 5.15
4340 79.0 -3.09 5.12
4350 79.0 -2.34 5.19
4360 79.0 -1.61 5.17
4370 79.0 -0.84 5.31
4380 79.0 -0.13 5.27
4390 79.0 0.61 5.36
4400 79.0 1.38 5.43
6420 126.0 -5.19 6.38
6430 126.0 -4.3 6.5
6440 126.0 -3.36 6.56
6450 126.0 -2.42 6.51
6460 126.0 -1.39 6.39
6470 126.0 -0.56 6.38
6480 126.0 0.26 6.18
6490 126.0 1.27 6.02
6420 127.0 -5.45 7.31
6430 127.0 -4.56 7.42
6440 127.0 -3.66 7.48
6450 127.0 -2.72 7.42
6460 127.0 -1.59 7.31
6470 127.0 -0.59 7.22
6480 127.0 0.36 7.14
6490 127.0 1.32 7.05
8120 171.0 -0.68 8.4
8130 171.0 -0.71 8.35
8140 171.0 -0.91 8.42
8150 171.0 -1.08 8.47
8160 171.0 -1.24 8.36
8170 171.0 -1.53 8.27
8180 171.0 -1.87 8.41
8190 171.0 -1.91 8.44
8320 172.0 -1.52 8.59
8330 172.0 -1.52 8.59
8340 172.0 -1.52 8.59
8350 172.0 -1.52 8.59
8360 172.0 -1.52 8.59
8370 172.0 -1.97 8.35
8380 172.0 -2.04 8.35
8390 172.0 -2.41 8.33
8520 173.0 -3.05 8.05
8530 173.0 -3.05 8.05
8540 173.0 -3.05 8.05
8550 173.0 -2.6 8.07
8560 173.0 -2.51 7.78
8570 173.0 -2.38 7.73
8580 173.0 -1.91 7.79
8590 173.0 -1.54 7.72
8720 174.0 3.94 8.17
8730 174.0 4.33 8.23
8740 174.0 4.73 8.38
8750 174.0 5.04 8.46
8760 174.0 5.33 8.54
8770 174.0 5.87 8.6
8780 174.0 6.27 8.5
8790 174.0 6.7 8.4
8890 195.0 12.71 4.95
8900 195.0 11.82 4.59
8910 195.0 10.96 4.34
8920 195.0 9.86 4.25
8930 195.0 9.11 4.13
8940 195.0 8.16 3.99
8950 195.0 7.27 3.93
8960 195.0 6.39 3.81
8900 196.0 13.43 5.21
8910 196.0 12.66 5.11
8920 196.0 11.82 4.85
8930 196.0 10.98 4.75
8940 196.0 10.18 4.55
8950 196.0 9.41 4.41
8960 196.0 8.72 4.26
8970 196.0 7.99 4.03
8910 197.0 12.43 6.04
8920 197.0 11.5 6.03
8930 197.0 10.81 5.8
8940 197.0 10.28 5.52
8950 197.0 9.8 5.22
8960 197.0 8.97 4.98
8970 197.0 8.18 4.88
8980 197.0 7.24 4.8
8920 175.0 5.78 7.73
8930 175.0 5.4 7.69
8940 175.0 4.99 7.72
8950 175.0 4.59 7.71
8960 175.0 4.13 7.78
8970 175.0 3.73 7.92
8980 175.0 3.3 7.97
8990 175.0 2.87 8.04
9300 216.0 -4.26 8.11
9310 216.0 -3.98 8.01
9320 216.0 -3.84 7.96
9330 216.0 -3.31 8.21
9340 216.0 -2.9 8.26
9350 216.0 -2.79 8.41
9360 216.0 -2.51 8.43
9370 216.0 -2.23 8.46
9500 217.0 -2.25 8.28
9510 217.0 -2.78 8.5
9520 217.0 -2.81 8.44
9530 217.0 -2.98 8.14
9540 217.0 -2.98 8.14
9550 217.0 -3.27 8.07
9560 217.0 -3.27 8.07
9570 217.0 -3.27 8.07
9680 230.0 -3.11 5.32
9690 230.0 -2.09 5.21
9700 230.0 -1.28 5.33
9710 230.0 -0.44 5.26
9720 230.0 0.45 5.28
9730 230.0 1.34 5.34
9740 230.0 2.28 5.27
9750 230.0 3.18 5.2
9680 231.0 -3.38 4.31
9690 231.0 -2.48 4.25
9700 231.0 -1.51 4.28
9710 231.0 -0.43 4.34
9720 231.0 0.48 4.39
9730 231.0 1.36 4.49
9740 231.0 2.24 4.5
9750 231.0 3.05 4.41
9700 218.0 -4.84 7.8
9710 218.0 -4.84 7.84
9720 218.0 -4.84 7.84
9730 218.0 -4.84 7.84
9740 218.0 -4.84 7.84
9750 218.0 -4.84 7.84
9760 218.0 -4.78 7.79
9770 218.0 -4.83 7.83
9920 238.0 -2.36 6.64
9930 238.0 -1.3 6.46
9940 238.0 -0.52 6.38
9950 238.0 0.43 6.41
9960 238.0 1.29 6.33
9970 238.0 2.26 6.48
9980 238.0 3.12 6.62
9990 238.0 4.01 6.58
9920 240.0 -1.57 5.57
9930 240.0 -0.74 5.53
9940 240.0 0.07 5.49
9950 240.0 1.01 5.49
9960 240.0 1.95 5.41
9970 240.0 2.87 5.33
9980 240.0 3.75 5.37
9990 240.0 4.62 5.47
10120 239.0 11.78 4.76
10130 239.0 12.07 4.78
10140 239.0 12.29 4.67
10150 239.0 12.34 4.69
10160 239.0 12.31 4.69
10170 239.0 12.31 4.67
10180 239.0 12.31 4.62
10190 239.0 12.31 4.62
10250 257.0 12.62 6.95
10260 257.0 11.68 7.09
10270 257.0 10.74 7.2
10280 257.0 9.72 7.1
10290 257.0 8.73 7.09
10300 257.0 7.74 6.97
10310 257.0 6.86 6.75
10320 257.0 6.04 6.45
10250 258.0 -1.72 7.41
10260 258.0 -0.77 7.3
10270 258.0 0.16 7.28
10280 258.0 1.05 7.19
10290 258.0 1.96 7.18
10300 258.0 2.91 7.26
10310 258.0 3.6 7.4
10320 258.0 4.43 7.61
10250 259.0 -2.22 6.66
10260 259.0 -1.22 6.45
10270 259.0 -0.17 6.32
10280 259.0 0.82 6.31
10290 259.0 1.74 6.31
10300 259.0 2.64 6.36
10310 259.0 3.46 6.61
10320 259.0 4.33 6.82
10260 260.0 12.23 6.63
10270 260.0 11.23 6.65
10280 260.0 10.06 6.75
10290 260.0 9.18 6.58
10300 260.0 8.13 6.48
10310 260.0 7.21 6.05
10320 260.0 6.24 5.75
10330 260.0 5.24 5.55
10280 261.0 12.7 7.0
10290 261.0 11.59 7.14
10300 261.0 10.83 7.5
10310 261.0 9.75 7.48
10320 261.0 8.72 7.31
10330 261.0 7.78 6.96
10340 261.0 6.79 6.6
10350 261.0 5.8 6.27
10300 263.0 -1.98 5.1
10310 263.0 -1.02 5.22
10320 263.0 -0.19 5.44
10330 263.0 0.7 5.76
10340 263.0 1.57 6.1
10350 263.0 2.59 6.4
10360 263.0 3.57 6.63
10370 263.0 4.4 6.8
10300 264.0 -2.16 5.98
10310 264.0 -1.26 5.98
10320 264.0 -0.39 6.18
10330 264.0 0.55 6.44
10340 264.0 1.42 6.73
10350 264.0 2.39 7.07
10360 264.0 3.33 7.35
10370 264.0 4.17 7.58
10300 265.0 -2.07 1.9
10310 265.0 -1.21 1.87
10320 265.0 -0.13 1.95
10330 265.0 0.94 2.13
10340 265.0 2.0 2.21
10350 265.0 3.0 2.25
10360 265.0 4.02 2.4
10370 265.0 4.97 2.58
10300 267.0 -2.0 3.25
10310 267.0 -1.08 3.39
10320 267.0 -0.2 3.41
10330 267.0 0.67 3.39
10340 267.0 1.68 3.38
10350 267.0 2.48 3.53
10360 267.0 3.43 3.69
10370 267.0 4.47 3.96
10300 268.0 -1.38 3.89
10310 268.0 -0.79 4.0
10320 268.0 0.37 4.03
10330 268.0 1.07 4.02
10340 268.0 1.94 3.85
10350 268.0 2.71 4.04
10360 268.0 3.56 4.44
10370 268.0 4.55 4.63
10690 303.0 12.9 6.16
10700 303.0 12.31 6.32
10710 303.0 11.61 6.67
10720 303.0 10.95 7.1
10730 303.0 10.28 7.37
10740 303.0 9.63 7.55
10750 303.0 8.91 7.66
10760 303.0 8.16 7.78
10850 316.0 -1.87 6.4
10860 316.0 -1.33 6.37
10870 316.0 -0.74 6.32
10880 316.0 -0.14 6.18
10890 316.0 0.48 6.05
10900 316.0 1.15 5.98
10910 316.0 1.81 5.91
10920 316.0 2.48 5.94
11210 320.0 12.0 4.35
11220 320.0 11.3 4.09
11230 320.0 10.61 3.98
11240 320.0 10.0 3.72
11250 320.0 9.23 3.66
11260 320.0 8.56 3.47
11270 320.0 7.98 3.27
11280 320.0 7.52 3.12
11280 329.0 -2.76 -0.13
11290 329.0 -2.04 0.53
11300 329.0 -1.18 1.02
11310 329.0 -0.36 1.48
11320 329.0 0.34 1.92
11330 329.0 0.84 2.35
11340 329.0 1.59 2.64
11350 329.0 2.39 2.91
11280 327.0 -2.8 1.84
11290 327.0 -1.78 2.39
11300 327.0 -1.07 2.78
11310 327.0 -0.26 2.95
11320 327.0 0.54 3.13
11330 327.0 1.32 3.32
11340 327.0 2.04 3.54
11350 327.0 2.79 3.76
11280 328.0 -3.58 0.19
11290 328.0 -2.85 0.85
11300 328.0 -1.78 1.47
11310 328.0 -0.96 1.92
11320 328.0 -0.3 2.33
11330 328.0 0.25 2.67
11340 328.0 1.01 3.01
11350 328.0 1.81 3.28
11310 331.0 -4.43 4.56
11320 331.0 -3.49 4.94
11330 331.0 -2.7 5.35
11340 331.0 -1.67 5.66
11350 331.0 -0.58 5.9
11360 331.0 0.4 6.2
11370 331.0 1.43 6.46
11380 331.0 2.43 6.6
11840 342.0 10.64 4.9
11850 342.0 9.73 4.76
11860 342.0 8.75 4.6
11870 342.0 7.84 4.56
11880 342.0 6.88 4.5
11890 342.0 5.99 4.48
11900 342.0 5.08 4.47
11910 342.0 4.17 4.43
11880 348.0 13.41 5.46
11890 348.0 12.4 5.01
11900 348.0 11.32 4.73
11910 348.0 10.24 4.56
11920 348.0 9.14 4.44
11930 348.0 8.1 4.53
11940 348.0 6.97 4.6
11950 348.0 5.71 4.73
11930 350.0 -4.99 5.19
11940 350.0 -3.91 5.18
11950 350.0 -3.05 5.23
11960 350.0 -2.12 5.27
11970 350.0 -0.94 5.31
11980 350.0 -0.26 5.57
11990 350.0 0.83 5.71
12000 350.0 1.83 5.83
11940 353.0 -4.79 -0.26
11950 353.0 -4.04 0.44
11960 353.0 -3.12 1.03
11970 353.0 -2.13 1.65
11980 353.0 -1.07 2.05
11990 353.0 -0.1 2.48
12000 353.0 0.91 2.96
12010 353.0 1.95 3.38
11970 355.0 -2.4 10.55
11980 355.0 -1.66 9.9
11990 355.0 -0.84 9.56
12000 355.0 -0.19 8.92
12010 355.0 0.51 8.54
12020 355.0 1.38 8.29
12030 355.0 2.2 8.09
12040 355.0 3.05 7.92
12020 358.0 -6.55 7.2
12030 358.0 -6.05 7.26
12040 358.0 -5.49 7.27
12050 358.0 -4.99 7.41
12060 358.0 -4.5 7.46
12070 358.0 -4.07 7.51
12080 358.0 -3.78 7.53
12090 358.0 -3.23 7.55
12020 357.0 -6.4 6.26
12030 357.0 -5.94 6.35
12040 357.0 -5.34 6.43
12050 357.0 -4.84 6.53
12060 357.0 -4.35 6.61
12070 357.0 -3.81 6.69
12080 357.0 -3.37 6.74
12090 357.0 -3.06 6.74
12020 359.0 -4.9 12.67
12030 359.0 -4.12 12.14
12040 359.0 -3.37 11.66
12050 359.0 -2.77 11.06
12060 359.0 -1.92 10.43
12070 359.0 -0.95 9.91
12080 359.0 -0.16 9.39
12090 359.0 0.74 8.91
