0.0000 45.0000 -3.4750 41.2410
0.0000 21.0000 -17.4110 32.1330
0.0000 18.0000 15.7500 30.9180
12.0000 18.0000 15.2020 30.9180
12.0000 21.0000 -17.5480 31.7230
12.0000 45.0000 -3.7490 40.8300
24.0000 21.0000 -17.6160 31.2780
24.0000 18.0000 14.6540 30.9180
24.0000 45.0000 -4.0230 40.5220
36.0000 45.0000 -4.2110 40.1110
36.0000 18.0000 14.1240 30.9180
36.0000 21.0000 -17.7530 30.8320
48.0000 45.0000 -4.4170 39.6660
48.0000 21.0000 -17.8220 30.4220
48.0000 18.0000 13.5760 31.2090
60.0000 45.0000 -4.6220 39.2380
60.0000 21.0000 -17.9410 29.9760
60.0000 18.0000 13.0450 31.4830
72.0000 21.0000 -18.0100 29.5660
72.0000 18.0000 12.5660 31.6370
72.0000 45.0000 -4.8280 38.8100
84.0000 21.0000 -18.1470 29.1200
84.0000 18.0000 12.0180 31.9280
84.0000 45.0000 -5.0330 38.3650
96.0000 21.0000 -18.2150 28.7100
96.0000 18.0000 11.4700 32.2020
96.0000 45.0000 -5.1700 37.9540
108.0000 18.0000 10.9220 32.3560
108.0000 21.0000 -18.2150 28.1280
108.0000 45.0000 -5.2390 37.6460
120.0000 21.0000 -18.1470 27.4080
120.0000 45.0000 -5.2390 37.2350
120.0000 18.0000 10.3920 32.6470
132.0000 21.0000 -18.1470 26.6890
132.0000 45.0000 -5.3070 36.7900
132.0000 18.0000 9.8610 32.9210
144.0000 7.0000 23.5220 31.4320
144.0000 21.0000 -18.0780 25.9700
144.0000 18.0000 9.3130 33.2120
144.0000 45.0000 -5.3760 36.5160
156.0000 21.0000 -18.0100 25.3880
156.0000 7.0000 23.0430 31.4320
156.0000 18.0000 8.8340 33.3660
156.0000 45.0000 -5.5130 36.0710
168.0000 18.0000 8.2860 33.6400
168.0000 45.0000 -5.7180 35.7970
168.0000 21.0000 -18.0100 24.8060
168.0000 7.0000 22.5640 31.4320
180.0000 21.0000 -18.0100 24.2580
180.0000 18.0000 7.7380 33.9310
180.0000 45.0000 -5.9920 35.3520
180.0000 7.0000 22.0840 31.4320
192.0000 21.0000 -17.9410 23.6760
192.0000 7.0000 21.6050 31.4320
192.0000 27.0000 22.5290 21.8790
192.0000 45.0000 -6.1970 35.0780
192.0000 18.0000 7.2070 34.2220
204.0000 7.0000 21.0740 31.4320
204.0000 45.0000 -6.3860 34.6500
204.0000 18.0000 6.7280 34.3590
204.0000 21.0000 -17.9410 23.0940
204.0000 27.0000 20.7660 21.8790
216.0000 21.0000 -17.8730 22.6830
216.0000 45.0000 -6.5910 34.2220
216.0000 7.0000 20.5950 31.5690
216.0000 27.0000 19.0710 21.8790
216.0000 18.0000 6.1970 34.6500
228.0000 45.0000 -6.7960 33.9310
228.0000 18.0000 5.6490 34.9410
228.0000 7.0000 20.0640 31.5690
228.0000 27.0000 17.3080 21.7420
228.0000 21.0000 -17.8220 22.2380
240.0000 22.0000 -17.7530 21.6560
240.0000 19.0000 5.1700 35.2150
240.0000 46.0000 -7.0020 33.5030
240.0000 27.0000 15.5450 21.7420
240.0000 7.0000 19.9960 31.7050
252.0000 7.0000 19.9960 31.7050
252.0000 46.0000 -7.1390 33.2120
252.0000 22.0000 -17.7530 21.2450
252.0000 19.0000 4.6220 35.3520
252.0000 27.0000 13.9180 21.4510
264.0000 46.0000 -7.3440 32.7840
264.0000 7.0000 19.3110 31.7050
264.0000 27.0000 12.2920 21.0230
264.0000 19.0000 4.1430 35.6600
264.0000 22.0000 -17.6850 20.6630
276.0000 19.0000 3.6120 35.9340
276.0000 46.0000 -7.4810 32.5100
276.0000 22.0000 -17.6160 20.2180
276.0000 7.0000 17.9580 31.8420
276.0000 27.0000 10.7340 20.7320
288.0000 22.0000 -17.5480 19.8070
288.0000 7.0000 17.2740 31.7050
288.0000 46.0000 -7.6700 32.0650
288.0000 19.0000 3.0820 36.0710
288.0000 27.0000 9.1080 20.3040
300.0000 22.0000 -17.4790 19.3620
300.0000 27.0000 7.4810 19.8760
300.0000 7.0000 16.6060 31.7050
300.0000 46.0000 -7.8070 31.6370
300.0000 19.0000 2.6020 36.3790
312.0000 46.0000 -7.8750 31.2090
312.0000 19.0000 2.0540 36.6530
312.0000 22.0000 -17.2740 18.7800
312.0000 7.0000 16.0580 31.7050
312.0000 27.0000 6.1970 19.1570
324.0000 7.0000 15.5790 31.7050
324.0000 27.0000 5.1020 18.1470
324.0000 22.0000 -17.0680 18.3690
324.0000 19.0000 1.5070 36.7900
324.0000 46.0000 -8.0120 30.9180
336.0000 22.0000 -16.8800 17.9240
336.0000 19.0000 0.9590 36.9440
336.0000 35.0000 -5.8550 40.7450
336.0000 7.0000 15.1680 31.8420
336.0000 46.0000 -8.1490 30.4900
336.0000 27.0000 4.0920 17.2910
348.0000 7.0000 14.6890 31.8420
348.0000 19.0000 0.3600 37.0980
348.0000 22.0000 -16.6740 17.3760
348.0000 27.0000 2.9960 16.2810
348.0000 35.0000 -5.8550 40.3170
348.0000 46.0000 -8.2170 30.0450
360.0000 19.0000 -0.1880 37.3720
360.0000 27.0000 1.9170 15.2880
360.0000 46.0000 -8.4230 29.7710
360.0000 7.0000 14.2260 31.9970
360.0000 22.0000 -16.4690 16.9310
360.0000 35.0000 -5.8550 39.7350
372.0000 22.0000 -16.2640 16.4860
372.0000 7.0000 13.7470 32.1510
372.0000 35.0000 -5.8550 39.3070
372.0000 27.0000 0.8560 13.7810
372.0000 19.0000 -0.7190 37.5090
372.0000 46.0000 -8.6280 29.3260
384.0000 46.0000 -8.9020 29.0520
384.0000 8.0000 13.2850 32.2880
384.0000 35.0000 -5.8550 38.8790
384.0000 19.0000 -1.2670 37.6630
384.0000 27.0000 -0.2230 11.6240
384.0000 22.0000 -16.0580 15.9380
396.0000 8.0000 12.7370 32.5610
396.0000 27.0000 -0.9590 9.6900
396.0000 22.0000 -15.8530 15.4930
396.0000 19.0000 -1.8830 37.8000
396.0000 46.0000 -9.1080 28.6240
396.0000 35.0000 -5.8550 38.2970
408.0000 35.0000 -5.9230 37.7320
408.0000 22.0000 -15.7160 15.0820
408.0000 19.0000 -2.4310 37.8000
408.0000 46.0000 -9.3130 28.3330
408.0000 27.0000 -1.2330 8.1660
408.0000 8.0000 12.1890 32.8530
420.0000 35.0000 -5.9230 37.1670
420.0000 27.0000 -1.8490 6.0430
420.0000 22.0000 -15.5790 14.6370
420.0000 46.0000 -9.4500 27.9050
420.0000 19.0000 -2.9790 37.8000
420.0000 39.0000 0.4620 44.0320
420.0000 8.0000 11.5040 33.0070
432.0000 46.0000 -9.6550 27.6140
432.0000 22.0000 -15.4420 14.0550
432.0000 8.0000 10.8370 33.1440
432.0000 19.0000 -3.5100 37.6630
432.0000 39.0000 0.5990 43.3300
432.0000 35.0000 -5.9920 36.2940
444.0000 39.0000 0.7360 42.6110
444.0000 35.0000 -5.9920 35.5750
444.0000 8.0000 10.2890 33.2810
444.0000 46.0000 -9.7750 27.1860
444.0000 19.0000 -4.0400 37.6630
444.0000 22.0000 -15.2360 13.6440
456.0000 35.0000 -6.1290 34.8730
456.0000 39.0000 0.9420 42.0460
456.0000 46.0000 -9.9120 26.7580
456.0000 8.0000 9.8270 33.4170
456.0000 19.0000 -4.5880 37.5090
456.0000 22.0000 -15.0990 13.1990
468.0000 46.0000 -10.0490 26.3300
468.0000 22.0000 -15.0990 12.6170
468.0000 39.0000 1.0610 41.4640
468.0000 8.0000 9.2790 33.5720
468.0000 35.0000 -6.3170 34.2910
468.0000 19.0000 -5.1360 37.5090
480.0000 23.0000 -15.0990 11.8980
480.0000 35.0000 -6.5230 33.5720
480.0000 47.0000 -10.2550 26.0390
480.0000 39.0000 1.1980 40.8820
480.0000 20.0000 -5.6840 37.5090
480.0000 8.0000 8.7310 33.7260
492.0000 8.0000 8.2520 34.0000
492.0000 23.0000 -15.0990 11.3500
492.0000 35.0000 -6.7280 32.9890
492.0000 39.0000 1.5410 40.4710
492.0000 47.0000 -10.3920 25.6110
492.0000 20.0000 -6.3000 37.5090
504.0000 35.0000 -6.9330 32.4250
504.0000 47.0000 -10.4600 25.1830
504.0000 20.0000 -6.8310 37.3720
504.0000 23.0000 -15.1680 10.7000
504.0000 8.0000 7.6350 34.0000
504.0000 39.0000 1.8830 40.2310
516.0000 47.0000 -10.4260 24.8920
516.0000 23.0000 -15.3050 10.2550
516.0000 20.0000 -7.3440 37.2350
516.0000 39.0000 2.2600 40.0260
516.0000 35.0000 -7.1730 31.9970
516.0000 8.0000 7.1390 34.2220
528.0000 39.0000 2.6020 39.8030
528.0000 20.0000 -7.8410 37.0980
528.0000 35.0000 -7.4470 31.5000
528.0000 8.0000 6.6250 34.4960
528.0000 23.0000 -15.4420 9.7580
528.0000 47.0000 -10.3570 24.6010
540.0000 20.0000 -8.3890 36.9440
540.0000 39.0000 2.9620 39.5980
540.0000 35.0000 -7.6520 31.0550
540.0000 23.0000 -15.5790 9.3990
540.0000 47.0000 -10.2550 24.3100
540.0000 8.0000 6.1460 34.8040
552.0000 47.0000 -10.2200 24.0360
552.0000 35.0000 -7.9090 30.5580
552.0000 20.0000 -8.9020 36.6530
552.0000 39.0000 3.3380 39.3070
552.0000 8.0000 5.6840 34.8040
552.0000 23.0000 -15.7160 8.9020
564.0000 8.0000 5.2730 34.8040
564.0000 39.0000 3.8180 38.8790
564.0000 20.0000 -9.4500 36.5160
564.0000 23.0000 -15.8530 8.4570
564.0000 35.0000 -8.1830 30.0620
564.0000 47.0000 -10.1520 23.7450
576.0000 23.0000 -15.9900 8.0460
576.0000 47.0000 -10.1520 23.3850
576.0000 20.0000 -9.9810 36.3110
576.0000 39.0000 4.2800 38.5880
576.0000 36.0000 -8.4230 29.6170
576.0000 8.0000 4.7930 34.8730
588.0000 23.0000 -16.1270 7.6010
588.0000 20.0000 -10.5970 36.0030
588.0000 8.0000 4.3830 34.8730
588.0000 39.0000 4.6910 38.0910
588.0000 47.0000 -10.2890 22.8200
588.0000 36.0000 -8.6970 29.0520
600.0000 36.0000 -8.9020 28.6240
600.0000 20.0000 -11.1450 35.8660
600.0000 23.0000 -16.2290 7.2590
600.0000 47.0000 -10.4260 22.3750
600.0000 39.0000 5.1360 37.6630
600.0000 8.0000 3.9200 35.3010
612.0000 23.0000 -16.3660 6.8140
612.0000 8.0000 3.4410 35.7970
612.0000 36.0000 -9.1760 28.1960
612.0000 39.0000 5.5810 37.1500
612.0000 20.0000 -11.6760 35.5920
612.0000 47.0000 -10.5630 21.8100
624.0000 20.0000 -12.2230 35.3520
624.0000 47.0000 -10.7000 21.2280
624.0000 39.0000 5.9920 36.7220
624.0000 36.0000 -9.3820 27.6140
624.0000 9.0000 2.9620 36.2940
624.0000 23.0000 -16.5030 6.5400
636.0000 39.0000 6.4540 36.1570
636.0000 23.0000 -16.6230 6.0950
636.0000 47.0000 -10.8370 20.8000
636.0000 36.0000 -9.6380 27.1860
636.0000 20.0000 -12.6340 34.9410
636.0000 9.0000 2.4310 36.7220
648.0000 39.0000 6.8650 35.7290
648.0000 9.0000 1.8830 37.0130
648.0000 36.0000 -9.8440 26.7580
648.0000 20.0000 -13.0620 34.4960
648.0000 23.0000 -16.7600 5.8210
648.0000 47.0000 -10.9740 20.2350
660.0000 36.0000 -10.1180 26.1930
660.0000 9.0000 1.3350 37.4410
660.0000 40.0000 7.2760 35.3010
660.0000 23.0000 -16.8970 5.5300
660.0000 47.0000 -11.1110 19.8070
660.0000 20.0000 -13.5070 34.2220
672.0000 9.0000 0.6680 37.4410
672.0000 40.0000 7.6870 34.8560
672.0000 47.0000 -11.2480 19.2250
672.0000 36.0000 -10.3230 25.7480
672.0000 20.0000 -13.9870 33.7770
672.0000 23.0000 -17.0340 5.1020
684.0000 23.0000 -17.1710 4.9650
684.0000 9.0000 0.0510 37.4410
684.0000 36.0000 -10.3920 25.1830
684.0000 40.0000 8.0800 34.4280
684.0000 47.0000 -11.2990 18.9340
684.0000 20.0000 -14.4660 33.6400
696.0000 9.0000 -0.5650 37.4410
696.0000 40.0000 8.4910 34.0000
696.0000 47.0000 -11.4360 18.5060
696.0000 36.0000 -10.4600 24.6010
696.0000 23.0000 -17.3080 4.6570
696.0000 20.0000 -14.9970 33.5030
708.0000 40.0000 8.8340 33.5720
708.0000 36.0000 -10.5970 24.0360
708.0000 47.0000 -11.5730 18.2150
708.0000 20.0000 -15.5450 33.3660
708.0000 9.0000 -1.1640 37.4410
708.0000 23.0000 -17.4450 4.3830
720.0000 48.0000 -11.6410 17.7870
720.0000 36.0000 -10.6660 23.4540
720.0000 9.0000 -1.7120 37.3040
720.0000 40.0000 9.2450 33.2810
732.0000 40.0000 9.5870 32.8530
732.0000 48.0000 -11.7780 17.5130
732.0000 9.0000 -2.2600 37.3040
732.0000 36.0000 -10.8020 22.8890
744.0000 48.0000 -11.8470 17.0680
744.0000 40.0000 9.9120 32.4250
744.0000 9.0000 -2.7900 37.1670
744.0000 36.0000 -10.8710 22.3070
756.0000 40.0000 10.2550 31.9970
756.0000 48.0000 -11.9840 16.7940
756.0000 9.0000 -3.3380 37.0130
756.0000 36.0000 -11.0080 21.5880
768.0000 48.0000 -12.1210 16.3490
768.0000 40.0000 10.5970 31.5690
768.0000 36.0000 -11.0760 21.0230
768.0000 9.0000 -3.7490 36.8760
780.0000 40.0000 10.8710 30.9860
780.0000 48.0000 -12.1890 16.0750
780.0000 9.0000 -4.2290 36.7220
780.0000 36.0000 -11.2130 20.3040
792.0000 36.0000 -11.3330 19.7220
792.0000 9.0000 -4.6910 36.5850
792.0000 40.0000 11.1450 30.4220
792.0000 48.0000 -12.2580 15.6470
792.0000 34.0000 -0.9240 8.6800
804.0000 36.0000 -11.5390 19.4480
804.0000 9.0000 -5.3070 36.7220
804.0000 40.0000 11.4700 29.9940
804.0000 48.0000 -12.2580 15.2190
804.0000 34.0000 -1.6090 8.6800
816.0000 34.0000 -2.1570 8.8340
816.0000 48.0000 -12.2580 14.9280
816.0000 37.0000 -11.8130 19.0030
816.0000 9.0000 -5.9230 36.8760
816.0000 40.0000 11.7440 29.4110
828.0000 37.0000 -12.0180 18.7290
828.0000 9.0000 -6.5230 37.0130
828.0000 40.0000 12.0180 28.8290
828.0000 34.0000 -2.6880 8.8340
828.0000 48.0000 -12.2230 14.5000
840.0000 9.0000 -7.0700 37.1670
840.0000 37.0000 -12.2920 18.4380
840.0000 40.0000 12.4290 28.4010
840.0000 48.0000 -12.1890 14.0550
840.0000 34.0000 -3.2360 8.9710
852.0000 48.0000 -12.1890 13.6270
852.0000 9.0000 -7.6180 37.0130
852.0000 34.0000 -3.7830 8.9710
852.0000 37.0000 -12.4970 18.0100
852.0000 40.0000 12.9080 28.1280
864.0000 48.0000 -12.1550 13.1990
864.0000 10.0000 -8.0800 36.8760
864.0000 34.0000 -4.5880 8.9710
864.0000 37.0000 -12.5660 17.4280
864.0000 40.0000 13.3700 27.8360
876.0000 34.0000 -5.5470 8.8340
876.0000 40.0000 13.8500 27.5450
876.0000 10.0000 -8.5600 36.7220
876.0000 48.0000 -12.1550 12.9080
876.0000 37.0000 -12.6340 16.8630
888.0000 10.0000 -9.0390 36.7220
888.0000 37.0000 -12.7710 16.4350
888.0000 40.0000 14.3630 27.4080
888.0000 48.0000 -12.1550 12.4800
888.0000 34.0000 -6.4200 8.7480
900.0000 34.0000 -7.1730 8.6110
900.0000 37.0000 -12.8400 15.8530
900.0000 10.0000 -9.5870 36.5850
900.0000 48.0000 -12.0860 12.2060
900.0000 41.0000 14.7740 27.1170
912.0000 10.0000 -10.1860 36.2940
912.0000 34.0000 -7.8240 8.3200
912.0000 41.0000 15.1680 26.8260
912.0000 48.0000 -12.0180 11.7610
912.0000 37.0000 -12.9770 15.2880
924.0000 37.0000 -13.0450 14.7060
924.0000 34.0000 -8.4230 8.1830
924.0000 41.0000 15.6130 26.6890
924.0000 48.0000 -11.8810 11.4870
924.0000 10.0000 -10.7340 36.1570
936.0000 41.0000 16.0580 26.3980
936.0000 10.0000 -11.2820 36.0030
936.0000 34.0000 -9.0050 7.8920
936.0000 37.0000 -13.2330 14.1410
936.0000 48.0000 -11.8130 11.0420
948.0000 41.0000 16.5030 26.2610
948.0000 34.0000 -9.8100 7.4640
948.0000 37.0000 -13.3700 13.5590
948.0000 10.0000 -11.8130 35.8660
948.0000 48.0000 -11.7440 10.7680
960.0000 37.0000 -13.5760 12.9940
960.0000 41.0000 16.8970 25.9020
960.0000 34.0000 -10.5630 6.8990
960.0000 10.0000 -12.3600 35.7290
960.0000 49.0000 -11.6760 10.4770
972.0000 34.0000 -11.3850 6.4540
972.0000 49.0000 -11.6070 10.0490
972.0000 10.0000 -12.9080 35.5750
972.0000 37.0000 -13.7810 12.4120
972.0000 41.0000 17.3080 25.3880
984.0000 49.0000 -11.5390 9.7580
984.0000 37.0000 -13.9180 11.8470
984.0000 10.0000 -13.3700 35.5750
984.0000 34.0000 -12.2920 6.1800
984.0000 41.0000 17.7190 24.9600
996.0000 15.0000 -15.4760 15.6990
996.0000 37.0000 -14.1240 11.2650
996.0000 10.0000 -13.9180 35.4380
996.0000 49.0000 -11.4700 9.3300
996.0000 34.0000 -13.1650 5.7350
996.0000 41.0000 18.1300 24.5320
1008.0000 41.0000 18.4550 24.0360
1008.0000 49.0000 -11.4020 8.9020
1008.0000 34.0000 -13.8160 5.3070
1008.0000 15.0000 -15.8870 15.6990
1008.0000 10.0000 -14.4660 35.3010
1008.0000 37.0000 -14.2950 10.7510
1020.0000 34.0000 -14.5350 4.8790
1020.0000 15.0000 -16.0920 15.8700
1020.0000 37.0000 -14.4660 10.4090
1020.0000 10.0000 -14.9970 35.0780
1020.0000 41.0000 18.7630 23.6080
1020.0000 49.0000 -11.3330 8.5430
1032.0000 37.0000 -14.6710 9.9640
1032.0000 41.0000 19.1400 23.2310
1032.0000 10.0000 -15.5450 34.9410
1032.0000 15.0000 -16.2980 15.9380
1032.0000 49.0000 -11.2820 8.1830
1044.0000 49.0000 -11.2130 7.8240
1044.0000 13.0000 -8.7310 41.6010
1044.0000 15.0000 -16.4860 16.0070
1044.0000 42.0000 -9.7240 42.2510
1044.0000 10.0000 -16.0920 34.7190
1044.0000 41.0000 19.4480 22.8200
1044.0000 37.0000 -14.8770 9.6210
1056.0000 10.0000 -16.6230 34.5640
1056.0000 15.0000 -16.6920 16.0750
1056.0000 42.0000 -9.9120 41.8060
1056.0000 41.0000 19.7900 22.4440
1056.0000 49.0000 -11.1450 7.4640
1056.0000 13.0000 -8.9360 41.1730
1068.0000 15.0000 -16.6920 16.0750
1068.0000 13.0000 -9.0730 40.7450
1068.0000 41.0000 20.0810 22.0330
1068.0000 49.0000 -11.0760 7.1730
1068.0000 42.0000 -10.1180 41.3950
1068.0000 10.0000 -17.1710 34.2910
1080.0000 13.0000 -9.2100 40.3170
1080.0000 49.0000 -11.0420 6.8310
1080.0000 15.0000 -16.6920 16.0750
1080.0000 41.0000 20.4580 21.6560
1080.0000 42.0000 -10.3230 40.9500
1080.0000 10.0000 -17.7190 34.1540
1092.0000 42.0000 -10.4940 40.6760
1092.0000 13.0000 -9.4160 39.7520
1092.0000 15.0000 -16.6920 16.0750
1092.0000 41.0000 20.7660 21.2450
1092.0000 49.0000 -10.9740 6.4540
1092.0000 10.0000 -18.1980 33.9310
1104.0000 41.0000 21.1770 20.8690
1104.0000 15.0000 -16.6920 16.0750
1104.0000 42.0000 -10.7000 40.2310
1104.0000 11.0000 -18.6090 33.6400
1104.0000 13.0000 -9.5530 39.3070
1104.0000 49.0000 -10.9050 6.1120
1116.0000 41.0000 21.5880 20.7320
1116.0000 15.0000 -16.6920 16.0750
1116.0000 42.0000 -10.9740 39.9570
1116.0000 11.0000 -19.0030 33.3660
1116.0000 13.0000 -9.8100 38.8790
1116.0000 49.0000 -10.8370 5.7350
1128.0000 13.0000 -10.1520 38.5880
1128.0000 49.0000 -10.7680 5.3930
1128.0000 11.0000 -19.4140 33.0580
1128.0000 42.0000 -11.2300 39.6830
1128.0000 15.0000 -16.6920 16.0750
1128.0000 41.0000 22.1870 20.7320
1140.0000 42.0000 -11.5040 39.3750
1140.0000 13.0000 -10.5630 38.3140
1140.0000 15.0000 -16.6230 16.0750
1140.0000 11.0000 -19.8070 32.9210
1140.0000 49.0000 -10.7000 5.1020
1152.0000 42.0000 -11.7780 39.2380
1152.0000 15.0000 -16.6230 16.0750
1152.0000 13.0000 -10.9050 38.0060
1152.0000 11.0000 -20.2870 32.6470
1152.0000 49.0000 -10.6310 4.6740
1164.0000 42.0000 -12.1210 38.9640
1164.0000 11.0000 -21.0400 32.5100
1164.0000 15.0000 -16.6230 16.0750
1164.0000 49.0000 -10.5630 4.3830
1164.0000 13.0000 -11.2300 37.7320
1176.0000 49.0000 -10.5290 3.9550
1176.0000 11.0000 -22.0670 32.3390
1176.0000 13.0000 -11.6410 37.4580
1176.0000 15.0000 -16.6230 16.0750
1176.0000 42.0000 -12.3950 38.6560
1188.0000 49.0000 -10.4600 3.6640
1188.0000 13.0000 -11.9150 37.1500
1188.0000 11.0000 -22.3920 32.0650
1188.0000 42.0000 -12.7370 38.5190
1188.0000 15.0000 -16.6230 15.9380
1200.0000 42.0000 -13.0790 38.2450
1200.0000 50.0000 -10.3920 3.2360
1200.0000 13.0000 -12.2580 36.8760
1200.0000 11.0000 -22.8030 31.6370
1200.0000 15.0000 -16.6230 15.9380
1212.0000 42.0000 -13.4050 38.0740
1212.0000 13.0000 -12.5320 36.5850
1212.0000 50.0000 -10.3920 2.7900
1212.0000 11.0000 -23.1320 31.3420
1212.0000 15.0000 -16.5550 15.9380
1224.0000 11.0000 -23.1460 31.3260
1224.0000 50.0000 -10.3230 2.3800
1224.0000 42.0000 -13.7470 37.9370
1224.0000 15.0000 -16.5550 15.9380
1224.0000 13.0000 -12.8050 36.2940
1236.0000 42.0000 -14.0890 37.6630
1236.0000 16.0000 -16.5550 15.9380
1236.0000 13.0000 -13.1480 36.0200
1236.0000 11.0000 -23.1600 31.3090
1236.0000 50.0000 -10.2550 1.9350
1248.0000 13.0000 -13.4050 35.7110
1248.0000 11.0000 -23.1740 31.2930
1248.0000 50.0000 -10.2550 1.5240
1248.0000 16.0000 -16.5550 15.9380
1248.0000 42.0000 -14.4320 37.5260
1260.0000 16.0000 -16.5550 15.9380
1260.0000 50.0000 -10.1860 1.0790
1260.0000 13.0000 -13.6790 35.5060
1260.0000 42.0000 -14.6890 37.3890
1260.0000 11.0000 -23.1880 31.2770
1272.0000 16.0000 -16.5550 15.9380
1272.0000 11.0000 -23.2020 31.2600
1272.0000 50.0000 -10.1180 0.8050
1272.0000 42.0000 -15.0310 36.9440
