0.0000 6.0000 -15.6950 34.1380
0.0000 22.0000 -6.0610 28.7860
0.0000 50.0000 -5.5840 17.5320
0.0000 15.0000 -8.7220 41.3850
0.0000 24.0000 6.9290 9.8070
12.0000 15.0000 -8.6650 41.3120
12.0000 24.0000 7.2180 9.5610
12.0000 50.0000 -5.6270 18.0230
12.0000 22.0000 -5.8290 27.8020
12.0000 6.0000 -15.6950 34.1380
24.0000 6.0000 -15.6950 34.1380
24.0000 24.0000 7.5650 9.4310
24.0000 50.0000 -5.6850 18.6310
24.0000 15.0000 -8.6070 41.3120
24.0000 22.0000 -5.5980 26.8470
36.0000 22.0000 -5.3810 25.8640
36.0000 15.0000 -8.5490 41.3120
36.0000 64.0000 -8.2880 40.0830
36.0000 6.0000 -15.6950 34.1380
36.0000 50.0000 -5.7430 19.2390
36.0000 24.0000 7.9120 9.3160
48.0000 24.0000 8.2600 9.2000
48.0000 50.0000 -5.8000 19.7300
48.0000 64.0000 -8.5780 39.1860
48.0000 22.0000 -5.1640 24.8940
48.0000 6.0000 -15.6950 34.1380
48.0000 15.0000 -8.4910 41.3120
60.0000 22.0000 -4.8750 23.9250
60.0000 64.0000 -8.5780 38.5780
60.0000 24.0000 8.6070 9.0700
60.0000 15.0000 -8.4330 41.3120
60.0000 50.0000 -5.8580 20.3380
60.0000 6.0000 -15.6950 34.1380
72.0000 22.0000 -4.6430 22.9420
72.0000 64.0000 -8.6360 38.0870
72.0000 50.0000 -5.9160 20.9450
72.0000 6.0000 -15.6950 34.1380
72.0000 24.0000 8.9250 8.9540
72.0000 15.0000 -8.3750 41.3120
84.0000 6.0000 -15.6950 34.1380
84.0000 24.0000 9.2720 8.8240
84.0000 50.0000 -5.9740 21.4230
84.0000 22.0000 -4.6430 21.9720
84.0000 15.0000 -8.3170 41.3120
84.0000 64.0000 -8.6360 37.6090
96.0000 64.0000 -8.6940 37.1170
108.0000 64.0000 -8.6940 36.5820
120.0000 64.0000 -8.7370 36.0330
240.0000 7.0000 -15.6950 34.1380
240.0000 23.0000 -15.3470 11.6300
240.0000 16.0000 -7.2330 37.1750
240.0000 51.0000 -7.2900 29.0890
252.0000 16.0000 -7.1170 36.5680
252.0000 51.0000 -7.3920 29.6390
252.0000 7.0000 -15.6950 34.1380
252.0000 23.0000 -16.8810 11.5140
264.0000 7.0000 -15.6950 34.1380
264.0000 16.0000 -7.0160 35.9600
264.0000 23.0000 -18.2980 11.1380
264.0000 51.0000 -7.5070 30.2460
276.0000 16.0000 -6.9580 35.3530
276.0000 65.0000 -9.1420 29.2630
276.0000 23.0000 -19.4560 10.7760
276.0000 7.0000 -15.6950 34.1380
276.0000 51.0000 -7.6230 30.8540
288.0000 23.0000 -19.2130 11.0640
288.0000 7.0000 -15.6950 34.1380
288.0000 65.0000 -9.1420 28.7860
288.0000 16.0000 -6.8420 34.7450
288.0000 51.0000 -7.7390 31.3890
300.0000 51.0000 -7.8550 31.9970
300.0000 7.0000 -15.6950 34.1380
300.0000 23.0000 -18.4850 11.6200
300.0000 16.0000 -6.7260 34.1380
300.0000 65.0000 -9.0840 28.3080
312.0000 23.0000 -17.7570 12.1770
312.0000 55.0000 5.4390 35.2370
312.0000 16.0000 -6.6110 33.5300
312.0000 51.0000 -7.9700 32.5610
312.0000 65.0000 -9.0260 27.8160
312.0000 7.0000 -15.6950 34.1380
324.0000 55.0000 5.4100 35.5410
324.0000 65.0000 -8.9100 27.2090
324.0000 7.0000 -15.6950 34.1380
324.0000 23.0000 -17.0290 12.7330
324.0000 51.0000 -8.0860 33.1680
324.0000 16.0000 -6.4950 32.9230
336.0000 65.0000 -8.7950 26.7170
336.0000 60.0000 3.0810 40.9510
336.0000 55.0000 5.3520 35.9020
348.0000 55.0000 5.2940 36.2640
348.0000 60.0000 3.0810 40.3430
348.0000 65.0000 -8.7370 26.1090
360.0000 55.0000 5.2360 36.5680
360.0000 65.0000 -8.6360 25.6180
360.0000 60.0000 3.0230 39.8660
372.0000 55.0000 5.1790 36.9440
372.0000 60.0000 2.9650 39.2580
384.0000 55.0000 4.6720 37.1750
384.0000 60.0000 2.9650 38.7660
396.0000 0.0000 3.7030 25.5600
396.0000 60.0000 2.9070 38.1590
396.0000 55.0000 4.2090 37.5510
408.0000 60.0000 2.9070 37.6670
408.0000 0.0000 3.7460 25.0680
420.0000 60.0000 2.9070 37.0600
420.0000 0.0000 3.8040 24.5910
432.0000 0.0000 3.8620 24.0990
444.0000 0.0000 3.9200 23.6210
456.0000 0.0000 3.9780 23.1880
456.0000 33.0000 3.6450 41.8330
468.0000 33.0000 3.6450 40.8930
468.0000 0.0000 4.0940 22.6960
480.0000 33.0000 3.7030 40.4150
480.0000 0.0000 4.1510 22.2040
480.0000 8.0000 -15.6950 34.1380
480.0000 17.0000 -5.5840 25.1400
492.0000 33.0000 3.8040 39.9240
492.0000 8.0000 -15.6950 34.1380
492.0000 17.0000 -5.5840 24.5330
504.0000 33.0000 3.8620 39.3740
504.0000 46.0000 1.7940 -6.5090
504.0000 8.0000 -15.7520 34.0800
504.0000 12.0000 -6.6110 24.5330
504.0000 17.0000 -5.5550 24.0410
516.0000 66.0000 -6.8710 19.3540
516.0000 46.0000 1.7940 -6.5090
516.0000 17.0000 -5.5840 23.6650
516.0000 12.0000 -6.6110 23.9250
516.0000 33.0000 3.9780 38.6510
516.0000 8.0000 -15.7520 34.0800
528.0000 33.0000 4.0360 37.9710
528.0000 66.0000 -6.6970 18.6890
528.0000 12.0000 -6.6110 23.3030
528.0000 46.0000 1.7650 -6.8710
528.0000 17.0000 -5.6120 23.3180
528.0000 8.0000 -15.7520 34.0800
540.0000 17.0000 -5.6120 22.9420
540.0000 33.0000 4.0360 37.4790
540.0000 12.0000 -6.6110 22.6960
540.0000 8.0000 -15.7520 34.0800
540.0000 46.0000 1.6490 -7.2330
540.0000 66.0000 -6.5820 18.0670
552.0000 66.0000 -6.4080 17.4590
552.0000 46.0000 1.5910 -7.6090
552.0000 56.0000 -1.5480 39.3590
552.0000 8.0000 -15.7810 34.0800
552.0000 12.0000 -6.6680 22.2180
552.0000 17.0000 -5.6700 22.5800
564.0000 46.0000 1.4750 -8.0860
564.0000 12.0000 -6.6680 21.7270
564.0000 56.0000 -2.0970 39.3590
564.0000 17.0000 -5.6990 22.1030
564.0000 66.0000 -6.2920 16.8520
564.0000 8.0000 -15.7810 34.0800
576.0000 61.0000 4.2380 29.5090
576.0000 12.0000 -6.6680 21.3070
576.0000 46.0000 1.4180 -8.8240
576.0000 66.0000 -6.1770 16.2440
576.0000 52.0000 -13.8430 30.6800
576.0000 56.0000 -2.6760 39.3590
588.0000 61.0000 4.2960 28.7860
588.0000 56.0000 -3.3700 39.8510
588.0000 52.0000 -13.9010 30.0580
588.0000 12.0000 -6.6110 20.7570
588.0000 66.0000 -6.0610 15.6370
588.0000 46.0000 1.3600 -9.4310
600.0000 56.0000 -4.0940 40.3430
600.0000 48.0000 -14.6390 30.3330
600.0000 66.0000 -5.8870 15.1590
600.0000 61.0000 4.4120 28.1780
600.0000 52.0000 -13.9010 29.4510
612.0000 52.0000 -13.9010 29.3350
612.0000 48.0000 -14.5230 29.5230
612.0000 56.0000 -4.4990 40.5890
612.0000 61.0000 4.4700 27.5700
624.0000 52.0000 -13.8430 29.0890
624.0000 48.0000 -14.4650 29.1470
624.0000 56.0000 -4.8460 40.8350
624.0000 61.0000 4.5850 26.8470
636.0000 48.0000 -14.4650 28.6550
636.0000 61.0000 4.5280 26.3550
636.0000 56.0000 -5.4680 41.0090
636.0000 52.0000 -13.7850 28.8430
636.0000 1.0000 3.8620 15.9980
648.0000 61.0000 4.4120 25.9790
648.0000 52.0000 -13.7850 28.4820
648.0000 48.0000 -14.4650 28.3080
648.0000 1.0000 3.9200 15.3910
660.0000 61.0000 4.2960 25.6180
660.0000 52.0000 -13.7850 28.2360
660.0000 48.0000 -14.4070 27.8160
660.0000 1.0000 3.9780 14.7830
672.0000 1.0000 3.9780 14.0600
672.0000 48.0000 -14.4070 27.4400
684.0000 1.0000 4.0360 13.4530
684.0000 48.0000 -14.3490 27.0930
696.0000 1.0000 4.0360 12.8450
696.0000 34.0000 4.2670 27.4550
708.0000 1.0000 4.0940 12.2370
708.0000 34.0000 4.2670 27.2520
720.0000 1.0000 4.1510 11.7460
720.0000 18.0000 -5.1790 14.3060
720.0000 9.0000 -15.8680 34.0800
720.0000 34.0000 4.2380 27.2520
732.0000 9.0000 -15.8970 34.0800
732.0000 34.0000 4.2090 27.1940
732.0000 18.0000 -5.1210 13.8140
744.0000 20.0000 -20.0780 21.5960
744.0000 18.0000 -5.1210 13.0910
744.0000 13.0000 -6.0320 12.9750
744.0000 9.0000 -15.8970 34.0800
744.0000 34.0000 4.1800 27.1940
756.0000 67.0000 2.4160 41.2980
756.0000 34.0000 4.1800 26.9050
756.0000 18.0000 -5.0770 12.3530
756.0000 20.0000 -19.7300 21.8570
756.0000 13.0000 -5.9740 12.4830
756.0000 9.0000 -15.8970 34.0220
768.0000 9.0000 -15.8970 34.0220
768.0000 67.0000 2.4160 40.5890
768.0000 34.0000 4.2960 26.2980
768.0000 18.0000 -4.9040 11.8610
768.0000 20.0000 -19.3540 22.0880
768.0000 13.0000 -5.8730 12.1070
780.0000 20.0000 -18.9640 22.3340
780.0000 67.0000 2.4160 40.2270
780.0000 34.0000 4.4120 25.6900
780.0000 13.0000 -5.6990 11.6300
780.0000 9.0000 -15.9260 34.0220
780.0000 18.0000 -4.7300 11.3840
792.0000 57.0000 -7.0370 41.5350
792.0000 67.0000 2.4160 39.8510
792.0000 9.0000 -15.9260 34.0220
792.0000 20.0000 -18.5010 22.8260
792.0000 13.0000 -5.5840 11.2680
792.0000 18.0000 -4.7300 10.7760
804.0000 20.0000 -18.1100 23.1880
804.0000 18.0000 -4.7300 10.1690
804.0000 67.0000 2.4160 39.5040
804.0000 9.0000 -15.9260 34.0220
804.0000 57.0000 -7.0550 41.5390
804.0000 13.0000 -5.5840 10.5310
816.0000 20.0000 -17.7630 23.1880
816.0000 57.0000 -7.0730 41.5420
816.0000 62.0000 5.8870 18.9200
816.0000 13.0000 -5.5840 9.9230
816.0000 67.0000 2.4160 39.0120
828.0000 57.0000 -7.0900 41.5450
828.0000 67.0000 2.4740 38.6360
828.0000 13.0000 -5.5840 9.4460
828.0000 20.0000 -17.4880 23.3030
828.0000 62.0000 5.8870 18.6890
840.0000 57.0000 -7.1080 41.5480
840.0000 49.0000 -15.1450 22.6960
840.0000 62.0000 5.8870 18.5730
840.0000 67.0000 2.5310 38.1440
852.0000 62.0000 5.8870 18.1970
852.0000 49.0000 -15.2030 22.3490
852.0000 57.0000 -7.1260 41.5520
864.0000 57.0000 -7.1450 41.5550
864.0000 62.0000 6.2340 16.8660
864.0000 49.0000 -15.2610 21.9720
876.0000 2.0000 4.7880 4.8170
876.0000 57.0000 -7.1630 41.5580
876.0000 49.0000 -15.3760 21.5960
876.0000 62.0000 6.4080 15.8830
888.0000 62.0000 6.4080 15.3910
888.0000 49.0000 -15.6660 21.2490
888.0000 2.0000 4.7880 4.3250
900.0000 49.0000 -15.9410 20.8730
900.0000 2.0000 4.7880 3.8480
900.0000 62.0000 6.4080 14.9140
912.0000 2.0000 4.7880 3.1100
912.0000 49.0000 -16.2300 20.6420
924.0000 49.0000 -16.4610 20.3810
924.0000 2.0000 4.7880 2.3720
936.0000 35.0000 5.6270 19.1080
936.0000 2.0000 4.6720 1.8950
948.0000 2.0000 4.5570 1.6490
948.0000 35.0000 5.7430 18.5010
960.0000 2.0000 4.4990 1.2870
960.0000 35.0000 5.9740 18.1390
960.0000 19.0000 -3.9350 3.3560
960.0000 10.0000 -16.0270 34.0070
972.0000 35.0000 6.2630 17.6470
972.0000 19.0000 -3.9350 2.8640
972.0000 10.0000 -16.0270 34.0070
984.0000 19.0000 -3.9350 2.3720
984.0000 21.0000 -14.8560 29.1470
984.0000 10.0000 -16.0270 34.0070
984.0000 35.0000 6.4370 17.2860
984.0000 14.0000 -4.8460 2.8640
996.0000 10.0000 -16.0270 34.0070
996.0000 54.0000 -9.3160 24.3740
996.0000 21.0000 -14.6970 29.5230
996.0000 68.0000 3.2690 31.2300
996.0000 35.0000 6.5530 16.9240
996.0000 14.0000 -4.7300 2.2570
996.0000 19.0000 -3.9350 1.8950
1008.0000 21.0000 -14.5520 29.9430
1008.0000 14.0000 -4.6720 1.5190
1008.0000 68.0000 3.1820 30.7820
1008.0000 54.0000 -9.0260 23.4190
1008.0000 35.0000 6.7700 16.4900
1008.0000 19.0000 -3.9630 1.2150
1008.0000 10.0000 -16.0850 33.9500
1020.0000 54.0000 -8.5780 22.8110
1020.0000 35.0000 7.0590 15.9410
1020.0000 29.0000 -8.3750 -2.8500
1020.0000 21.0000 -14.4650 30.6080
1020.0000 68.0000 3.1240 30.3040
1020.0000 10.0000 -16.0850 33.9500
1020.0000 14.0000 -4.6720 0.9840
1020.0000 19.0000 -3.9630 0.6080
1032.0000 10.0000 -16.0850 33.9500
1032.0000 58.0000 -7.3960 41.6000
1032.0000 21.0000 -14.3780 31.1580
1032.0000 29.0000 -8.8240 -3.3410
1032.0000 68.0000 3.1240 29.8130
1032.0000 14.0000 -4.6720 0.3180
1032.0000 54.0000 -8.1150 22.3490
1032.0000 19.0000 -3.9920 0.0720
1044.0000 58.0000 -7.4140 41.6030
1044.0000 19.0000 -4.0210 -0.5350
1044.0000 29.0000 -9.2290 -3.7180
1044.0000 68.0000 3.1820 29.2050
1044.0000 14.0000 -4.6720 -0.2310
1044.0000 54.0000 -7.5940 21.7410
1044.0000 10.0000 -16.0850 33.8920
1044.0000 21.0000 -14.2920 31.8230
1056.0000 21.0000 -14.2190 32.3730
1056.0000 63.0000 5.0920 5.8440
