0 72 1 407.5 1026.0 1.0 Pedestrian
1 84 1 427.5 1029.0 1.0 Pedestrian
2 96 1 448.5 1033.0 1.0 Pedestrian
3 108 1 468.5 1037.0 1.0 Pedestrian
4 120 1 487.5 1040.0 1.0 Pedestrian
5 132 1 499.5 1044.0 1.0 Pedestrian
6 144 1 510.5 1048.0 1.0 Pedestrian
7 156 1 520.5 1048.0 1.0 Pedestrian
8 168 1 532.5 1051.0 1.0 Pedestrian
9 180 1 542.5 1051.0 1.0 Pedestrian
10 192 1 553.5 1055.0 1.0 Pedestrian
11 204 1 565.5 1059.0 1.0 Pedestrian
12 216 1 576.5 1051.0 1.0 Pedestrian
13 228 1 589.5 1044.0 1.0 Pedestrian
14 240 1 599.5 1040.0 1.0 Pedestrian
15 252 1 609.5 1037.0 1.0 Pedestrian
16 264 1 619.5 1037.0 1.0 Pedestrian
17 276 1 629.5 1033.0 1.0 Pedestrian
18 288 1 639.5 1033.0 1.0 Pedestrian
19 300 1 649.5 1029.0 1.0 Pedestrian
20 72 11 237.5 939.5 6.0 Pedestrian
21 84 11 256.5 939.5 6.0 Pedestrian
22 96 11 272.5 939.5 6.0 Pedestrian
23 108 11 290.5 939.5 6.0 Pedestrian
24 120 11 303.5 935.5 6.0 Pedestrian
25 132 11 313.5 935.5 6.0 Pedestrian
26 144 11 325.5 935.5 6.0 Pedestrian
27 156 11 336.5 935.5 6.0 Pedestrian
28 168 11 348.5 932.5 6.0 Pedestrian
29 180 11 359.5 932.5 6.0 Pedestrian
30 192 11 371.5 932.5 6.0 Pedestrian
31 204 11 382.5 932.5 6.0 Pedestrian
32 216 11 392.5 932.5 6.0 Pedestrian
33 228 11 402.5 932.5 6.0 Pedestrian
34 240 11 412.5 935.5 6.0 Pedestrian
35 252 11 422.5 935.5 6.0 Pedestrian
36 264 11 432.0 939.5 6.0 Pedestrian
37 276 11 441.5 939.5 6.0 Pedestrian
38 288 11 451.5 943.5 6.0 Pedestrian
39 300 11 461.5 943.5 6.0 Pedestrian
40 72 25 616.5 866.5 12.0 Pedestrian
41 84 25 621.5 862.5 12.0 Pedestrian
42 96 25 626.0 858.5 12.0 Pedestrian
43 108 25 634.5 851.5 12.0 Pedestrian
44 120 25 644.5 840.5 12.0 Pedestrian
45 132 25 645.5 829.5 12.0 Pedestrian
46 144 25 642.5 822.5 12.0 Pedestrian
47 156 25 639.5 814.5 12.0 Pedestrian
48 168 25 631.5 805.5 12.0 Pedestrian
49 180 25 623.5 796.5 12.0 Pedestrian
50 192 25 613.5 785.5 12.0 Pedestrian
51 204 25 605.5 778.0 12.0 Pedestrian
52 216 25 595.5 771.0 12.0 Pedestrian
53 228 25 585.5 760.0 12.0 Pedestrian
54 240 25 577.5 752.5 12.0 Pedestrian
55 252 25 567.5 741.5 12.0 Pedestrian
56 264 25 559.5 730.5 12.0 Pedestrian
57 276 25 548.0 723.0 12.0 Pedestrian
58 288 25 538.0 716.0 12.0 Pedestrian
59 300 25 528.5 708.5 12.0 Pedestrian
60 72 30 875.0 893.5 14.0 Pedestrian
61 84 30 902.0 890.0 14.0 Pedestrian
62 96 30 927.5 886.0 14.0 Pedestrian
63 108 30 954.0 882.5 14.0 Pedestrian
64 120 30 980.0 879.0 14.0 Pedestrian
65 132 30 995.0 884.5 14.0 Pedestrian
66 144 30 1005.0 888.0 14.0 Pedestrian
67 156 30 1002.0 888.0 14.0 Pedestrian
68 168 30 998.5 888.0 14.0 Pedestrian
69 180 30 995.0 888.0 14.0 Pedestrian
70 192 30 992.0 888.0 14.0 Pedestrian
71 204 30 989.0 884.5 14.0 Pedestrian
72 216 30 985.0 884.5 14.0 Pedestrian
73 228 30 982.0 884.5 14.0 Pedestrian
74 240 30 979.0 884.5 14.0 Pedestrian
75 252 30 975.5 884.5 14.0 Pedestrian
76 264 30 972.0 881.0 14.0 Pedestrian
77 276 30 969.0 881.0 14.0 Pedestrian
78 288 30 966.0 881.0 14.0 Pedestrian
79 300 30 962.0 881.0 14.0 Pedestrian
80 72 34 877.5 928.5 15.0 Pedestrian
81 84 34 904.0 932.5 15.0 Pedestrian
82 96 34 930.0 935.5 15.0 Pedestrian
83 108 34 958.0 939.5 15.0 Pedestrian
84 120 34 984.5 939.5 15.0 Pedestrian
85 132 34 998.0 939.5 15.0 Pedestrian
86 144 34 1006.0 939.5 15.0 Pedestrian
87 156 34 1002.5 939.5 15.0 Pedestrian
88 168 34 998.0 939.5 15.0 Pedestrian
89 180 34 994.5 939.5 15.0 Pedestrian
90 192 34 991.0 939.5 15.0 Pedestrian
91 204 34 986.0 939.5 15.0 Pedestrian
92 216 34 983.0 939.5 15.0 Pedestrian
93 228 34 979.5 939.5 15.0 Pedestrian
94 240 34 975.0 939.5 15.0 Pedestrian
95 252 34 971.5 939.5 15.0 Pedestrian
96 264 34 968.0 939.5 15.0 Pedestrian
97 276 34 963.0 939.5 15.0 Pedestrian
98 288 34 960.0 939.5 15.0 Pedestrian
99 300 34 956.5 939.5 15.0 Pedestrian
100 72 44 919.5 958.0 18.0 Pedestrian
101 84 44 947.0 963.0 18.0 Pedestrian
102 96 44 973.5 970.5 18.0 Pedestrian
103 108 44 1000.0 976.5 18.0 Pedestrian
104 120 44 1026.5 981.5 18.0 Pedestrian
105 132 44 1026.5 985.5 18.0 Pedestrian
106 144 44 1025.0 985.5 18.0 Pedestrian
107 156 44 1023.0 985.5 18.0 Pedestrian
108 168 44 1020.0 985.5 18.0 Pedestrian
109 180 44 1018.5 985.5 18.0 Pedestrian
110 192 44 1016.5 985.5 18.0 Pedestrian
111 204 44 1003.5 981.5 18.0 Pedestrian
112 216 44 990.5 978.0 18.0 Pedestrian
113 228 44 980.5 978.0 18.0 Pedestrian
114 240 44 972.0 978.0 18.0 Pedestrian
115 252 44 964.0 978.0 18.0 Pedestrian
116 264 44 955.5 981.5 18.0 Pedestrian
117 276 44 946.0 981.5 18.0 Pedestrian
118 288 44 937.5 981.5 18.0 Pedestrian
119 300 44 929.5 981.5 18.0 Pedestrian
120 72 48 915.5 987.0 19.0 Pedestrian
121 84 48 940.5 994.5 19.0 Pedestrian
122 96 48 964.5 1002.0 19.0 Pedestrian
123 108 48 989.5 1009.0 19.0 Pedestrian
124 120 48 1012.5 1013.0 19.0 Pedestrian
125 132 48 1015.0 1016.5 19.0 Pedestrian
126 144 48 1015.0 1016.5 19.0 Pedestrian
127 156 48 1015.0 1016.5 19.0 Pedestrian
128 168 48 1015.0 1018.0 19.0 Pedestrian
129 180 48 1015.0 1018.0 19.0 Pedestrian
130 192 48 1015.0 1018.0 19.0 Pedestrian
131 204 48 998.5 1016.5 19.0 Pedestrian
132 216 48 982.0 1011.0 19.0 Pedestrian
133 228 48 972.5 1011.0 19.0 Pedestrian
134 240 48 964.0 1011.0 19.0 Pedestrian
135 252 48 955.5 1011.0 19.0 Pedestrian
136 264 48 947.5 1011.0 19.0 Pedestrian
137 276 48 937.5 1011.0 19.0 Pedestrian
138 288 48 929.5 1011.0 19.0 Pedestrian
139 300 48 921.5 1011.0 19.0 Pedestrian
140 72 58 20.0 102.0 36.0 Pedestrian
141 84 58 23.0 117.0 36.0 Pedestrian
142 96 58 25.0 131.0 36.0 Pedestrian
143 108 58 28.0 146.0 36.0 Pedestrian
144 120 58 30.0 161.0 36.0 Pedestrian
145 132 58 32.0 175.0 36.0 Pedestrian
146 144 58 32.0 194.0 36.0 Pedestrian
147 156 58 33.0 208.0 36.0 Pedestrian
148 168 58 33.0 223.0 36.0 Pedestrian
149 180 58 35.0 241.0 36.0 Pedestrian
150 192 58 35.0 256.0 36.0 Pedestrian
151 204 58 36.5 274.0 36.0 Pedestrian
152 216 58 36.5 285.0 36.0 Pedestrian
153 228 58 36.5 296.0 36.0 Pedestrian
154 240 58 36.5 307.0 36.0 Pedestrian
155 252 58 36.5 318.0 36.0 Pedestrian
156 264 58 36.5 329.0 36.0 Pedestrian
157 276 58 38.0 340.0 36.0 Pedestrian
158 288 58 38.0 351.0 36.0 Pedestrian
159 300 58 38.0 362.0 36.0 Pedestrian
160 72 60 606.5 910.5 37.0 Pedestrian
161 84 60 616.0 912.0 37.0 Pedestrian
162 96 60 627.0 914.0 37.0 Pedestrian
163 108 60 637.5 916.0 37.0 Pedestrian
164 120 60 647.5 917.5 37.0 Pedestrian
165 132 60 649.0 915.5 37.0 Pedestrian
166 144 60 646.0 915.5 37.0 Pedestrian
167 156 60 637.5 915.5 37.0 Pedestrian
168 168 60 629.0 915.5 37.0 Pedestrian
169 180 60 619.5 915.5 37.0 Pedestrian
170 192 60 611.0 915.5 37.0 Pedestrian
171 204 60 603.0 912.0 37.0 Pedestrian
172 216 60 595.0 908.5 37.0 Pedestrian
173 228 60 586.5 908.5 37.0 Pedestrian
174 240 60 575.0 908.5 37.0 Pedestrian
175 252 60 565.0 908.5 37.0 Pedestrian
176 264 60 554.0 908.5 37.0 Pedestrian
177 276 60 544.0 908.5 37.0 Pedestrian
178 288 60 532.0 908.5 37.0 Pedestrian
179 300 60 527.5 893.5 37.0 Pedestrian
180 72 63 608.5 954.0 38.0 Pedestrian
181 84 63 618.5 954.0 38.0 Pedestrian
182 96 63 627.0 950.5 38.0 Pedestrian
183 108 63 636.5 950.5 38.0 Pedestrian
184 120 63 646.5 950.5 38.0 Pedestrian
185 132 63 648.5 950.5 38.0 Pedestrian
186 144 63 646.5 950.5 38.0 Pedestrian
187 156 63 638.5 950.5 38.0 Pedestrian
188 168 63 630.0 947.0 38.0 Pedestrian
189 180 63 620.5 947.0 38.0 Pedestrian
190 192 63 612.0 947.0 38.0 Pedestrian
191 204 63 605.5 947.0 38.0 Pedestrian
192 216 63 599.0 947.0 38.0 Pedestrian
193 228 63 594.0 947.0 38.0 Pedestrian
194 240 63 584.0 943.0 38.0 Pedestrian
195 252 63 574.5 939.5 38.0 Pedestrian
196 264 63 564.5 936.0 38.0 Pedestrian
197 276 63 556.0 932.0 38.0 Pedestrian
198 288 63 546.5 928.5 38.0 Pedestrian
199 300 63 536.5 925.0 38.0 Pedestrian
200 72 66 734.5 882.5 39.0 Pedestrian
201 84 66 747.5 882.5 39.0 Pedestrian
202 96 66 762.5 886.5 39.0 Pedestrian
203 108 66 775.5 890.0 39.0 Pedestrian
204 120 66 790.5 890.0 39.0 Pedestrian
205 132 66 787.5 893.5 39.0 Pedestrian
206 144 66 782.5 893.5 39.0 Pedestrian
207 156 66 777.5 893.5 39.0 Pedestrian
208 168 66 774.0 893.5 39.0 Pedestrian
209 180 66 769.5 893.5 39.0 Pedestrian
210 192 66 764.5 893.5 39.0 Pedestrian
211 204 66 741.5 882.5 39.0 Pedestrian
212 216 66 729.5 886.5 39.0 Pedestrian
213 228 66 719.5 890.0 39.0 Pedestrian
214 240 66 709.5 886.5 39.0 Pedestrian
215 252 66 700.0 886.5 39.0 Pedestrian
216 264 66 690.5 886.5 39.0 Pedestrian
217 276 66 682.0 882.5 39.0 Pedestrian
218 288 66 672.5 882.5 39.0 Pedestrian
219 300 66 662.5 882.5 39.0 Pedestrian
220 96 53 49.0 1496.5 31.0 Pedestrian
221 108 53 54.0 1507.5 31.0 Pedestrian
222 120 53 60.5 1522.5 31.0 Pedestrian
223 132 53 67.0 1536.5 31.0 Pedestrian
224 144 53 78.5 1544.5 31.0 Pedestrian
225 156 53 91.5 1555.5 31.0 Pedestrian
226 168 53 100.0 1555.5 31.0 Pedestrian
227 180 53 108.0 1558.5 31.0 Pedestrian
228 192 53 116.0 1562.5 31.0 Pedestrian
229 204 53 124.5 1569.5 31.0 Pedestrian
230 216 53 133.0 1577.5 31.0 Pedestrian
231 228 53 141.0 1584.5 31.0 Pedestrian
232 240 53 151.0 1595.5 31.0 Pedestrian
233 252 53 159.0 1606.5 31.0 Pedestrian
234 264 53 165.5 1613.5 31.0 Pedestrian
235 276 53 172.0 1617.5 31.0 Pedestrian
236 288 53 179.0 1624.5 31.0 Pedestrian
237 300 53 188.5 1632.5 31.0 Pedestrian
238 312 53 197.0 1639.5 31.0 Pedestrian
239 324 53 207.0 1643.5 31.0 Pedestrian
240 96 55 985.5 1181.5 34.0 Pedestrian
241 108 55 1008.5 1174.0 34.0 Pedestrian
242 120 55 1039.5 1163.0 34.0 Pedestrian
243 132 55 1067.5 1155.5 34.0 Pedestrian
244 144 55 1084.0 1148.5 34.0 Pedestrian
245 156 55 1095.5 1137.5 34.0 Pedestrian
246 168 55 1100.5 1130.0 34.0 Pedestrian
247 180 55 1107.0 1119.0 34.0 Pedestrian
248 192 55 1112.0 1112.0 34.0 Pedestrian
249 204 55 1112.0 1101.0 34.0 Pedestrian
250 216 55 1112.0 1086.0 34.0 Pedestrian
251 228 55 1113.5 1075.0 34.0 Pedestrian
252 240 55 1118.5 1068.0 34.0 Pedestrian
253 252 55 1122.0 1057.0 34.0 Pedestrian
254 264 55 1128.5 1046.0 34.0 Pedestrian
255 276 55 1138.5 1038.5 34.0 Pedestrian
256 288 55 1149.0 1027.5 34.0 Pedestrian
257 300 55 1158.0 1016.5 34.0 Pedestrian
258 312 55 1167.0 1013.0 34.0 Pedestrian
259 324 55 1167.0 1013.0 34.0 Pedestrian
260 120 18 1111.5 1007.5 9.0 Pedestrian
261 132 18 1153.5 1003.5 9.0 Pedestrian
262 144 18 1153.5 1000.0 9.0 Pedestrian
263 156 18 1153.5 992.5 9.0 Pedestrian
264 168 18 1153.5 985.5 9.0 Pedestrian
265 180 18 1153.5 981.5 9.0 Pedestrian
266 192 18 1153.5 974.5 9.0 Pedestrian
267 204 18 1150.5 967.0 9.0 Pedestrian
268 216 18 1142.5 956.0 9.0 Pedestrian
269 228 18 1127.5 948.5 9.0 Pedestrian
270 240 18 1119.5 948.5 9.0 Pedestrian
271 252 18 1111.5 948.5 9.0 Pedestrian
272 264 18 1102.5 948.5 9.0 Pedestrian
273 276 18 1096.5 948.5 9.0 Pedestrian
274 288 18 1088.5 948.5 9.0 Pedestrian
275 300 18 1079.5 948.5 9.0 Pedestrian
276 312 18 1073.5 948.5 9.0 Pedestrian
277 324 18 1058.5 948.5 9.0 Pedestrian
278 336 18 1045.5 948.5 9.0 Pedestrian
279 348 18 1032.5 948.5 9.0 Pedestrian
280 120 71 974.0 915.5 41.0 Pedestrian
281 132 71 992.0 915.5 41.0 Pedestrian
282 144 71 1006.5 915.5 41.0 Pedestrian
283 156 71 1003.5 915.5 41.0 Pedestrian
284 168 71 998.5 915.5 41.0 Pedestrian
285 180 71 995.5 915.5 41.0 Pedestrian
286 192 71 991.5 917.5 41.0 Pedestrian
287 204 71 987.0 916.0 41.0 Pedestrian
288 216 71 983.5 916.0 41.0 Pedestrian
289 228 71 979.5 917.5 41.0 Pedestrian
290 240 71 975.5 917.5 41.0 Pedestrian
291 252 71 971.5 917.5 41.0 Pedestrian
292 264 71 968.5 915.5 41.0 Pedestrian
293 276 71 964.0 917.5 41.0 Pedestrian
294 288 71 959.5 917.5 41.0 Pedestrian
295 300 71 956.5 917.5 41.0 Pedestrian
296 312 71 953.5 919.5 41.0 Pedestrian
297 324 71 945.5 915.5 41.0 Pedestrian
298 336 71 938.5 912.0 41.0 Pedestrian
299 348 71 931.5 912.0 41.0 Pedestrian
300 156 54 280.5 904.5 33.0 Pedestrian
301 168 54 269.5 901.0 33.0 Pedestrian
302 180 54 257.5 901.0 33.0 Pedestrian
303 192 54 247.5 901.0 33.0 Pedestrian
304 204 54 238.0 901.0 33.0 Pedestrian
305 216 54 226.5 904.5 33.0 Pedestrian
306 228 54 216.5 904.5 33.0 Pedestrian
307 240 54 206.5 904.5 33.0 Pedestrian
308 252 54 195.5 904.5 33.0 Pedestrian
309 264 54 185.5 904.5 33.0 Pedestrian
310 276 54 173.5 901.0 33.0 Pedestrian
311 288 54 164.0 901.0 33.0 Pedestrian
312 300 54 152.5 897.5 33.0 Pedestrian
313 312 54 142.5 897.5 33.0 Pedestrian
314 324 54 132.5 897.5 33.0 Pedestrian
315 336 54 121.5 893.5 33.0 Pedestrian
316 348 54 111.5 893.5 33.0 Pedestrian
317 360 54 98.5 890.0 33.0 Pedestrian
318 372 54 85.0 890.0 33.0 Pedestrian
319 384 54 71.5 886.5 33.0 Pedestrian
320 204 8 22.5 996.5 5.0 Pedestrian
321 216 8 32.5 992.5 5.0 Pedestrian
322 228 8 44.0 992.5 5.0 Pedestrian
323 240 8 54.0 992.5 5.0 Pedestrian
324 252 8 65.0 989.0 5.0 Pedestrian
325 264 8 77.0 989.0 5.0 Pedestrian
326 276 8 87.0 989.0 5.0 Pedestrian
327 288 8 98.0 985.5 5.0 Pedestrian
328 300 8 110.0 985.5 5.0 Pedestrian
329 312 8 119.5 985.5 5.0 Pedestrian
330 324 8 131.0 981.5 5.0 Pedestrian
331 336 8 142.5 981.5 5.0 Pedestrian
332 348 8 152.5 981.5 5.0 Pedestrian
333 360 8 164.0 978.0 5.0 Pedestrian
334 372 8 175.5 978.0 5.0 Pedestrian
335 384 8 185.0 978.0 5.0 Pedestrian
336 396 8 197.0 974.5 5.0 Pedestrian
337 408 8 208.5 974.5 5.0 Pedestrian
338 420 8 218.0 974.5 5.0 Pedestrian
339 432 8 230.0 970.5 5.0 Pedestrian
340 204 15 63.0 992.5 8.0 Pedestrian
341 216 15 73.0 989.0 8.0 Pedestrian
342 228 15 84.0 989.0 8.0 Pedestrian
343 240 15 94.0 989.0 8.0 Pedestrian
344 252 15 105.5 989.0 8.0 Pedestrian
345 264 15 115.5 989.0 8.0 Pedestrian
346 276 15 127.0 989.0 8.0 Pedestrian
347 288 15 137.0 989.0 8.0 Pedestrian
348 300 15 148.0 989.0 8.0 Pedestrian
349 312 15 160.0 985.5 8.0 Pedestrian
350 324 15 170.0 985.5 8.0 Pedestrian
351 336 15 181.0 985.5 8.0 Pedestrian
352 348 15 191.0 985.5 8.0 Pedestrian
353 360 15 203.0 985.5 8.0 Pedestrian
354 372 15 212.5 985.5 8.0 Pedestrian
355 384 15 224.0 985.5 8.0 Pedestrian
356 396 15 235.5 985.5 8.0 Pedestrian
357 408 15 245.0 981.5 8.0 Pedestrian
358 420 15 257.0 981.5 8.0 Pedestrian
359 432 15 267.0 981.5 8.0 Pedestrian
360 204 38 26.5 1007.5 16.0 Pedestrian
361 216 38 36.5 1003.5 16.0 Pedestrian
362 228 38 48.0 1003.5 16.0 Pedestrian
363 240 38 58.0 1003.5 16.0 Pedestrian
364 252 38 69.5 1003.5 16.0 Pedestrian
365 264 38 81.0 1000.0 16.0 Pedestrian
366 276 38 91.0 1000.0 16.0 Pedestrian
367 288 38 102.5 1000.0 16.0 Pedestrian
368 300 38 112.0 1000.0 16.0 Pedestrian
369 312 38 123.5 1000.0 16.0 Pedestrian
370 324 38 135.0 996.5 16.0 Pedestrian
371 336 38 145.0 996.5 16.0 Pedestrian
372 348 38 156.5 996.5 16.0 Pedestrian
373 360 38 166.5 996.5 16.0 Pedestrian
374 372 38 178.0 996.5 16.0 Pedestrian
375 384 38 189.5 992.5 16.0 Pedestrian
376 396 38 199.5 992.5 16.0 Pedestrian
377 408 38 211.0 992.5 16.0 Pedestrian
378 420 38 220.5 992.5 16.0 Pedestrian
379 432 38 232.0 992.5 16.0 Pedestrian
380 204 41 58.0 1024.0 17.0 Pedestrian
381 216 41 68.0 1020.0 17.0 Pedestrian
382 228 41 79.0 1020.0 17.0 Pedestrian
383 240 41 89.0 1020.0 17.0 Pedestrian
384 252 41 101.0 1020.0 17.0 Pedestrian
385 264 41 112.0 1020.0 17.0 Pedestrian
386 276 41 122.0 1020.0 17.0 Pedestrian
387 288 41 133.5 1020.0 17.0 Pedestrian
388 300 41 143.0 1020.0 17.0 Pedestrian
389 312 41 155.0 1020.0 17.0 Pedestrian
390 324 41 166.5 1020.0 17.0 Pedestrian
391 336 41 176.0 1020.0 17.0 Pedestrian
392 348 41 188.0 1020.0 17.0 Pedestrian
393 360 41 198.0 1020.0 17.0 Pedestrian
394 372 41 209.0 1020.0 17.0 Pedestrian
395 384 41 221.0 1020.0 17.0 Pedestrian
396 396 41 230.5 1020.0 17.0 Pedestrian
397 408 41 242.0 1020.0 17.0 Pedestrian
398 420 41 252.0 1020.0 17.0 Pedestrian
399 432 41 263.5 1020.0 17.0 Pedestrian
400 204 52 258.5 1207.0 28.0 Pedestrian
401 216 52 265.0 1210.5 28.0 Pedestrian
402 228 52 273.5 1214.0 28.0 Pedestrian
403 240 52 280.0 1218.0 28.0 Pedestrian
404 252 52 288.0 1221.5 28.0 Pedestrian
405 264 52 294.5 1225.0 28.0 Pedestrian
406 276 52 303.0 1229.0 28.0 Pedestrian
407 288 52 309.5 1232.5 28.0 Pedestrian
408 300 52 317.5 1236.0 28.0 Pedestrian
409 312 52 319.5 1240.0 28.0 Pedestrian
410 324 52 319.5 1240.0 28.0 Pedestrian
411 336 52 319.5 1240.0 28.0 Pedestrian
412 348 52 319.5 1240.0 28.0 Pedestrian
413 360 52 319.5 1240.0 28.0 Pedestrian
414 372 52 319.5 1240.0 28.0 Pedestrian
415 384 52 319.5 1240.0 28.0 Pedestrian
416 396 52 319.5 1240.0 28.0 Pedestrian
417 408 52 319.5 1240.0 28.0 Pedestrian
418 420 52 319.5 1240.0 28.0 Pedestrian
419 432 52 319.5 1240.0 28.0 Pedestrian
420 216 22 516.5 1707.5 11.0 Pedestrian
421 228 22 511.5 1707.5 11.0 Pedestrian
422 240 22 505.0 1707.5 11.0 Pedestrian
423 252 22 498.5 1707.5 11.0 Pedestrian
424 264 22 492.0 1707.5 11.0 Pedestrian
425 276 22 485.5 1707.5 11.0 Pedestrian
426 288 22 480.5 1712.5 11.0 Pedestrian
427 300 22 475.5 1718.5 11.0 Pedestrian
428 312 22 472.5 1720.0 11.0 Pedestrian
429 324 22 467.5 1726.0 11.0 Pedestrian
430 336 22 461.0 1727.5 11.0 Pedestrian
431 348 22 451.0 1724.0 11.0 Pedestrian
432 360 22 441.5 1718.5 11.0 Pedestrian
433 372 22 432.0 1716.5 11.0 Pedestrian
434 384 22 423.5 1714.5 11.0 Pedestrian
435 396 22 422.5 1722.0 11.0 Pedestrian
436 408 22 418.5 1726.0 11.0 Pedestrian
437 420 22 418.5 1729.0 11.0 Pedestrian
438 432 22 410.5 1729.0 11.0 Pedestrian
439 444 22 402.5 1729.0 11.0 Pedestrian
440 312 2 660.5 1029.0 1.0 Pedestrian
441 324 2 665.5 1029.0 1.0 Pedestrian
442 336 2 672.5 1029.0 1.0 Pedestrian
443 348 2 678.5 1029.0 1.0 Pedestrian
444 360 2 685.5 1033.0 1.0 Pedestrian
445 372 2 691.5 1033.0 1.0 Pedestrian
446 384 2 698.5 1033.0 1.0 Pedestrian
447 396 2 704.5 1033.0 1.0 Pedestrian
448 408 2 730.5 1027.5 1.0 Pedestrian
449 420 2 767.0 1016.5 1.0 Pedestrian
450 432 2 780.5 1029.0 1.0 Pedestrian
451 444 2 788.5 1026.0 1.0 Pedestrian
452 456 2 797.5 1026.0 1.0 Pedestrian
453 468 2 805.5 1026.0 1.0 Pedestrian
454 480 2 813.5 1026.0 1.0 Pedestrian
455 492 2 821.5 1026.0 1.0 Pedestrian
456 504 2 830.5 1022.0 1.0 Pedestrian
457 516 2 840.5 1022.0 1.0 Pedestrian
458 528 2 850.5 1022.0 1.0 Pedestrian
459 540 2 860.5 1022.0 1.0 Pedestrian
460 312 12 473.5 946.5 6.0 Pedestrian
461 324 12 481.5 946.5 6.0 Pedestrian
462 336 12 491.5 946.5 6.0 Pedestrian
463 348 12 499.5 946.5 6.0 Pedestrian
464 360 12 509.5 946.5 6.0 Pedestrian
465 372 12 517.5 946.5 6.0 Pedestrian
466 384 12 527.5 946.5 6.0 Pedestrian
467 396 12 537.5 946.5 6.0 Pedestrian
468 408 12 554.5 932.5 6.0 Pedestrian
469 420 12 576.0 915.5 6.0 Pedestrian
470 432 12 587.5 915.5 6.0 Pedestrian
471 444 12 597.5 915.5 6.0 Pedestrian
472 456 12 607.5 917.5 6.0 Pedestrian
473 468 12 617.5 917.5 6.0 Pedestrian
474 480 12 629.5 917.5 6.0 Pedestrian
475 492 12 639.5 917.5 6.0 Pedestrian
476 504 12 650.0 913.5 6.0 Pedestrian
477 516 12 659.0 912.0 6.0 Pedestrian
478 528 12 669.0 912.0 6.0 Pedestrian
479 540 12 678.0 908.5 6.0 Pedestrian
480 312 26 520.0 697.5 12.0 Pedestrian
481 324 26 513.5 690.0 12.0 Pedestrian
482 336 26 503.5 683.0 12.0 Pedestrian
483 348 26 490.5 672.0 12.0 Pedestrian
484 360 26 477.5 664.5 12.0 Pedestrian
485 372 26 464.0 657.0 12.0 Pedestrian
486 384 26 451.0 650.0 12.0 Pedestrian
487 396 26 439.5 642.5 12.0 Pedestrian
488 408 26 429.5 631.5 12.0 Pedestrian
489 420 26 419.5 624.0 12.0 Pedestrian
490 432 26 409.5 617.0 12.0 Pedestrian
491 444 26 400.0 606.0 12.0 Pedestrian
492 456 26 388.5 598.5 12.0 Pedestrian
493 468 26 378.5 591.5 12.0 Pedestrian
494 480 26 367.0 587.5 12.0 Pedestrian
495 492 26 355.5 580.5 12.0 Pedestrian
496 504 26 345.5 574.5 12.0 Pedestrian
497 516 26 335.5 571.0 12.0 Pedestrian
498 528 26 325.0 566.0 12.0 Pedestrian
499 540 26 312.0 558.0 12.0 Pedestrian
500 312 31 959.0 881.0 14.0 Pedestrian
501 324 31 951.0 877.0 14.0 Pedestrian
502 336 31 943.0 877.0 14.0 Pedestrian
503 348 31 934.0 877.0 14.0 Pedestrian
504 360 31 926.0 877.0 14.0 Pedestrian
505 372 31 918.0 877.0 14.0 Pedestrian
506 384 31 910.0 877.0 14.0 Pedestrian
507 396 31 903.0 877.0 14.0 Pedestrian
508 408 31 913.0 873.5 14.0 Pedestrian
509 420 31 934.0 873.5 14.0 Pedestrian
510 432 31 931.0 873.5 14.0 Pedestrian
511 444 31 926.0 873.5 14.0 Pedestrian
512 456 31 921.0 873.5 14.0 Pedestrian
513 468 31 915.0 873.5 14.0 Pedestrian
514 480 31 910.0 873.5 14.0 Pedestrian
515 492 31 905.0 873.5 14.0 Pedestrian
516 504 31 900.0 873.5 14.0 Pedestrian
517 516 31 895.0 873.5 14.0 Pedestrian
518 528 31 890.0 873.5 14.0 Pedestrian
519 540 31 885.0 875.5 14.0 Pedestrian
520 312 35 953.0 943.5 15.0 Pedestrian
521 324 35 945.0 939.5 15.0 Pedestrian
522 336 35 937.0 939.5 15.0 Pedestrian
523 348 35 928.5 935.5 15.0 Pedestrian
524 360 35 922.0 935.5 15.0 Pedestrian
525 372 35 914.0 932.5 15.0 Pedestrian
526 384 35 905.5 932.5 15.0 Pedestrian
527 396 35 897.5 932.5 15.0 Pedestrian
528 408 35 910.5 925.0 15.0 Pedestrian
529 420 35 937.5 919.5 15.0 Pedestrian
530 432 35 935.0 919.5 15.0 Pedestrian
531 444 35 929.5 923.0 15.0 Pedestrian
532 456 35 924.5 927.0 15.0 Pedestrian
533 468 35 919.0 928.5 15.0 Pedestrian
534 480 35 914.0 932.0 15.0 Pedestrian
535 492 35 909.0 934.0 15.0 Pedestrian
536 504 35 902.0 936.0 15.0 Pedestrian
537 516 35 897.5 936.0 15.0 Pedestrian
538 528 35 892.0 936.0 15.0 Pedestrian
539 540 35 886.0 936.0 15.0 Pedestrian
540 312 45 921.0 985.5 18.0 Pedestrian
541 324 45 911.5 981.5 18.0 Pedestrian
542 336 45 902.5 979.5 18.0 Pedestrian
543 348 45 893.5 976.5 18.0 Pedestrian
544 360 45 884.5 974.5 18.0 Pedestrian
545 372 45 862.5 974.5 18.0 Pedestrian
546 384 45 844.5 976.0 18.0 Pedestrian
547 396 45 838.5 976.0 18.0 Pedestrian
548 408 45 844.5 969.0 18.0 Pedestrian
549 420 45 864.5 961.5 18.0 Pedestrian
550 432 45 853.0 961.5 18.0 Pedestrian
551 444 45 839.5 961.5 18.0 Pedestrian
552 456 45 828.5 961.5 18.0 Pedestrian
553 468 45 818.5 961.5 18.0 Pedestrian
554 480 45 808.5 961.5 18.0 Pedestrian
555 492 45 798.5 961.5 18.0 Pedestrian
556 504 45 788.5 958.0 18.0 Pedestrian
557 516 45 777.5 958.0 18.0 Pedestrian
558 528 45 765.5 954.0 18.0 Pedestrian
559 540 45 754.5 952.5 18.0 Pedestrian
560 312 49 913.0 1011.0 19.0 Pedestrian
561 324 49 900.0 1007.0 19.0 Pedestrian
562 336 49 886.5 1007.0 19.0 Pedestrian
563 348 49 875.5 1007.0 19.0 Pedestrian
564 360 49 862.0 1007.0 19.0 Pedestrian
565 372 49 849.0 1011.0 19.0 Pedestrian
566 384 49 835.5 1011.0 19.0 Pedestrian
567 396 49 824.5 1004.0 19.0 Pedestrian
568 408 49 834.0 996.0 19.0 Pedestrian
569 420 49 857.0 993.0 19.0 Pedestrian
570 432 49 849.0 993.0 19.0 Pedestrian
571 444 49 835.5 993.0 19.0 Pedestrian
572 456 49 822.5 996.0 19.0 Pedestrian
573 468 49 811.0 996.0 19.0 Pedestrian
574 480 49 798.0 996.0 19.0 Pedestrian
575 492 49 786.5 996.0 19.0 Pedestrian
576 504 49 773.5 993.0 19.0 Pedestrian
577 516 49 763.5 993.0 19.0 Pedestrian
578 528 49 753.5 993.0 19.0 Pedestrian
579 540 49 743.5 993.0 19.0 Pedestrian
580 312 59 38.0 373.0 36.0 Pedestrian
581 324 59 38.0 384.0 36.0 Pedestrian
582 336 59 40.0 395.0 36.0 Pedestrian
583 348 59 40.0 406.0 36.0 Pedestrian
584 360 59 40.0 417.0 36.0 Pedestrian
585 372 59 40.0 428.0 36.0 Pedestrian
586 384 59 40.0 439.0 36.0 Pedestrian
587 396 59 40.0 450.0 36.0 Pedestrian
588 408 59 40.0 465.0 36.0 Pedestrian
589 420 59 40.0 476.0 36.0 Pedestrian
590 432 59 40.0 487.0 36.0 Pedestrian
591 444 59 40.0 498.0 36.0 Pedestrian
592 456 59 40.0 509.0 36.0 Pedestrian
593 468 59 40.0 520.0 36.0 Pedestrian
594 480 59 40.0 531.0 36.0 Pedestrian
595 492 59 40.0 542.0 36.0 Pedestrian
596 504 59 38.0 551.0 36.0 Pedestrian
597 516 59 36.0 562.0 36.0 Pedestrian
598 528 59 34.0 573.0 36.0 Pedestrian
599 540 59 31.5 584.0 36.0 Pedestrian
600 312 61 524.0 879.0 37.0 Pedestrian
601 324 61 512.5 893.5 37.0 Pedestrian
602 336 61 501.0 893.5 37.0 Pedestrian
603 348 61 488.0 893.5 37.0 Pedestrian
604 360 61 476.5 893.5 37.0 Pedestrian
605 372 61 465.0 893.5 37.0 Pedestrian
606 384 61 453.5 893.5 37.0 Pedestrian
607 396 61 442.0 879.0 37.0 Pedestrian
608 408 61 438.5 875.5 37.0 Pedestrian
609 420 61 438.5 879.0 37.0 Pedestrian
610 432 61 432.0 875.5 37.0 Pedestrian
611 444 61 425.5 871.5 37.0 Pedestrian
612 456 61 412.0 875.5 37.0 Pedestrian
613 468 61 394.0 882.5 37.0 Pedestrian
614 480 61 383.0 882.5 37.0 Pedestrian
615 492 61 371.0 879.0 37.0 Pedestrian
616 504 61 359.5 875.5 37.0 Pedestrian
617 516 61 350.0 873.5 37.0 Pedestrian
618 528 61 339.0 869.5 37.0 Pedestrian
619 540 61 329.5 868.0 37.0 Pedestrian
620 312 64 528.5 925.0 38.0 Pedestrian
621 324 64 516.5 921.0 38.0 Pedestrian
622 336 64 505.5 917.5 38.0 Pedestrian
623 348 64 493.5 917.5 38.0 Pedestrian
624 360 64 482.0 914.0 38.0 Pedestrian
625 372 64 470.5 914.0 38.0 Pedestrian
626 384 64 459.0 910.0 38.0 Pedestrian
627 396 64 447.5 910.0 38.0 Pedestrian
628 408 64 439.5 906.5 38.0 Pedestrian
629 420 64 434.5 906.5 38.0 Pedestrian
630 432 64 428.0 906.5 38.0 Pedestrian
631 444 64 423.0 906.5 38.0 Pedestrian
632 456 64 414.5 906.5 38.0 Pedestrian
633 468 64 401.5 906.5 38.0 Pedestrian
634 480 64 388.5 906.5 38.0 Pedestrian
635 492 64 375.5 906.5 38.0 Pedestrian
636 504 64 362.0 906.5 38.0 Pedestrian
637 516 64 352.5 903.0 38.0 Pedestrian
638 528 64 340.5 899.0 38.0 Pedestrian
639 540 64 330.5 899.0 38.0 Pedestrian
640 312 67 654.0 882.5 39.0 Pedestrian
641 324 67 640.5 879.0 39.0 Pedestrian
642 336 67 629.5 879.0 39.0 Pedestrian
643 348 67 617.5 879.0 39.0 Pedestrian
644 360 67 606.5 879.0 39.0 Pedestrian
645 372 67 593.5 879.0 39.0 Pedestrian
646 384 67 581.5 879.0 39.0 Pedestrian
647 396 67 570.5 879.0 39.0 Pedestrian
648 408 67 561.5 875.5 39.0 Pedestrian
649 420 67 557.0 875.5 39.0 Pedestrian
650 432 67 550.5 871.5 39.0 Pedestrian
651 444 67 545.5 871.5 39.0 Pedestrian
652 456 67 537.5 871.5 39.0 Pedestrian
653 468 67 524.5 871.5 39.0 Pedestrian
654 480 67 510.5 871.5 39.0 Pedestrian
655 492 67 499.5 871.5 39.0 Pedestrian
656 504 67 486.5 871.5 39.0 Pedestrian
657 516 67 474.0 873.5 39.0 Pedestrian
658 528 67 463.0 873.5 39.0 Pedestrian
659 540 67 451.0 875.0 39.0 Pedestrian
660 360 19 1019.5 948.5 9.0 Pedestrian
661 372 19 1005.5 948.5 9.0 Pedestrian
662 384 19 992.5 948.5 9.0 Pedestrian
663 396 19 979.5 948.5 9.0 Pedestrian
664 408 19 989.5 945.0 9.0 Pedestrian
665 420 19 1015.5 945.0 9.0 Pedestrian
666 432 19 1007.5 945.0 9.0 Pedestrian
667 444 19 996.5 948.5 9.0 Pedestrian
668 456 19 984.5 948.5 9.0 Pedestrian
669 468 19 973.5 952.5 9.0 Pedestrian
670 480 19 959.5 952.5 9.0 Pedestrian
671 492 19 948.5 956.0 9.0 Pedestrian
672 504 19 936.5 956.0 9.0 Pedestrian
673 516 19 926.0 956.0 9.0 Pedestrian
674 528 19 914.5 956.0 9.0 Pedestrian
675 540 19 903.0 956.0 9.0 Pedestrian
676 552 19 891.5 954.0 9.0 Pedestrian
677 564 19 881.0 952.5 9.0 Pedestrian
678 576 19 869.5 952.5 9.0 Pedestrian
679 588 19 858.0 950.5 9.0 Pedestrian
680 360 72 925.5 908.5 41.0 Pedestrian
681 372 72 918.5 908.5 41.0 Pedestrian
682 384 72 912.5 904.5 41.0 Pedestrian
683 396 72 905.5 904.5 41.0 Pedestrian
684 408 72 917.5 901.0 41.0 Pedestrian
685 420 72 938.5 897.5 41.0 Pedestrian
686 432 72 935.5 897.5 41.0 Pedestrian
687 444 72 930.5 901.0 41.0 Pedestrian
688 456 72 923.5 904.5 41.0 Pedestrian
689 468 72 918.5 908.5 41.0 Pedestrian
690 480 72 912.5 912.0 41.0 Pedestrian
691 492 72 907.5 915.5 41.0 Pedestrian
692 504 72 902.5 915.5 41.0 Pedestrian
693 516 72 897.5 915.5 41.0 Pedestrian
694 528 72 892.5 915.5 41.0 Pedestrian
695 540 72 888.5 915.5 41.0 Pedestrian
696 552 72 883.5 912.0 41.0 Pedestrian
697 564 72 878.5 912.0 41.0 Pedestrian
698 576 72 874.5 912.0 41.0 Pedestrian
699 588 72 869.5 908.5 41.0 Pedestrian
700 408 56 20.0 1474.5 35.0 Pedestrian
701 420 56 27.0 1485.5 35.0 Pedestrian
702 432 56 35.0 1500.0 35.0 Pedestrian
703 444 56 43.0 1515.0 35.0 Pedestrian
704 456 56 51.0 1526.0 35.0 Pedestrian
705 468 56 58.0 1537.0 35.0 Pedestrian
706 480 56 64.5 1544.0 35.0 Pedestrian
707 492 56 73.0 1555.0 35.0 Pedestrian
708 504 56 78.5 1562.5 35.0 Pedestrian
709 516 56 84.5 1566.5 35.0 Pedestrian
710 528 56 90.5 1571.5 35.0 Pedestrian
711 540 56 99.0 1579.0 35.0 Pedestrian
712 552 56 109.0 1590.0 35.0 Pedestrian
713 564 56 118.5 1601.0 35.0 Pedestrian
714 576 56 130.5 1612.0 35.0 Pedestrian
715 588 56 140.0 1623.0 35.0 Pedestrian
716 600 56 150.0 1634.0 35.0 Pedestrian
717 612 56 160.0 1645.0 35.0 Pedestrian
718 624 56 168.0 1656.0 35.0 Pedestrian
719 636 56 178.0 1667.0 35.0 Pedestrian
720 444 9 239.5 970.5 5.0 Pedestrian
721 456 9 251.0 970.5 5.0 Pedestrian
722 468 9 262.5 967.0 5.0 Pedestrian
723 480 9 272.5 967.0 5.0 Pedestrian
724 492 9 284.0 967.0 5.0 Pedestrian
725 504 9 295.5 965.0 5.0 Pedestrian
726 516 9 306.5 965.0 5.0 Pedestrian
727 528 9 317.5 965.0 5.0 Pedestrian
728 540 9 329.5 965.0 5.0 Pedestrian
729 552 9 339.5 965.0 5.0 Pedestrian
730 564 9 351.5 965.0 5.0 Pedestrian
731 576 9 363.5 965.0 5.0 Pedestrian
732 588 9 375.5 965.0 5.0 Pedestrian
733 600 9 386.0 965.0 5.0 Pedestrian
734 612 9 397.5 965.0 5.0 Pedestrian
735 624 9 409.5 960.0 5.0 Pedestrian
736 636 9 422.0 954.0 5.0 Pedestrian
737 648 9 434.5 948.5 5.0 Pedestrian
738 660 9 447.5 943.5 5.0 Pedestrian
739 672 9 449.5 946.5 5.0 Pedestrian
740 444 16 278.0 981.5 8.0 Pedestrian
741 456 16 288.0 981.5 8.0 Pedestrian
742 468 16 300.0 981.5 8.0 Pedestrian
743 480 16 311.0 981.5 8.0 Pedestrian
744 492 16 321.0 981.5 8.0 Pedestrian
745 504 16 332.5 981.5 8.0 Pedestrian
746 516 16 343.0 981.5 8.0 Pedestrian
747 528 16 355.5 983.5 8.0 Pedestrian
748 540 16 367.0 983.5 8.0 Pedestrian
749 552 16 377.5 985.0 8.0 Pedestrian
750 564 16 390.0 985.0 8.0 Pedestrian
751 576 16 401.5 987.0 8.0 Pedestrian
752 588 16 413.0 987.0 8.0 Pedestrian
753 600 16 425.0 989.0 8.0 Pedestrian
754 612 16 436.0 989.0 8.0 Pedestrian
755 624 16 449.0 985.5 8.0 Pedestrian
756 636 16 461.0 981.5 8.0 Pedestrian
757 648 16 474.0 974.5 8.0 Pedestrian
758 660 16 487.0 970.5 8.0 Pedestrian
759 672 16 485.0 970.5 8.0 Pedestrian
760 444 39 243.5 989.0 16.0 Pedestrian
761 456 39 253.5 989.0 16.0 Pedestrian
762 468 39 265.0 989.0 16.0 Pedestrian
763 480 39 275.0 989.0 16.0 Pedestrian
764 492 39 286.5 989.0 16.0 Pedestrian
765 504 39 298.0 989.0 16.0 Pedestrian
766 516 39 308.5 989.0 16.0 Pedestrian
767 528 39 319.5 989.0 16.0 Pedestrian
768 540 39 331.0 991.0 16.0 Pedestrian
769 552 39 341.5 991.0 16.0 Pedestrian
770 564 39 352.5 993.0 16.0 Pedestrian
771 576 39 363.5 993.0 16.0 Pedestrian
772 588 39 374.5 994.5 16.0 Pedestrian
773 600 39 386.0 994.5 16.0 Pedestrian
774 612 39 397.0 994.5 16.0 Pedestrian
775 624 39 410.0 991.0 16.0 Pedestrian
776 636 39 425.0 987.0 16.0 Pedestrian
777 648 39 438.0 980.0 16.0 Pedestrian
778 660 39 453.0 976.0 16.0 Pedestrian
779 672 39 453.0 980.0 16.0 Pedestrian
780 444 42 275.0 1020.0 17.0 Pedestrian
781 456 42 285.0 1020.0 17.0 Pedestrian
782 468 42 296.0 1020.0 17.0 Pedestrian
783 480 42 306.0 1020.0 17.0 Pedestrian
784 492 42 318.0 1020.0 17.0 Pedestrian
785 504 42 329.0 1016.5 17.0 Pedestrian
786 516 42 341.5 1016.5 17.0 Pedestrian
787 528 42 354.0 1016.5 17.0 Pedestrian
788 540 42 366.5 1013.0 17.0 Pedestrian
789 552 42 378.5 1013.0 17.0 Pedestrian
790 564 42 392.0 1013.0 17.0 Pedestrian
791 576 42 404.0 1009.0 17.0 Pedestrian
792 588 42 416.5 1009.0 17.0 Pedestrian
793 600 42 428.5 1009.0 17.0 Pedestrian
794 612 42 441.0 1009.0 17.0 Pedestrian
795 624 42 452.5 1009.0 17.0 Pedestrian
796 636 42 465.5 1009.0 17.0 Pedestrian
797 648 42 477.5 1013.0 17.0 Pedestrian
798 660 42 490.5 1013.0 17.0 Pedestrian
799 672 42 487.0 1016.5 17.0 Pedestrian
800 456 23 395.5 1729.0 11.0 Pedestrian
801 468 23 387.5 1729.0 11.0 Pedestrian
802 480 23 379.5 1729.0 11.0 Pedestrian
803 492 23 372.5 1729.0 11.0 Pedestrian
804 504 23 364.5 1727.5 11.0 Pedestrian
805 516 23 359.0 1722.0 11.0 Pedestrian
806 528 23 352.5 1718.0 11.0 Pedestrian
807 540 23 345.5 1713.0 11.0 Pedestrian
808 552 23 340.0 1705.5 11.0 Pedestrian
809 564 23 333.0 1700.0 11.0 Pedestrian
810 576 23 327.0 1696.5 11.0 Pedestrian
811 588 23 321.0 1690.5 11.0 Pedestrian
812 600 23 314.5 1685.5 11.0 Pedestrian
813 612 23 309.5 1681.5 11.0 Pedestrian
814 624 23 301.0 1678.0 11.0 Pedestrian
815 636 23 295.0 1674.5 11.0 Pedestrian
816 648 23 288.0 1674.5 11.0 Pedestrian
817 660 23 281.5 1670.5 11.0 Pedestrian
818 672 23 275.0 1667.0 11.0 Pedestrian
819 684 23 255.0 1645.0 11.0 Pedestrian
820 456 69 617.0 888.0 40.0 Pedestrian
821 468 69 627.0 888.0 40.0 Pedestrian
822 480 69 636.5 888.0 40.0 Pedestrian
823 492 69 646.5 888.0 40.0 Pedestrian
824 504 69 656.5 884.5 40.0 Pedestrian
825 516 69 666.5 882.5 40.0 Pedestrian
826 528 69 676.5 881.0 40.0 Pedestrian
827 540 69 686.0 879.0 40.0 Pedestrian
828 552 69 696.0 877.5 40.0 Pedestrian
829 564 69 705.5 873.5 40.0 Pedestrian
830 576 69 716.5 871.5 40.0 Pedestrian
831 588 69 726.5 869.5 40.0 Pedestrian
832 600 69 736.0 868.0 40.0 Pedestrian
833 612 69 747.0 864.5 40.0 Pedestrian
834 624 69 756.5 862.5 40.0 Pedestrian
835 636 69 767.5 862.5 40.0 Pedestrian
836 648 69 777.0 859.0 40.0 Pedestrian
837 660 69 787.0 857.0 40.0 Pedestrian
838 672 69 789.0 857.0 40.0 Pedestrian
839 684 69 779.0 857.0 40.0 Pedestrian
840 552 3 870.5 1022.0 1.0 Pedestrian
841 564 3 880.0 1022.0 1.0 Pedestrian
842 576 3 891.0 1022.0 1.0 Pedestrian
843 588 3 901.0 1022.0 1.0 Pedestrian
844 600 3 910.5 1022.0 1.0 Pedestrian
845 612 3 920.5 1022.0 1.0 Pedestrian
846 624 3 930.0 1022.0 1.0 Pedestrian
847 636 3 941.0 1022.0 1.0 Pedestrian
848 648 3 951.0 1022.0 1.0 Pedestrian
849 660 3 961.0 1022.0 1.0 Pedestrian
850 672 3 966.0 1015.0 1.0 Pedestrian
851 684 3 952.0 1004.0 1.0 Pedestrian
852 696 3 913.0 1004.0 1.0 Pedestrian
853 708 3 874.0 1004.0 1.0 Pedestrian
854 720 3 852.0 1007.0 1.0 Pedestrian
855 732 3 836.0 1007.0 1.0 Pedestrian
856 744 3 818.0 1004.0 1.0 Pedestrian
857 756 3 793.0 1004.0 1.0 Pedestrian
858 768 3 770.0 1004.0 1.0 Pedestrian
859 780 3 775.0 1007.0 1.0 Pedestrian
860 552 13 687.0 906.5 6.0 Pedestrian
861 564 13 697.5 903.0 6.0 Pedestrian
862 576 13 709.5 895.5 6.0 Pedestrian
863 588 13 722.5 890.0 6.0 Pedestrian
864 600 13 732.5 888.0 6.0 Pedestrian
865 612 13 742.5 886.0 6.0 Pedestrian
866 624 13 751.5 884.5 6.0 Pedestrian
867 636 13 761.5 881.0 6.0 Pedestrian
868 648 13 771.5 877.0 6.0 Pedestrian
869 660 13 784.5 877.0 6.0 Pedestrian
870 672 13 796.5 884.5 6.0 Pedestrian
871 684 13 786.5 884.5 6.0 Pedestrian
872 696 13 774.5 881.0 6.0 Pedestrian
873 708 13 765.0 881.0 6.0 Pedestrian
874 720 13 751.5 881.0 6.0 Pedestrian
875 732 13 735.5 881.0 6.0 Pedestrian
876 744 13 724.0 881.0 6.0 Pedestrian
877 756 13 719.0 881.0 6.0 Pedestrian
878 768 13 714.0 881.0 6.0 Pedestrian
879 780 13 710.5 881.0 6.0 Pedestrian
880 552 27 300.5 551.0 12.0 Pedestrian
881 564 27 289.0 540.0 12.0 Pedestrian
882 576 27 276.0 533.0 12.0 Pedestrian
883 588 27 264.0 525.5 12.0 Pedestrian
884 600 27 254.5 518.0 12.0 Pedestrian
885 612 27 248.0 518.0 12.0 Pedestrian
886 624 27 238.0 511.0 12.0 Pedestrian
887 636 27 226.5 503.5 12.0 Pedestrian
888 648 27 213.0 496.0 12.0 Pedestrian
889 660 27 202.0 489.0 12.0 Pedestrian
890 672 27 190.0 478.0 12.0 Pedestrian
891 684 27 177.0 467.0 12.0 Pedestrian
892 696 27 164.0 456.0 12.0 Pedestrian
893 708 27 151.0 445.0 12.0 Pedestrian
894 720 27 141.0 441.0 12.0 Pedestrian
895 732 27 131.0 441.0 12.0 Pedestrian
896 744 27 121.0 435.5 12.0 Pedestrian
897 756 27 108.0 426.5 12.0 Pedestrian
898 768 27 95.0 415.5 12.0 Pedestrian
899 780 27 83.0 403.0 12.0 Pedestrian
900 552 32 881.0 875.5 14.0 Pedestrian
901 564 32 876.0 875.5 14.0 Pedestrian
902 576 32 871.0 877.5 14.0 Pedestrian
903 588 32 866.0 879.0 14.0 Pedestrian
904 600 32 863.0 879.0 14.0 Pedestrian
905 612 32 858.0 880.5 14.0 Pedestrian
906 624 32 853.0 880.5 14.0 Pedestrian
907 636 32 848.5 882.5 14.0 Pedestrian
908 648 32 844.0 882.5 14.0 Pedestrian
909 660 32 839.0 882.5 14.0 Pedestrian
910 672 32 822.5 886.5 14.0 Pedestrian
911 684 32 791.5 890.0 14.0 Pedestrian
912 696 32 758.5 890.0 14.0 Pedestrian
913 708 32 727.5 893.5 14.0 Pedestrian
914 720 32 699.5 897.5 14.0 Pedestrian
915 732 32 676.5 901.0 14.0 Pedestrian
916 744 32 656.5 901.0 14.0 Pedestrian
917 756 32 636.5 901.0 14.0 Pedestrian
918 768 32 617.0 901.0 14.0 Pedestrian
919 780 32 600.5 897.5 14.0 Pedestrian
920 552 36 881.0 936.0 15.0 Pedestrian
921 564 36 875.0 938.0 15.0 Pedestrian
922 576 36 870.0 938.0 15.0 Pedestrian
923 588 36 864.0 938.0 15.0 Pedestrian
924 600 36 859.0 938.0 15.0 Pedestrian
925 612 36 853.0 939.5 15.0 Pedestrian
926 624 36 847.0 939.5 15.0 Pedestrian
927 636 36 841.5 939.5 15.0 Pedestrian
928 648 36 836.5 939.5 15.0 Pedestrian
929 660 36 831.0 939.5 15.0 Pedestrian
930 672 36 815.0 937.5 15.0 Pedestrian
931 684 36 787.0 937.5 15.0 Pedestrian
932 696 36 759.0 937.5 15.0 Pedestrian
933 708 36 731.0 937.5 15.0 Pedestrian
934 720 36 703.5 941.5 15.0 Pedestrian
935 732 36 672.0 952.5 15.0 Pedestrian
936 744 36 646.0 956.0 15.0 Pedestrian
937 756 36 626.0 952.5 15.0 Pedestrian
938 768 36 606.5 948.5 15.0 Pedestrian
939 780 36 588.0 945.0 15.0 Pedestrian
940 552 46 742.5 950.5 18.0 Pedestrian
941 564 46 731.5 948.5 18.0 Pedestrian
942 576 46 719.0 945.0 18.0 Pedestrian
943 588 46 707.5 945.0 18.0 Pedestrian
944 600 46 696.0 941.5 18.0 Pedestrian
945 612 46 684.5 939.5 18.0 Pedestrian
946 624 46 673.0 937.5 18.0 Pedestrian
947 636 46 661.5 935.5 18.0 Pedestrian
948 648 46 650.0 934.0 18.0 Pedestrian
949 660 46 638.5 932.5 18.0 Pedestrian
950 672 46 618.5 932.5 18.0 Pedestrian
951 684 46 590.5 932.5 18.0 Pedestrian
952 696 46 562.5 932.5 18.0 Pedestrian
953 708 46 533.0 932.5 18.0 Pedestrian
954 720 46 508.5 932.5 18.0 Pedestrian
955 732 46 485.5 932.5 18.0 Pedestrian
956 744 46 459.0 935.5 18.0 Pedestrian
957 756 46 429.5 946.5 18.0 Pedestrian
958 768 46 413.0 946.5 18.0 Pedestrian
959 780 46 403.0 946.5 18.0 Pedestrian
960 552 50 733.5 993.0 19.0 Pedestrian
961 564 50 724.0 991.0 19.0 Pedestrian
962 576 50 712.5 991.0 19.0 Pedestrian
963 588 50 702.5 991.0 19.0 Pedestrian
964 600 50 692.5 991.0 19.0 Pedestrian
965 612 50 682.5 989.0 19.0 Pedestrian
966 624 50 673.0 989.0 19.0 Pedestrian
967 636 50 661.5 989.0 19.0 Pedestrian
968 648 50 651.5 989.0 19.0 Pedestrian
969 660 50 641.5 989.0 19.0 Pedestrian
970 672 50 625.5 985.5 19.0 Pedestrian
971 684 50 597.5 985.5 19.0 Pedestrian
972 696 50 571.0 985.5 19.0 Pedestrian
973 708 50 543.0 985.5 19.0 Pedestrian
974 720 50 518.5 981.5 19.0 Pedestrian
975 732 50 497.0 981.5 19.0 Pedestrian
976 744 50 469.0 981.5 19.0 Pedestrian
977 756 50 429.5 981.5 19.0 Pedestrian
978 768 50 407.5 967.0 19.0 Pedestrian
979 780 50 397.5 974.5 19.0 Pedestrian
980 552 62 318.5 866.5 37.0 Pedestrian
981 564 62 307.5 862.5 37.0 Pedestrian
982 576 62 297.5 860.5 37.0 Pedestrian
983 588 62 286.5 857.0 37.0 Pedestrian
984 600 62 276.5 857.0 37.0 Pedestrian
985 612 62 266.5 857.0 37.0 Pedestrian
986 624 62 257.0 857.0 37.0 Pedestrian
987 636 62 247.0 857.0 37.0 Pedestrian
988 648 62 237.0 857.0 37.0 Pedestrian
989 660 62 227.5 857.0 37.0 Pedestrian
990 672 62 212.5 857.0 37.0 Pedestrian
991 684 62 196.0 860.5 37.0 Pedestrian
992 696 62 181.5 864.5 37.0 Pedestrian
993 708 62 166.5 864.5 37.0 Pedestrian
994 720 62 151.5 868.0 37.0 Pedestrian
995 732 62 137.0 871.5 37.0 Pedestrian
996 744 62 123.5 875.5 37.0 Pedestrian
997 756 62 110.5 879.0 37.0 Pedestrian
998 768 62 99.0 882.5 37.0 Pedestrian
999 780 62 86.0 886.5 37.0 Pedestrian
1000 552 65 318.5 895.5 38.0 Pedestrian
1001 564 65 308.0 892.0 38.0 Pedestrian
1002 576 65 297.5 888.0 38.0 Pedestrian
1003 588 65 285.5 884.5 38.0 Pedestrian
1004 600 65 275.5 884.5 38.0 Pedestrian
1005 612 65 267.5 888.0 38.0 Pedestrian
1006 624 65 259.5 888.0 38.0 Pedestrian
1007 636 65 249.5 892.0 38.0 Pedestrian
1008 648 65 241.5 895.5 38.0 Pedestrian
1009 660 65 233.5 895.5 38.0 Pedestrian
1010 672 65 218.5 899.0 38.0 Pedestrian
1011 684 65 203.5 903.0 38.0 Pedestrian
1012 696 65 188.5 906.5 38.0 Pedestrian
1013 708 65 173.5 906.5 38.0 Pedestrian
1014 720 65 157.5 910.0 38.0 Pedestrian
1015 732 65 142.5 914.0 38.0 Pedestrian
1016 744 65 126.5 917.5 38.0 Pedestrian
1017 756 65 111.5 921.0 38.0 Pedestrian
1018 768 65 96.5 925.0 38.0 Pedestrian
1019 780 65 81.5 928.5 38.0 Pedestrian
1020 552 68 439.0 877.0 39.0 Pedestrian
1021 564 68 427.0 879.0 39.0 Pedestrian
1022 576 68 414.5 879.0 39.0 Pedestrian
1023 588 68 403.5 880.5 39.0 Pedestrian
1024 600 68 390.5 882.5 39.0 Pedestrian
1025 612 68 380.5 884.5 39.0 Pedestrian
1026 624 68 363.5 881.0 39.0 Pedestrian
1027 636 68 349.0 881.0 39.0 Pedestrian
1028 648 68 334.0 877.0 39.0 Pedestrian
1029 660 68 319.5 877.0 39.0 Pedestrian
1030 672 68 303.0 877.0 39.0 Pedestrian
1031 684 68 288.0 877.0 39.0 Pedestrian
1032 696 68 271.5 877.0 39.0 Pedestrian
1033 708 68 255.5 877.0 39.0 Pedestrian
1034 720 68 237.0 877.0 39.0 Pedestrian
1035 732 68 220.5 881.0 39.0 Pedestrian
1036 744 68 202.5 884.5 39.0 Pedestrian
1037 756 68 184.5 884.5 39.0 Pedestrian
1038 768 68 168.0 884.5 39.0 Pedestrian
1039 780 68 151.5 884.5 39.0 Pedestrian
1040 600 20 846.0 950.5 9.0 Pedestrian
1041 612 20 835.0 950.5 9.0 Pedestrian
1042 624 20 823.5 948.5 9.0 Pedestrian
1043 636 20 812.0 947.0 9.0 Pedestrian
1044 648 20 800.5 947.0 9.0 Pedestrian
1045 660 20 789.5 947.0 9.0 Pedestrian
1046 672 20 776.5 943.0 9.0 Pedestrian
1047 684 20 740.5 943.0 9.0 Pedestrian
1048 696 20 702.5 939.5 9.0 Pedestrian
1049 708 20 666.5 939.5 9.0 Pedestrian
1050 720 20 635.0 939.5 9.0 Pedestrian
1051 732 20 607.5 939.5 9.0 Pedestrian
1052 744 20 582.5 936.0 9.0 Pedestrian
1053 756 20 559.5 932.0 9.0 Pedestrian
1054 768 20 538.0 928.5 9.0 Pedestrian
1055 780 20 520.0 928.5 9.0 Pedestrian
1056 792 20 513.5 932.0 9.0 Pedestrian
1057 804 20 506.5 939.5 9.0 Pedestrian
1058 816 20 497.0 939.5 9.0 Pedestrian
1059 828 20 485.5 939.5 9.0 Pedestrian
1060 600 73 865.5 908.5 41.0 Pedestrian
1061 612 73 861.0 908.5 41.0 Pedestrian
1062 624 73 856.0 908.5 41.0 Pedestrian
1063 636 73 851.0 904.5 41.0 Pedestrian
1064 648 73 847.0 904.5 41.0 Pedestrian
1065 660 73 842.0 904.5 41.0 Pedestrian
1066 672 73 826.0 904.5 41.0 Pedestrian
1067 684 73 795.0 904.5 41.0 Pedestrian
1068 696 73 763.0 904.5 41.0 Pedestrian
1069 708 73 732.0 904.5 41.0 Pedestrian
1070 720 73 704.0 908.5 41.0 Pedestrian
1071 732 73 679.5 919.5 41.0 Pedestrian
1072 744 73 658.0 923.0 41.0 Pedestrian
1073 756 73 638.0 923.0 41.0 Pedestrian
1074 768 73 619.0 919.5 41.0 Pedestrian
1075 780 73 601.0 915.5 41.0 Pedestrian
1076 792 73 594.0 915.5 41.0 Pedestrian
1077 804 73 586.0 912.0 41.0 Pedestrian
1078 816 73 578.0 908.5 41.0 Pedestrian
1079 828 73 571.0 908.5 41.0 Pedestrian
1080 648 57 186.0 1681.5 35.0 Pedestrian
1081 660 57 196.0 1692.5 35.0 Pedestrian
1082 672 57 202.5 1700.0 35.0 Pedestrian
1083 684 57 202.5 1689.0 35.0 Pedestrian
1084 696 57 201.0 1674.5 35.0 Pedestrian
1085 708 57 201.0 1659.5 35.0 Pedestrian
1086 720 57 194.5 1645.0 35.0 Pedestrian
1087 732 57 186.0 1634.0 35.0 Pedestrian
1088 744 57 178.0 1619.5 35.0 Pedestrian
1089 756 57 174.5 1612.0 35.0 Pedestrian
1090 768 57 174.5 1612.0 35.0 Pedestrian
1091 780 57 176.5 1612.0 35.0 Pedestrian
1092 792 57 176.5 1612.0 35.0 Pedestrian
1093 804 57 179.5 1615.5 35.0 Pedestrian
1094 816 57 187.5 1623.0 35.0 Pedestrian
1095 828 57 197.5 1626.5 35.0 Pedestrian
1096 840 57 206.0 1634.0 35.0 Pedestrian
1097 852 57 214.0 1637.5 35.0 Pedestrian
1098 864 57 222.5 1645.0 35.0 Pedestrian
1099 876 57 230.5 1648.5 35.0 Pedestrian
1100 672 5 1171.0 937.5 2.0 Pedestrian
1101 684 5 1130.0 930.5 2.0 Pedestrian
1102 696 5 1061.0 930.5 2.0 Pedestrian
1103 708 5 1021.5 930.5 2.0 Pedestrian
1104 720 5 964.0 937.5 2.0 Pedestrian
1105 732 5 934.0 930.5 2.0 Pedestrian
1106 744 5 900.0 932.0 2.0 Pedestrian
1107 756 5 859.5 934.0 2.0 Pedestrian
1108 768 5 820.0 934.0 2.0 Pedestrian
1109 780 5 814.0 934.0 2.0 Pedestrian
1110 792 5 814.0 936.0 2.0 Pedestrian
1111 804 5 814.0 937.5 2.0 Pedestrian
1112 816 5 806.0 937.5 2.0 Pedestrian
1113 828 5 795.0 934.0 2.0 Pedestrian
1114 840 5 783.0 930.5 2.0 Pedestrian
1115 852 5 770.0 926.5 2.0 Pedestrian
1116 864 5 758.0 919.5 2.0 Pedestrian
1117 876 5 747.0 915.5 2.0 Pedestrian
1118 888 5 734.0 912.0 2.0 Pedestrian
1119 900 5 722.0 908.5 2.0 Pedestrian
1120 672 6 1171.0 1005.5 3.0 Pedestrian
1121 684 6 1128.5 978.0 3.0 Pedestrian
1122 696 6 1061.0 967.0 3.0 Pedestrian
1123 708 6 1024.0 974.5 3.0 Pedestrian
1124 720 6 966.5 978.0 3.0 Pedestrian
1125 732 6 937.0 971.0 3.0 Pedestrian
1126 744 6 900.0 971.0 3.0 Pedestrian
1127 756 6 858.5 976.5 3.0 Pedestrian
1128 768 6 828.0 967.0 3.0 Pedestrian
1129 780 6 819.0 965.0 3.0 Pedestrian
1130 792 6 815.0 965.0 3.0 Pedestrian
1131 804 6 812.0 965.0 3.0 Pedestrian
1132 816 6 802.5 963.5 3.0 Pedestrian
1133 828 6 791.5 963.5 3.0 Pedestrian
1134 840 6 779.5 963.5 3.0 Pedestrian
1135 852 6 766.5 959.5 3.0 Pedestrian
1136 864 6 755.5 959.5 3.0 Pedestrian
1137 876 6 743.5 959.5 3.0 Pedestrian
1138 888 6 730.5 956.0 3.0 Pedestrian
1139 900 6 719.0 956.0 3.0 Pedestrian
1140 672 7 1152.0 895.5 4.0 Pedestrian
1141 684 7 1103.0 892.0 4.0 Pedestrian
1142 696 7 1035.5 895.5 4.0 Pedestrian
1143 708 7 986.0 895.5 4.0 Pedestrian
1144 720 7 938.5 892.0 4.0 Pedestrian
1145 732 7 905.5 895.5 4.0 Pedestrian
1146 744 7 873.0 899.0 4.0 Pedestrian
1147 756 7 833.0 903.0 4.0 Pedestrian
1148 768 7 794.0 903.0 4.0 Pedestrian
1149 780 7 782.0 903.0 4.0 Pedestrian
1150 792 7 777.0 903.0 4.0 Pedestrian
1151 804 7 771.0 903.0 4.0 Pedestrian
1152 816 7 759.0 903.0 4.0 Pedestrian
1153 828 7 744.5 903.0 4.0 Pedestrian
1154 840 7 728.0 903.0 4.0 Pedestrian
1155 852 7 713.0 903.0 4.0 Pedestrian
1156 864 7 698.5 903.0 4.0 Pedestrian
1157 876 7 688.5 899.0 4.0 Pedestrian
1158 888 7 677.0 899.0 4.0 Pedestrian
1159 900 7 665.5 895.5 4.0 Pedestrian
1160 672 29 998.0 941.5 13.0 Pedestrian
1161 684 29 963.0 941.5 13.0 Pedestrian
1162 696 29 909.0 937.5 13.0 Pedestrian
1163 708 29 856.0 934.0 13.0 Pedestrian
1164 720 29 812.0 937.5 13.0 Pedestrian
1165 732 29 769.0 930.5 13.0 Pedestrian
1166 744 29 736.0 930.5 13.0 Pedestrian
1167 756 29 703.0 937.5 13.0 Pedestrian
1168 768 29 682.0 934.0 13.0 Pedestrian
1169 780 29 675.5 948.5 13.0 Pedestrian
1170 792 29 664.0 937.5 13.0 Pedestrian
1171 804 29 655.5 963.5 13.0 Pedestrian
1172 816 29 644.0 959.5 13.0 Pedestrian
1173 828 29 628.0 952.5 13.0 Pedestrian
1174 840 29 611.0 948.5 13.0 Pedestrian
1175 852 29 596.5 945.0 13.0 Pedestrian
1176 864 29 585.0 948.5 13.0 Pedestrian
1177 876 29 573.5 956.0 13.0 Pedestrian
1178 888 29 562.0 963.5 13.0 Pedestrian
1179 900 29 554.0 963.5 13.0 Pedestrian
1180 672 74 1080.5 818.5 42.0 Pedestrian
1181 684 74 1046.5 818.5 42.0 Pedestrian
1182 696 74 1013.5 818.5 42.0 Pedestrian
1183 708 74 980.5 818.5 42.0 Pedestrian
1184 720 74 946.0 818.5 42.0 Pedestrian
1185 732 74 913.0 818.5 42.0 Pedestrian
1186 744 74 888.5 818.5 42.0 Pedestrian
1187 756 74 881.5 818.5 42.0 Pedestrian
1188 768 74 873.5 818.5 42.0 Pedestrian
1189 780 74 867.0 818.5 42.0 Pedestrian
1190 792 74 860.5 818.5 42.0 Pedestrian
1191 804 74 852.0 814.5 42.0 Pedestrian
1192 816 74 845.5 814.5 42.0 Pedestrian
1193 828 74 839.0 814.5 42.0 Pedestrian
1194 840 74 830.5 814.5 42.0 Pedestrian
1195 852 74 824.5 811.5 42.0 Pedestrian
1196 864 74 816.0 811.5 42.0 Pedestrian
1197 876 74 809.5 811.5 42.0 Pedestrian
1198 888 74 802.5 811.5 42.0 Pedestrian
1199 900 74 798.0 811.5 42.0 Pedestrian
1200 684 10 449.5 950.5 5.0 Pedestrian
1201 696 10 449.5 957.5 5.0 Pedestrian
1202 708 10 449.5 961.5 5.0 Pedestrian
1203 720 10 442.5 965.5 5.0 Pedestrian
1204 732 10 434.5 965.5 5.0 Pedestrian
1205 744 10 426.5 965.5 5.0 Pedestrian
1206 756 10 418.0 968.5 5.0 Pedestrian
1207 768 10 421.5 968.5 5.0 Pedestrian
1208 780 10 426.5 972.5 5.0 Pedestrian
1209 792 10 431.0 972.5 5.0 Pedestrian
1210 804 10 446.0 990.5 5.0 Pedestrian
1211 816 10 456.0 994.5 5.0 Pedestrian
1212 828 10 459.0 983.5 5.0 Pedestrian
1213 840 10 460.5 972.5 5.0 Pedestrian
1214 852 10 462.5 961.5 5.0 Pedestrian
1215 864 10 464.0 950.5 5.0 Pedestrian
1216 876 10 477.5 946.5 5.0 Pedestrian
1217 888 10 482.0 950.5 5.0 Pedestrian
1218 900 10 487.0 965.5 5.0 Pedestrian
1219 912 10 495.5 961.5 5.0 Pedestrian
1220 684 17 482.0 974.5 8.0 Pedestrian
1221 696 17 480.5 978.0 8.0 Pedestrian
1222 708 17 477.0 978.0 8.0 Pedestrian
1223 720 17 469.0 981.5 8.0 Pedestrian
1224 732 17 457.5 981.5 8.0 Pedestrian
1225 744 17 446.0 981.5 8.0 Pedestrian
1226 756 17 434.0 981.5 8.0 Pedestrian
1227 768 17 441.0 981.5 8.0 Pedestrian
1228 780 17 448.0 981.5 8.0 Pedestrian
1229 792 17 456.0 981.5 8.0 Pedestrian
1230 804 17 462.0 981.5 8.0 Pedestrian
1231 816 17 467.0 981.5 8.0 Pedestrian
1232 828 17 474.0 978.0 8.0 Pedestrian
1233 840 17 479.0 978.0 8.0 Pedestrian
1234 852 17 485.0 974.5 8.0 Pedestrian
1235 864 17 490.0 974.5 8.0 Pedestrian
1236 876 17 497.0 970.5 8.0 Pedestrian
1237 888 17 504.0 970.5 8.0 Pedestrian
1238 900 17 510.0 963.5 8.0 Pedestrian
1239 912 17 518.0 959.5 8.0 Pedestrian
1240 684 40 453.0 983.5 16.0 Pedestrian
1241 696 40 451.0 991.0 16.0 Pedestrian
1242 708 40 451.0 994.5 16.0 Pedestrian
1243 720 40 444.0 998.0 16.0 Pedestrian
1244 732 40 436.0 998.0 16.0 Pedestrian
1245 744 40 428.0 998.0 16.0 Pedestrian
1246 756 40 421.0 1002.0 16.0 Pedestrian
1247 768 40 425.0 1005.5 16.0 Pedestrian
1248 780 40 428.0 1009.0 16.0 Pedestrian
1249 792 40 431.0 1013.0 16.0 Pedestrian
1250 804 40 444.0 1013.0 16.0 Pedestrian
1251 816 40 456.0 1009.0 16.0 Pedestrian
1252 828 40 461.5 1005.5 16.0 Pedestrian
1253 840 40 468.5 1002.0 16.0 Pedestrian
1254 852 40 474.5 998.0 16.0 Pedestrian
1255 864 40 480.5 996.0 16.0 Pedestrian
1256 876 40 475.0 994.5 16.0 Pedestrian
1257 888 40 487.0 987.0 16.0 Pedestrian
1258 900 40 485.0 998.0 16.0 Pedestrian
1259 912 40 494.0 991.0 16.0 Pedestrian
1260 684 43 483.5 1016.5 17.0 Pedestrian
1261 696 43 480.5 1016.5 17.0 Pedestrian
1262 708 43 475.5 1016.5 17.0 Pedestrian
1263 720 43 469.0 1013.0 17.0 Pedestrian
1264 732 43 459.0 1013.0 17.0 Pedestrian
1265 744 43 449.5 1009.0 17.0 Pedestrian
1266 756 43 440.0 1009.0 17.0 Pedestrian
1267 768 43 443.5 1009.0 17.0 Pedestrian
1268 780 43 448.5 1013.0 17.0 Pedestrian
1269 792 43 452.5 1013.0 17.0 Pedestrian
1270 804 43 459.0 1013.0 17.0 Pedestrian
1271 816 43 465.5 1009.0 17.0 Pedestrian
1272 828 43 472.5 1009.0 17.0 Pedestrian
1273 840 43 479.0 1005.5 17.0 Pedestrian
1274 852 43 485.5 1002.0 17.0 Pedestrian
1275 864 43 492.0 998.0 17.0 Pedestrian
1276 876 43 498.5 998.0 17.0 Pedestrian
1277 888 43 507.0 1009.0 17.0 Pedestrian
1278 900 43 513.5 1002.0 17.0 Pedestrian
1279 912 43 521.5 998.0 17.0 Pedestrian
1280 696 24 237.0 1623.0 11.0 Pedestrian
1281 708 24 217.0 1601.0 11.0 Pedestrian
1282 720 24 198.0 1579.0 11.0 Pedestrian
1283 732 24 176.0 1557.0 11.0 Pedestrian
1284 744 24 156.5 1535.0 11.0 Pedestrian
1285 756 24 142.0 1520.5 11.0 Pedestrian
1286 768 24 138.5 1520.5 11.0 Pedestrian
1287 780 24 133.5 1516.5 11.0 Pedestrian
1288 792 24 122.0 1498.5 11.0 Pedestrian
1289 804 24 112.0 1480.0 11.0 Pedestrian
1290 816 24 112.0 1476.5 11.0 Pedestrian
1291 828 24 114.0 1472.5 11.0 Pedestrian
1292 840 24 114.0 1469.0 11.0 Pedestrian
1293 852 24 115.5 1465.5 11.0 Pedestrian
1294 864 24 115.5 1461.5 11.0 Pedestrian
1295 876 24 117.0 1458.0 11.0 Pedestrian
1296 888 24 119.0 1458.0 11.0 Pedestrian
1297 900 24 112.0 1447.0 11.0 Pedestrian
1298 912 24 107.0 1439.5 11.0 Pedestrian
1299 924 24 101.0 1432.5 11.0 Pedestrian
1300 696 70 767.5 857.0 40.0 Pedestrian
1301 708 70 757.5 857.0 40.0 Pedestrian
1302 720 70 746.0 857.0 40.0 Pedestrian
1303 732 70 733.0 857.0 40.0 Pedestrian
1304 744 70 723.0 857.0 40.0 Pedestrian
1305 756 70 718.0 857.0 40.0 Pedestrian
1306 768 70 713.0 857.0 40.0 Pedestrian
1307 780 70 709.0 857.0 40.0 Pedestrian
1308 792 70 709.0 857.0 40.0 Pedestrian
1309 804 70 710.5 857.0 40.0 Pedestrian
1310 816 70 714.0 857.0 40.0 Pedestrian
1311 828 70 717.5 857.0 40.0 Pedestrian
1312 840 70 720.5 857.0 40.0 Pedestrian
1313 852 70 722.5 857.0 40.0 Pedestrian
1314 864 70 725.5 857.0 40.0 Pedestrian
1315 876 70 728.5 857.0 40.0 Pedestrian
1316 888 70 732.0 857.0 40.0 Pedestrian
1317 900 70 737.0 857.0 40.0 Pedestrian
1318 912 70 743.5 857.0 40.0 Pedestrian
1319 924 70 750.5 857.0 40.0 Pedestrian
1320 768 0 947.5 936.0 0.0 Pedestrian
1321 780 0 941.0 939.5 0.0 Pedestrian
1322 792 0 936.0 947.0 0.0 Pedestrian
1323 804 0 929.5 954.0 0.0 Pedestrian
1324 816 0 914.5 958.0 0.0 Pedestrian
1325 828 0 871.5 950.5 0.0 Pedestrian
1326 840 0 857.5 954.0 0.0 Pedestrian
1327 852 0 862.0 965.0 0.0 Pedestrian
1328 864 0 867.0 972.5 0.0 Pedestrian
1329 876 0 863.5 980.0 0.0 Pedestrian
1330 888 0 853.5 987.0 0.0 Pedestrian
1331 900 0 847.5 991.0 0.0 Pedestrian
1332 912 0 847.5 991.0 0.0 Pedestrian
1333 924 0 847.5 991.0 0.0 Pedestrian
1334 936 0 842.5 1002.0 0.0 Pedestrian
1335 948 0 839.0 1016.5 0.0 Pedestrian
1336 960 0 834.5 1027.5 0.0 Pedestrian
1337 972 0 824.5 1035.0 0.0 Pedestrian
1338 984 0 816.0 1042.0 0.0 Pedestrian
1339 996 0 829.5 1053.0 0.0 Pedestrian
1340 780 21 25.0 675.5 10.0 Pedestrian
1341 792 21 25.0 664.5 10.0 Pedestrian
1342 804 21 26.5 653.5 10.0 Pedestrian
1343 816 21 28.5 642.5 10.0 Pedestrian
1344 828 21 29.5 627.5 10.0 Pedestrian
1345 840 21 31.5 617.0 10.0 Pedestrian
1346 852 21 34.5 602.5 10.0 Pedestrian
1347 864 21 36.5 591.5 10.0 Pedestrian
1348 876 21 38.5 576.5 10.0 Pedestrian
1349 888 21 38.5 565.5 10.0 Pedestrian
1350 900 21 38.5 554.5 10.0 Pedestrian
1351 912 21 36.5 543.5 10.0 Pedestrian
1352 924 21 36.5 529.5 10.0 Pedestrian
1353 936 21 36.5 510.5 10.0 Pedestrian
1354 948 21 36.5 496.5 10.0 Pedestrian
1355 960 21 38.5 477.5 10.0 Pedestrian
1356 972 21 38.5 459.5 10.0 Pedestrian
1357 984 21 38.5 444.5 10.0 Pedestrian
1358 996 21 38.5 426.5 10.0 Pedestrian
1359 1008 21 39.0 410.0 10.0 Pedestrian
1360 792 4 786.0 1011.0 1.0 Pedestrian
1361 804 4 800.0 1015.0 1.0 Pedestrian
1362 816 4 803.0 1015.0 1.0 Pedestrian
1363 828 4 801.0 1011.0 1.0 Pedestrian
1364 840 4 800.0 1004.0 1.0 Pedestrian
1365 852 4 798.0 1000.0 1.0 Pedestrian
1366 864 4 798.0 996.0 1.0 Pedestrian
1367 876 4 801.0 989.0 1.0 Pedestrian
1368 888 4 803.5 983.5 1.0 Pedestrian
1369 900 4 807.0 978.0 1.0 Pedestrian
1370 912 4 810.0 972.5 1.0 Pedestrian
1371 924 4 812.5 965.0 1.0 Pedestrian
1372 936 4 816.0 961.5 1.0 Pedestrian
1373 948 4 820.0 961.5 1.0 Pedestrian
1374 960 4 825.0 961.5 1.0 Pedestrian
1375 972 4 829.0 961.5 1.0 Pedestrian
1376 984 4 836.5 963.5 1.0 Pedestrian
1377 996 4 851.0 965.5 1.0 Pedestrian
1378 1008 4 870.5 967.0 1.0 Pedestrian
1379 1020 4 919.5 978.0 1.0 Pedestrian
1380 792 14 704.5 881.0 6.0 Pedestrian
1381 804 14 699.5 873.5 6.0 Pedestrian
1382 816 14 692.5 870.0 6.0 Pedestrian
1383 828 14 686.0 866.0 6.0 Pedestrian
1384 840 14 681.5 862.5 6.0 Pedestrian
1385 852 14 674.5 855.0 6.0 Pedestrian
1386 864 14 664.5 848.0 6.0 Pedestrian
1387 876 14 651.5 848.0 6.0 Pedestrian
1388 888 14 645.0 851.5 6.0 Pedestrian
1389 900 14 631.5 848.0 6.0 Pedestrian
1390 912 14 613.5 844.0 6.0 Pedestrian
1391 924 14 605.5 844.0 6.0 Pedestrian
1392 936 14 603.5 848.0 6.0 Pedestrian
1393 948 14 602.5 848.0 6.0 Pedestrian
1394 960 14 600.5 851.5 6.0 Pedestrian
1395 972 14 600.5 855.0 6.0 Pedestrian
1396 984 14 599.0 859.0 6.0 Pedestrian
1397 996 14 597.5 859.0 6.0 Pedestrian
1398 1008 14 605.5 864.5 6.0 Pedestrian
1399 1020 14 617.0 871.5 6.0 Pedestrian
1400 792 28 74.0 393.5 12.0 Pedestrian
1401 804 28 71.0 382.5 12.0 Pedestrian
1402 816 28 66.0 368.0 12.0 Pedestrian
1403 828 28 63.0 357.0 12.0 Pedestrian
1404 840 28 58.0 346.0 12.0 Pedestrian
1405 852 28 55.0 335.0 12.0 Pedestrian
1406 864 28 50.0 324.0 12.0 Pedestrian
1407 876 28 46.0 313.0 12.0 Pedestrian
1408 888 28 43.0 302.0 12.0 Pedestrian
1409 900 28 43.0 283.5 12.0 Pedestrian
1410 912 28 43.0 269.0 12.0 Pedestrian
1411 924 28 43.0 254.0 12.0 Pedestrian
1412 936 28 43.0 239.5 12.0 Pedestrian
1413 948 28 43.0 225.0 12.0 Pedestrian
1414 960 28 43.0 210.0 12.0 Pedestrian
1415 972 28 43.0 195.5 12.0 Pedestrian
1416 984 28 43.0 181.0 12.0 Pedestrian
1417 996 28 43.0 166.0 12.0 Pedestrian
1418 1008 28 40.5 142.5 12.0 Pedestrian
1419 1020 28 39.5 117.0 12.0 Pedestrian
1420 792 33 594.0 897.5 14.0 Pedestrian
1421 804 33 587.5 893.5 14.0 Pedestrian
1422 816 33 580.5 893.5 14.0 Pedestrian
1423 828 33 572.5 890.0 14.0 Pedestrian
1424 840 33 566.0 890.0 14.0 Pedestrian
1425 852 33 559.5 886.5 14.0 Pedestrian
1426 864 33 552.5 886.5 14.0 Pedestrian
1427 876 33 546.5 882.5 14.0 Pedestrian
1428 888 33 538.0 882.5 14.0 Pedestrian
1429 900 33 534.5 882.5 14.0 Pedestrian
1430 912 33 531.5 882.5 14.0 Pedestrian
1431 924 33 528.5 882.5 14.0 Pedestrian
1432 936 33 526.5 882.5 14.0 Pedestrian
1433 948 33 523.5 882.5 14.0 Pedestrian
1434 960 33 521.5 882.5 14.0 Pedestrian
1435 972 33 518.5 882.5 14.0 Pedestrian
1436 984 33 516.5 882.5 14.0 Pedestrian
1437 996 33 513.5 882.5 14.0 Pedestrian
1438 1008 33 513.5 884.5 14.0 Pedestrian
1439 1020 33 515.0 890.0 14.0 Pedestrian
1440 792 37 581.5 945.0 15.0 Pedestrian
1441 804 37 573.5 941.5 15.0 Pedestrian
1442 816 37 567.0 937.5 15.0 Pedestrian
1443 828 37 558.5 937.5 15.0 Pedestrian
1444 840 37 552.0 934.0 15.0 Pedestrian
1445 852 37 544.0 934.0 15.0 Pedestrian
1446 864 37 537.0 930.5 15.0 Pedestrian
1447 876 37 529.0 926.5 15.0 Pedestrian
1448 888 37 521.0 926.5 15.0 Pedestrian
1449 900 37 517.5 926.5 15.0 Pedestrian
1450 912 37 516.0 926.5 15.0 Pedestrian
1451 924 37 514.0 926.5 15.0 Pedestrian
1452 936 37 514.0 926.5 15.0 Pedestrian
1453 948 37 512.5 926.5 15.0 Pedestrian
1454 960 37 511.0 926.5 15.0 Pedestrian
1455 972 37 509.0 926.5 15.0 Pedestrian
1456 984 37 509.0 926.5 15.0 Pedestrian
1457 996 37 507.5 926.5 15.0 Pedestrian
1458 1008 37 510.0 921.0 15.0 Pedestrian
1459 1020 37 515.0 917.5 15.0 Pedestrian
1460 792 47 393.5 946.5 18.0 Pedestrian
1461 804 47 385.0 946.5 18.0 Pedestrian
1462 816 47 373.5 943.5 18.0 Pedestrian
1463 828 47 359.0 943.5 18.0 Pedestrian
1464 840 47 347.5 943.5 18.0 Pedestrian
1465 852 47 339.0 943.5 18.0 Pedestrian
1466 864 47 331.0 935.5 18.0 Pedestrian
1467 876 47 315.5 934.0 18.0 Pedestrian
1468 888 47 313.0 934.0 18.0 Pedestrian
1469 900 47 304.5 950.5 18.0 Pedestrian
1470 912 47 298.0 950.5 18.0 Pedestrian
1471 924 47 289.5 946.5 18.0 Pedestrian
1472 936 47 283.0 946.5 18.0 Pedestrian
1473 948 47 276.5 946.5 18.0 Pedestrian
1474 960 47 266.5 946.5 18.0 Pedestrian
1475 972 47 255.0 946.5 18.0 Pedestrian
1476 984 47 245.5 943.5 18.0 Pedestrian
1477 996 47 237.0 935.5 18.0 Pedestrian
1478 1008 47 229.0 934.0 18.0 Pedestrian
1479 1020 47 224.0 934.0 18.0 Pedestrian
1480 792 51 387.5 981.5 19.0 Pedestrian
1481 804 51 381.0 981.5 19.0 Pedestrian
1482 816 51 371.0 978.0 19.0 Pedestrian
1483 828 51 358.0 978.0 19.0 Pedestrian
1484 840 51 348.0 978.0 19.0 Pedestrian
1485 852 51 344.0 981.5 19.0 Pedestrian
1486 864 51 323.0 981.5 19.0 Pedestrian
1487 876 51 317.5 972.5 19.0 Pedestrian
1488 888 51 311.0 961.5 19.0 Pedestrian
1489 900 51 301.5 961.5 19.0 Pedestrian
1490 912 51 293.0 969.0 19.0 Pedestrian
1491 924 51 284.5 976.0 19.0 Pedestrian
1492 936 51 278.5 976.0 19.0 Pedestrian
1493 948 51 270.0 978.0 19.0 Pedestrian
1494 960 51 266.5 978.0 19.0 Pedestrian
1495 972 51 257.0 981.5 19.0 Pedestrian
1496 984 51 245.5 978.0 19.0 Pedestrian
1497 996 51 237.0 978.0 19.0 Pedestrian
1498 1008 51 230.0 974.5 19.0 Pedestrian
1499 1020 51 225.0 976.5 19.0 Pedestrian
