0 1.0 13.449 3.938
10 1.0 12.935 3.938
20 1.0 12.422 3.938
30 1.0 11.919 3.958
40 1.0 11.428 3.998
50 1.0 10.937 4.037
60 1.0 10.467 3.992
70 1.0 10.019 3.861
0 2.0 13.343 4.439
10 2.0 12.825 4.43
20 2.0 12.307 4.421
30 2.0 11.814 4.434
40 2.0 11.36 4.48
50 2.0 10.905 4.526
60 2.0 10.438 4.526
70 2.0 9.945 4.419
0 3.0 11.912 4.439
10 3.0 11.505 4.514
20 3.0 11.097 4.588
30 3.0 10.689 4.663
40 3.0 10.28 4.709
50 3.0 9.871 4.749
60 3.0 9.462 4.789
70 3.0 9.051 4.83
0 4.0 11.828 5.155
10 4.0 11.382 5.211
20 4.0 10.937 5.267
30 4.0 10.491 5.324
40 4.0 10.071 5.346
50 4.0 9.668 5.346
60 4.0 9.265 5.346
70 4.0 8.862 5.346
0 5.0 8.713 4.415
10 5.0 8.361 4.364
20 5.0 8.008 4.312
30 5.0 7.655 4.26
40 5.0 7.301 4.186
50 5.0 6.942 4.06
60 5.0 6.583 3.934
70 5.0 6.224 3.807
0 6.0 8.124 3.461
10 6.0 8.611 3.416
20 6.0 9.097 3.371
30 6.0 9.584 3.326
40 6.0 9.99 3.325
50 6.0 10.376 3.335
60 6.0 10.729 3.399
70 6.0 11.033 3.546
0 8.0 4.336 7.351
10 8.0 4.554 7.274
20 8.0 4.773 7.198
30 8.0 4.955 7.171
40 8.0 5.101 7.194
50 8.0 5.246 7.217
60 8.0 5.391 7.239
70 8.0 5.542 7.259
20 17.0 15.242 3.668
30 17.0 14.666 3.533
40 17.0 14.089 3.398
50 17.0 13.545 3.31
60 17.0 13.048 3.291
70 17.0 12.551 3.272
80 17.0 12.099 3.314
90 17.0 11.652 3.364
120 20.0 0.345 6.983
130 20.0 0.635 6.884
140 20.0 0.925 6.785
150 20.0 1.255 6.689
160 20.0 1.744 6.605
170 20.0 2.233 6.521
180 20.0 2.722 6.437
190 20.0 3.207 6.373
200 9.0 5.286 7.501
210 9.0 5.093 7.534
220 9.0 4.9 7.567
230 9.0 4.707 7.6
240 9.0 4.509 7.598
250 9.0 4.308 7.572
260 9.0 4.107 7.546
270 9.0 3.906 7.52
200 21.0 0.474 7.303
210 21.0 1.0 7.064
220 21.0 1.562 6.883
230 21.0 2.211 6.835
240 21.0 2.859 6.787
250 21.0 3.539 6.631
260 21.0 4.227 6.447
270 21.0 4.915 6.255
220 18.0 5.571 2.959
230 18.0 5.105 2.997
240 18.0 4.638 3.036
250 18.0 4.172 3.075
260 18.0 3.72 3.099
270 18.0 3.27 3.121
280 18.0 2.819 3.143
290 18.0 2.369 3.165
330 22.0 15.037 3.799
340 22.0 14.501 3.842
350 22.0 13.965 3.886
360 22.0 13.43 3.929
370 22.0 12.87 3.971
380 22.0 12.304 4.012
390 22.0 11.737 4.053
400 22.0 11.207 4.157
330 23.0 14.895 3.245
340 23.0 14.324 3.253
350 23.0 13.752 3.262
360 23.0 13.183 3.271
370 23.0 12.635 3.288
380 23.0 12.086 3.305
390 23.0 11.54 3.36
400 23.0 11.0 3.504
400 10.0 2.523 7.186
410 10.0 2.406 7.138
420 10.0 2.282 7.08
430 10.0 2.159 7.022
440 10.0 2.084 7.023
450 10.0 2.014 7.03
460 10.0 1.943 7.038
470 10.0 1.85 7.026
420 19.0 1.204 3.306
430 19.0 1.189 3.313
440 19.0 1.174 3.319
450 19.0 1.159 3.326
460 19.0 1.144 3.332
470 19.0 1.129 3.339
480 19.0 1.113 3.345
490 19.0 1.098 3.351
460 24.0 14.69 3.248
470 24.0 14.059 3.313
480 24.0 13.428 3.378
490 24.0 12.799 3.445
500 24.0 12.192 3.529
510 24.0 11.585 3.614
520 24.0 10.979 3.698
530 24.0 10.388 3.844
460 25.0 15.069 4.009
470 25.0 14.455 4.048
480 25.0 13.84 4.086
490 25.0 13.217 4.163
500 25.0 12.586 4.278
510 25.0 11.954 4.394
520 25.0 11.356 4.501
530 25.0 10.808 4.595
490 26.0 0.261 7.244
500 26.0 0.35 7.131
510 26.0 0.439 7.018
520 26.0 0.527 6.905
530 26.0 0.612 6.826
540 26.0 0.687 6.826
550 26.0 0.762 6.826
560 26.0 0.849 6.814
520 28.0 0.218 6.456
530 28.0 0.504 6.342
540 28.0 0.791 6.227
550 28.0 1.022 6.224
560 28.0 1.217 6.294
570 28.0 1.412 6.365
580 28.0 1.56 6.448
590 28.0 1.702 6.533
580 30.0 0.352 6.937
590 30.0 0.409 6.775
600 30.0 0.467 6.612
610 30.0 0.661 6.418
620 30.0 0.942 6.229
630 30.0 1.336 6.11
640 30.0 1.659 6.037
650 30.0 1.934 5.996
600 11.0 1.456 7.383
610 11.0 1.456 7.392
620 11.0 1.457 7.4
630 11.0 1.457 7.408
640 11.0 1.458 7.416
650 11.0 1.458 7.425
660 11.0 1.459 7.433
670 11.0 1.459 7.441
610 31.0 0.271 8.299
620 31.0 0.35 8.097
630 31.0 0.429 7.894
640 31.0 0.508 7.691
650 31.0 0.681 7.488
660 31.0 0.949 7.286
670 31.0 1.217 7.083
680 31.0 1.513 6.909
630 33.0 0.164 6.414
640 33.0 0.439 6.249
650 33.0 0.714 6.084
660 33.0 0.989 5.919
670 33.0 1.115 5.644
680 33.0 1.242 5.37
690 33.0 1.283 5.389
700 33.0 1.324 5.409
690 27.0 3.218 7.225
700 27.0 3.512 7.268
710 27.0 3.805 7.302
720 27.0 4.097 7.294
730 27.0 4.389 7.286
740 27.0 4.683 7.276
750 27.0 5.005 7.243
760 27.0 5.326 7.209
720 29.0 3.996 6.806
730 29.0 4.308 6.721
740 29.0 4.621 6.636
750 29.0 4.927 6.616
760 29.0 5.23 6.623
770 29.0 5.533 6.63
780 29.0 5.839 6.626
790 29.0 6.147 6.596
800 12.0 1.466 7.549
810 12.0 1.467 7.557
820 12.0 1.467 7.566
830 12.0 1.468 7.574
840 12.0 1.468 7.582
850 12.0 1.469 7.591
860 12.0 1.469 7.599
870 12.0 1.47 7.607
810 32.0 5.731 6.722
820 32.0 6.0 6.755
830 32.0 6.26 6.765
840 32.0 6.502 6.72
850 32.0 6.744 6.676
860 32.0 7.012 6.619
870 32.0 7.299 6.553
880 32.0 7.585 6.486
850 35.0 0.359 8.737
860 35.0 0.468 8.509
870 35.0 0.578 8.281
880 35.0 0.688 8.052
890 35.0 0.798 7.824
900 35.0 1.001 7.531
910 35.0 1.266 7.195
920 35.0 1.531 6.859
860 34.0 13.997 10.937
870 34.0 13.946 10.476
880 34.0 13.895 10.016
890 34.0 13.795 9.6
900 34.0 13.646 9.231
910 34.0 13.496 8.861
920 34.0 13.322 8.507
930 34.0 13.112 8.174
1000 13.0 1.251 7.308
1010 13.0 1.212 7.245
1020 13.0 1.174 7.182
1030 13.0 1.135 7.12
1040 13.0 1.126 7.08
1050 13.0 1.147 7.063
1060 13.0 1.168 7.046
1070 13.0 1.19 7.029
1080 36.0 14.863 6.605
1090 36.0 14.4 6.471
1100 36.0 13.937 6.338
1110 36.0 13.41 6.309
1120 36.0 12.877 6.292
1130 36.0 12.352 6.263
1140 36.0 11.905 6.129
1150 36.0 11.457 5.995
1090 37.0 15.313 2.909
1100 37.0 14.756 2.916
1110 37.0 14.2 2.924
1120 37.0 13.643 2.932
1130 37.0 13.099 2.898
1140 37.0 12.567 2.822
1150 37.0 12.035 2.747
1160 37.0 11.504 2.672
1100 38.0 15.048 3.437
1110 38.0 14.438 3.461
1120 38.0 13.828 3.484
1130 38.0 13.217 3.508
1140 38.0 12.654 3.56
1150 38.0 12.091 3.611
1160 38.0 11.528 3.663
1170 38.0 10.98 3.709
1160 39.0 0.411 3.29
1170 39.0 1.01 3.437
1180 39.0 1.609 3.583
1190 39.0 2.171 3.787
1200 39.0 2.716 4.015
1210 39.0 3.294 4.206
1220 39.0 3.904 4.362
1230 39.0 4.48 4.54
1200 14.0 1.465 6.808
1210 14.0 1.6 6.839
1220 14.0 1.81 6.901
1230 14.0 2.02 6.963
1240 14.0 2.269 6.981
1250 14.0 2.521 6.995
1260 14.0 2.774 7.008
1270 14.0 3.019 7.028
1300 40.0 15.227 6.947
1310 40.0 14.676 6.822
1320 40.0 14.124 6.697
1330 40.0 13.56 6.562
1340 40.0 12.984 6.417
1350 40.0 12.392 6.273
1360 40.0 11.738 6.135
1370 40.0 11.092 6.022
1400 15.0 4.86 7.342
1410 15.0 4.805 7.321
1420 15.0 4.749 7.3
1430 15.0 4.693 7.279
1440 15.0 4.536 7.247
1450 15.0 4.378 7.214
1460 15.0 4.22 7.182
1470 15.0 4.062 7.149
1550 41.0 0.117 4.893
1560 41.0 0.631 4.884
1570 41.0 1.144 4.874
1580 41.0 1.65 4.856
1590 41.0 2.146 4.825
1600 41.0 2.642 4.795
1610 41.0 3.145 4.777
1620 41.0 3.665 4.79
1550 42.0 0.119 5.756
1560 42.0 0.612 5.715
1570 42.0 1.105 5.674
1580 42.0 1.598 5.633
1590 42.0 2.097 5.606
1600 42.0 2.606 5.6
1610 42.0 3.114 5.594
1620 42.0 3.622 5.589
1560 43.0 15.01 4.559
1570 43.0 14.343 4.549
1580 43.0 13.677 4.54
1590 43.0 13.036 4.568
1600 43.0 12.422 4.635
1610 43.0 11.807 4.702
1620 43.0 11.193 4.712
1630 43.0 10.579 4.721
1570 44.0 14.612 3.778
1580 44.0 13.943 3.854
1590 44.0 13.274 3.931
1600 44.0 12.623 3.962
1610 44.0 11.984 3.962
1620 44.0 11.345 3.962
1630 44.0 10.72 3.938
1640 44.0 10.096 3.911
1600 16.0 2.254 7.112
1610 16.0 2.162 7.112
1620 16.0 2.069 7.112
1630 16.0 1.976 7.082
1640 16.0 1.882 7.04
1650 16.0 1.789 6.998
1660 16.0 1.696 6.955
1670 16.0 1.625 6.92
1660 45.0 0.039 4.026
1670 45.0 0.54 4.051
1680 45.0 1.041 4.075
1690 45.0 1.541 4.1
1700 45.0 2.029 4.13
1710 45.0 2.513 4.162
1720 45.0 2.997 4.194
1730 45.0 3.374 4.373
1660 47.0 -0.016 4.842
1670 47.0 0.459 4.851
1680 47.0 0.935 4.86
1690 47.0 1.41 4.869
1700 47.0 1.899 4.903
1710 47.0 2.387 4.937
1720 47.0 2.866 4.997
1730 47.0 3.305 5.163
1820 49.0 0.208 7.031
1830 49.0 0.395 6.934
1840 49.0 0.582 6.836
1850 49.0 0.774 6.714
1860 49.0 0.973 6.555
1870 49.0 1.172 6.396
1880 49.0 1.37 6.237
1890 49.0 1.535 6.166
1850 52.0 0.168 5.767
1860 52.0 0.379 5.668
1870 52.0 0.589 5.57
1880 52.0 0.8 5.471
1890 52.0 1.01 5.372
1900 52.0 1.231 5.326
1910 52.0 1.463 5.334
1920 52.0 1.694 5.342
1860 46.0 5.609 4.996
1870 46.0 5.643 5.01
1880 46.0 5.677 5.024
1890 46.0 5.732 5.044
1900 46.0 5.872 5.083
1910 46.0 6.012 5.123
1920 46.0 6.079 5.144
1930 46.0 6.127 5.159
1860 48.0 5.382 5.743
1870 48.0 5.393 5.749
1880 48.0 5.404 5.755
1890 48.0 5.415 5.76
1900 48.0 5.426 5.766
1910 48.0 5.437 5.771
1920 48.0 5.448 5.777
1930 48.0 5.459 5.782
2020 50.0 3.67 6.303
2030 50.0 3.709 6.344
2040 50.0 3.749 6.385
2050 50.0 3.788 6.426
2060 50.0 3.828 6.467
2070 50.0 3.977 6.494
2080 50.0 4.289 6.501
2090 50.0 4.602 6.508
2030 54.0 0.41 5.267
2040 54.0 1.147 5.061
2050 54.0 1.865 4.881
2060 54.0 2.538 4.761
2070 54.0 3.213 4.651
2080 54.0 3.891 4.563
2090 54.0 4.569 4.474
2100 54.0 5.275 4.393
2050 53.0 3.884 5.754
2060 53.0 3.995 5.768
2070 53.0 4.185 5.76
2080 53.0 4.494 5.721
2090 53.0 4.802 5.682
2100 53.0 5.11 5.644
2110 53.0 5.42 5.6
2120 53.0 5.741 5.519
2080 55.0 14.714 4.725
2090 55.0 14.045 4.964
2100 55.0 13.445 5.151
2110 55.0 12.861 5.324
2120 55.0 12.272 5.498
2130 55.0 11.679 5.672
2140 55.0 11.086 5.812
2150 55.0 10.495 5.903
2220 51.0 9.098 5.56
2230 51.0 9.421 5.482
2240 51.0 9.698 5.448
2250 51.0 9.976 5.414
2260 51.0 10.253 5.38
2270 51.0 10.53 5.346
2280 51.0 10.808 5.312
2290 51.0 11.085 5.278
2520 56.0 14.971 4.481
2530 56.0 14.478 4.539
2540 56.0 13.984 4.596
2550 56.0 13.491 4.654
2560 56.0 12.928 4.678
2570 56.0 12.365 4.702
2580 56.0 11.802 4.725
2590 56.0 11.239 4.749
2530 57.0 14.721 5.039
2540 57.0 14.217 5.107
2550 57.0 13.713 5.176
2560 57.0 13.14 5.253
2570 57.0 12.521 5.338
2580 57.0 11.902 5.422
2590 57.0 11.303 5.497
2600 57.0 10.782 5.537
2870 58.0 15.036 3.836
2880 58.0 14.528 3.902
2890 58.0 14.02 3.967
2900 58.0 13.512 4.033
2910 58.0 13.053 4.099
2920 58.0 12.593 4.163
2930 58.0 12.134 4.229
2940 58.0 11.634 4.28
2880 59.0 15.024 4.255
2890 59.0 14.568 4.327
2900 59.0 14.112 4.399
2910 59.0 13.653 4.473
2920 59.0 13.173 4.57
2930 59.0 12.693 4.667
2940 59.0 12.213 4.763
2950 59.0 11.777 4.832
2930 60.0 -0.093 5.761
2940 60.0 0.455 5.737
2950 60.0 1.002 5.714
2960 60.0 1.549 5.69
2970 60.0 2.069 5.697
2980 60.0 2.57 5.725
2990 60.0 3.072 5.753
3000 60.0 3.568 5.777
3030 61.0 14.736 4.602
3040 61.0 14.061 4.651
3050 61.0 13.386 4.701
3060 61.0 12.733 4.686
3070 61.0 12.102 4.606
3080 61.0 11.47 4.527
3090 61.0 10.813 4.504
3100 61.0 10.129 4.538
3040 62.0 0.301 4.866
3050 62.0 0.782 4.84
3060 62.0 1.263 4.815
3070 62.0 1.756 4.782
3080 62.0 2.279 4.731
3090 62.0 2.802 4.681
3100 62.0 3.325 4.63
3110 62.0 3.864 4.574
3040 63.0 0.113 4.163
3050 63.0 0.669 4.061
3060 63.0 1.225 3.958
3070 63.0 1.774 3.864
3080 63.0 2.262 3.844
3090 63.0 2.749 3.823
3100 63.0 3.236 3.803
3110 63.0 3.751 3.762
3130 64.0 0.535 4.003
3140 64.0 1.084 4.045
3150 64.0 1.633 4.088
3160 64.0 2.158 4.146
3170 64.0 2.667 4.216
3180 64.0 3.176 4.285
3190 64.0 3.671 4.317
3200 64.0 4.151 4.311
3130 65.0 0.447 3.272
3140 65.0 0.881 3.337
3150 65.0 1.314 3.402
3160 65.0 1.754 3.461
3170 65.0 2.241 3.461
3180 65.0 2.729 3.461
3190 65.0 3.217 3.461
3200 65.0 3.704 3.461
3190 66.0 0.295 3.437
3200 66.0 0.798 3.394
3210 66.0 1.302 3.351
3220 66.0 1.797 3.316
3230 66.0 2.259 3.309
3240 66.0 2.721 3.303
3250 66.0 3.183 3.296
3260 66.0 3.661 3.286
3210 67.0 14.773 3.586
3220 67.0 14.206 3.687
3230 67.0 13.64 3.788
3240 67.0 13.067 3.912
3250 67.0 12.491 4.045
3260 67.0 11.915 4.179
3270 67.0 11.363 4.312
3280 67.0 10.867 4.447
3210 68.0 14.913 4.469
3220 68.0 14.338 4.621
3230 68.0 13.764 4.773
3240 68.0 13.242 4.844
3250 68.0 12.72 4.915
3260 68.0 12.206 4.999
3270 68.0 11.711 5.115
3280 68.0 11.216 5.231
3340 69.0 0.43 3.242
3350 69.0 1.03 3.233
3360 69.0 1.63 3.225
3370 69.0 2.174 3.196
3380 69.0 2.693 3.158
3390 69.0 3.213 3.121
3400 69.0 3.749 3.077
3410 69.0 4.3 3.025
3370 70.0 0.008 4.074
3380 70.0 0.566 4.032
3390 70.0 1.125 3.991
3400 70.0 1.682 3.946
3410 70.0 2.237 3.896
3420 70.0 2.792 3.845
3430 70.0 3.346 3.795
3440 70.0 3.941 3.759
3370 71.0 0.273 6.794
3380 71.0 0.761 6.689
3390 71.0 1.249 6.584
3400 71.0 1.794 6.556
3410 71.0 2.352 6.547
3420 71.0 2.902 6.533
3430 71.0 3.418 6.502
3440 71.0 3.934 6.471
3570 72.0 15.102 3.915
3580 72.0 14.833 4.03
3590 72.0 14.563 4.144
3600 72.0 14.356 4.256
3610 72.0 14.295 4.364
3620 72.0 14.234 4.472
3630 72.0 14.115 4.564
3640 72.0 13.764 4.594
3580 73.0 15.043 4.673
3590 73.0 14.95 4.505
3600 73.0 14.858 4.337
3610 73.0 14.765 4.168
3620 73.0 14.61 4.003
3630 73.0 14.208 3.851
3640 73.0 13.807 3.699
3650 73.0 13.268 3.737
3580 74.0 0.153 8.464
3590 74.0 0.296 8.127
3600 74.0 0.438 7.79
3610 74.0 0.581 7.453
3620 74.0 0.78 7.14
3630 74.0 1.209 6.919
3640 74.0 1.638 6.698
3650 74.0 2.086 6.538
3630 76.0 14.857 4.746
3640 76.0 14.474 4.93
3650 76.0 14.042 5.111
3660 76.0 13.495 5.283
3670 76.0 12.948 5.455
3680 76.0 12.441 5.551
3690 76.0 11.945 5.627
3700 76.0 11.449 5.704
3650 77.0 14.998 4.387
3660 77.0 14.49 4.584
3670 77.0 13.982 4.78
3680 77.0 13.475 4.977
3690 77.0 12.954 5.074
3700 77.0 12.428 5.128
3710 77.0 11.921 5.174
3720 77.0 11.432 5.212
3660 75.0 0.211 6.311
3670 75.0 0.639 5.941
3680 75.0 1.067 5.571
3690 75.0 1.519 5.237
3700 75.0 2.063 5.048
3710 75.0 2.606 4.859
3720 75.0 3.11 4.579
3730 75.0 3.604 4.276
3760 78.0 0.385 4.076
3770 78.0 0.837 4.049
3780 78.0 1.289 4.023
3790 78.0 1.735 4.009
3800 78.0 2.175 4.009
3810 78.0 2.615 4.009
3820 78.0 3.057 4.006
3830 78.0 3.505 3.991
3760 79.0 0.153 3.566
3770 79.0 0.625 3.533
3780 79.0 1.097 3.5
3790 79.0 1.568 3.467
3800 79.0 2.008 3.436
3810 79.0 2.44 3.404
3820 79.0 2.872 3.373
3830 79.0 3.304 3.341
3760 80.0 0.225 2.904
3770 80.0 0.668 2.93
3780 80.0 1.112 2.955
3790 80.0 1.555 2.981
3800 80.0 2.018 2.909
3810 80.0 2.482 2.827
3820 80.0 2.947 2.745
3830 80.0 3.405 2.745
4010 81.0 12.623 12.343
4020 81.0 12.71 12.011
4030 81.0 12.797 11.679
4040 81.0 12.885 11.347
4050 81.0 12.972 11.016
4060 81.0 13.004 10.734
4070 81.0 13.0 10.486
4080 81.0 12.996 10.237
4010 83.0 13.381 12.284
4020 83.0 13.396 12.068
4030 83.0 13.411 11.851
4040 83.0 13.425 11.635
4050 83.0 13.44 11.418
4060 83.0 13.471 11.166
4070 83.0 13.526 10.86
4080 83.0 13.58 10.554
4210 82.0 12.697 6.826
4220 82.0 12.533 6.587
4230 82.0 12.33 6.38
4240 82.0 12.039 6.247
4250 82.0 11.748 6.113
4260 82.0 11.457 5.98
4270 82.0 11.096 5.978
4280 82.0 10.726 5.991
4210 84.0 13.531 6.819
4220 84.0 13.403 6.512
4230 84.0 13.144 6.227
4240 84.0 12.828 5.952
4250 84.0 12.501 5.694
4260 84.0 12.073 5.594
4270 84.0 11.645 5.494
4280 84.0 11.218 5.394
4310 85.0 15.159 6.899
4320 85.0 14.719 6.813
4330 85.0 14.279 6.726
4340 85.0 13.839 6.639
4350 85.0 13.403 6.514
4360 85.0 12.974 6.333
4370 85.0 12.545 6.152
4380 85.0 12.07 6.05
4350 86.0 0.082 3.933
4360 86.0 0.522 3.985
4370 86.0 0.961 4.036
4380 86.0 1.403 4.047
4390 86.0 1.846 4.03
4400 86.0 2.29 4.013
4410 86.0 2.727 3.99
4420 86.0 3.162 3.965
4360 88.0 0.638 2.784
4370 88.0 1.41 2.816
4380 88.0 2.182 2.848
4390 88.0 2.924 2.887
4400 88.0 3.636 2.933
4410 88.0 4.349 2.979
4420 88.0 5.077 2.983
4430 88.0 5.807 2.983
4460 89.0 5.127 4.551
4470 89.0 5.572 4.537
4480 89.0 6.018 4.523
4490 89.0 6.46 4.511
4500 89.0 6.87 4.518
4510 89.0 7.279 4.524
4520 89.0 7.689 4.531
4530 89.0 8.085 4.546
4550 87.0 8.796 3.925
4560 87.0 9.193 3.904
4570 87.0 9.568 3.903
4580 87.0 9.889 3.945
4590 87.0 10.211 3.987
4600 87.0 10.533 4.029
4610 87.0 10.835 4.158
4620 87.0 11.134 4.296
4670 90.0 0.524 4.111
4680 90.0 1.109 4.171
4690 90.0 1.693 4.23
4700 90.0 2.278 4.29
4710 90.0 2.821 4.201
4720 90.0 3.359 4.096
4730 90.0 3.898 3.991
4740 90.0 4.438 3.955
4750 91.0 14.721 4.652
4760 91.0 14.107 4.6
4770 91.0 13.509 4.541
4780 91.0 12.969 4.453
4790 91.0 12.429 4.366
4800 91.0 11.882 4.321
4810 91.0 11.309 4.447
4820 91.0 10.736 4.573
4750 92.0 15.048 5.179
4760 92.0 14.502 5.209
4770 92.0 13.957 5.239
4780 92.0 13.411 5.268
4790 92.0 12.832 5.299
4800 92.0 12.245 5.331
4810 92.0 11.657 5.362
4820 92.0 11.07 5.394
4820 93.0 15.271 4.353
4830 93.0 14.556 4.449
4840 93.0 13.84 4.544
4850 93.0 13.13 4.644
4860 93.0 12.471 4.779
4870 93.0 11.811 4.914
4880 93.0 11.155 5.047
4890 93.0 10.53 5.159
5000 94.0 15.024 3.889
5010 94.0 14.634 3.896
5020 94.0 14.244 3.904
5030 94.0 13.854 3.91
5040 94.0 13.6 3.903
5050 94.0 13.482 3.88
5060 94.0 13.363 3.858
5070 94.0 13.236 3.842
5030 97.0 14.917 7.485
5040 97.0 14.587 7.163
5050 97.0 14.27 6.855
5060 97.0 14.059 6.665
5070 97.0 13.849 6.476
5080 97.0 13.645 6.292
5090 97.0 13.471 6.128
5100 97.0 13.297 5.964
5040 100.0 15.144 7.37
5050 100.0 14.905 7.023
5060 100.0 14.666 6.676
5070 100.0 14.432 6.345
5080 100.0 14.208 6.037
5090 100.0 13.984 5.729
5100 100.0 13.742 5.462
5110 100.0 13.456 5.291
5060 103.0 0.183 3.93
5070 103.0 0.671 4.007
5080 103.0 1.16 4.084
5090 103.0 1.643 4.15
5100 103.0 2.074 4.126
5110 103.0 2.506 4.103
5120 103.0 2.937 4.079
5130 103.0 3.372 4.05
5090 104.0 0.003 3.856
5100 104.0 0.522 3.941
5110 104.0 1.04 4.026
5120 104.0 1.559 4.112
5130 104.0 2.05 4.163
5140 104.0 2.535 4.207
5150 104.0 3.02 4.25
5160 104.0 3.5 4.278
5090 105.0 15.168 6.987
5100 105.0 14.839 6.927
5110 105.0 14.51 6.867
5120 105.0 14.181 6.808
5130 105.0 13.906 6.744
5140 105.0 13.683 6.676
5150 105.0 13.461 6.608
5160 105.0 13.238 6.539
5100 107.0 15.069 6.11
5110 107.0 14.817 6.126
5120 107.0 14.564 6.141
5130 107.0 14.312 6.157
5140 107.0 14.077 6.028
5150 107.0 13.843 5.898
5160 107.0 13.608 5.769
5170 107.0 13.289 5.63
5120 111.0 0.341 2.907
5130 111.0 0.687 2.899
5140 111.0 1.033 2.89
5150 111.0 1.164 2.893
5160 111.0 1.203 2.9
5170 111.0 1.241 2.908
5180 111.0 1.28 2.915
5190 111.0 1.319 2.922
5130 109.0 0.147 6.73
5140 109.0 0.491 6.452
5150 109.0 0.835 6.173
5160 109.0 1.179 5.895
5170 109.0 1.575 5.79
5180 109.0 1.971 5.684
5190 109.0 2.367 5.579
5200 109.0 2.806 5.443
5150 110.0 0.189 5.799
5160 110.0 0.649 5.587
5170 110.0 1.109 5.375
5180 110.0 1.557 5.212
5190 110.0 1.978 5.162
5200 110.0 2.399 5.113
5210 110.0 2.831 5.0
5220 110.0 3.279 4.793
5200 95.0 10.273 4.101
5210 95.0 9.964 4.152
5220 95.0 9.656 4.203
5230 95.0 9.347 4.254
5240 95.0 9.037 4.304
5250 95.0 8.777 4.378
5260 95.0 8.537 4.461
5270 95.0 8.297 4.545
5230 98.0 10.049 5.719
5240 98.0 9.804 5.773
5250 98.0 9.574 5.819
5260 98.0 9.359 5.857
5270 98.0 9.145 5.895
5280 98.0 8.93 5.933
5290 98.0 8.715 5.971
5300 98.0 8.503 6.072
5240 101.0 9.674 4.994
5250 101.0 9.438 5.043
5260 101.0 9.202 5.091
5270 101.0 8.965 5.14
5280 101.0 8.731 5.198
5290 101.0 8.504 5.295
5300 101.0 8.278 5.391
5310 101.0 8.051 5.487
5290 106.0 9.454 4.79
5300 106.0 9.155 4.809
5310 106.0 8.856 4.828
5320 106.0 8.555 4.837
5330 106.0 8.234 4.762
5340 106.0 7.912 4.687
5350 106.0 7.591 4.611
5360 106.0 7.263 4.565
5290 113.0 0.414 3.612
5300 113.0 0.948 3.629
5310 113.0 1.481 3.646
5320 113.0 1.957 3.616
5330 113.0 2.408 3.565
5340 113.0 2.859 3.513
5350 113.0 3.329 3.469
5360 113.0 3.801 3.426
5300 108.0 9.168 3.893
5310 108.0 8.812 3.906
5320 108.0 8.455 3.919
5330 108.0 8.098 3.933
5340 108.0 7.734 3.924
5350 108.0 7.364 3.901
5360 108.0 6.995 3.877
5370 108.0 6.625 3.854
5320 112.0 3.63 3.116
5330 112.0 4.188 3.058
5340 112.0 4.745 3.0
5350 112.0 5.285 2.973
5360 112.0 5.783 3.016
5370 112.0 6.282 3.061
5380 112.0 6.78 3.104
5390 112.0 7.29 3.123
5320 114.0 0.441 3.751
5330 114.0 0.943 3.758
5340 114.0 1.445 3.766
5350 114.0 1.944 3.762
5360 114.0 2.437 3.74
5370 114.0 2.931 3.717
5380 114.0 3.41 3.678
5390 114.0 3.83 3.574
5320 115.0 0.517 4.335
5330 115.0 1.087 4.366
5340 115.0 1.657 4.397
5350 115.0 2.184 4.399
5360 115.0 2.646 4.36
5370 115.0 3.108 4.32
5380 115.0 3.57 4.28
5390 115.0 3.986 4.147
5320 116.0 14.92 6.824
5330 116.0 14.385 6.694
5340 116.0 13.85 6.565
5350 116.0 13.277 6.4
5360 116.0 12.693 6.227
5370 116.0 12.116 6.093
5380 116.0 11.542 5.986
5390 116.0 10.969 5.879
5340 117.0 12.081 12.386
5350 117.0 12.07 12.148
5360 117.0 12.06 11.909
5370 117.0 12.05 11.67
5380 117.0 12.04 11.432
5390 117.0 12.036 11.288
5400 117.0 12.033 11.155
5410 117.0 12.031 11.022
5370 120.0 15.05 4.23
5380 120.0 14.624 4.291
5390 120.0 14.197 4.352
5400 120.0 13.771 4.413
5410 120.0 13.345 4.475
5420 120.0 12.865 4.562
5430 120.0 12.372 4.656
5440 120.0 11.879 4.751
5370 122.0 15.148 3.094
5380 122.0 14.676 3.202
5390 122.0 14.204 3.311
5400 122.0 13.732 3.419
5410 122.0 13.268 3.505
5420 122.0 12.817 3.556
5430 122.0 12.366 3.607
5440 122.0 11.915 3.658
5380 124.0 15.006 3.842
5390 124.0 14.564 3.834
5400 124.0 14.121 3.826
5410 124.0 13.68 3.831
5420 124.0 13.253 3.953
5430 124.0 12.826 4.076
5440 124.0 12.4 4.199
5450 124.0 11.975 4.291
5400 96.0 5.324 5.492
5410 96.0 5.053 5.573
5420 96.0 4.782 5.654
5430 96.0 4.51 5.735
5440 96.0 4.263 5.796
5450 96.0 4.108 5.78
5460 96.0 3.954 5.764
5470 96.0 3.8 5.749
5410 126.0 14.92 3.331
5420 126.0 14.476 3.467
5430 126.0 14.033 3.604
5440 126.0 13.604 3.736
5450 126.0 13.21 3.859
5460 126.0 12.817 3.983
5470 126.0 12.42 4.099
5480 126.0 12.011 4.188
5420 127.0 14.768 4.157
5430 127.0 14.334 4.262
5440 127.0 13.9 4.366
5450 127.0 13.477 4.465
5460 127.0 13.079 4.551
5470 127.0 12.682 4.637
5480 127.0 12.284 4.724
5490 127.0 11.882 4.82
5430 99.0 5.566 7.165
5440 99.0 5.376 7.199
5450 99.0 5.186 7.234
5460 99.0 4.971 7.279
5470 99.0 4.719 7.339
5480 99.0 4.466 7.398
5490 99.0 4.214 7.458
5500 99.0 3.936 7.51
5430 129.0 0.316 2.63
5440 129.0 0.846 2.653
5450 129.0 1.375 2.676
5460 129.0 1.904 2.697
5470 129.0 2.425 2.697
5480 129.0 2.947 2.697
5490 129.0 3.468 2.697
5500 129.0 3.989 2.697
5430 130.0 0.316 3.58
5440 130.0 0.807 3.553
5450 130.0 1.298 3.527
5460 130.0 1.789 3.5
5470 130.0 2.273 3.479
5480 130.0 2.747 3.466
5490 130.0 3.22 3.453
5500 130.0 3.694 3.439
5440 102.0 5.144 6.55
5450 102.0 4.944 6.613
5460 102.0 4.714 6.629
5470 102.0 4.485 6.645
5480 102.0 4.255 6.661
5490 102.0 4.026 6.678
5500 102.0 3.767 6.7
5510 102.0 3.495 6.725
5540 118.0 12.211 7.818
5550 118.0 12.221 7.494
5560 118.0 12.231 7.17
5570 118.0 12.241 6.846
5580 118.0 12.219 6.551
5590 118.0 12.067 6.369
5600 118.0 11.916 6.188
5610 118.0 11.576 6.076
5570 121.0 6.791 5.064
5580 121.0 6.448 5.02
5590 121.0 6.099 4.983
5600 121.0 5.749 4.945
5610 121.0 5.4 4.907
5620 121.0 5.051 4.869
5630 121.0 4.715 4.901
5640 121.0 4.379 4.933
5570 123.0 7.006 4.334
5580 123.0 6.667 4.255
5590 123.0 6.32 4.126
5600 123.0 5.973 3.997
5610 123.0 5.626 3.868
5620 123.0 5.263 3.755
5630 123.0 4.896 3.646
5640 123.0 4.529 3.537
5580 125.0 7.044 4.94
5590 125.0 6.712 4.94
5600 125.0 6.405 4.894
5610 125.0 6.125 4.803
5620 125.0 5.844 4.711
5630 125.0 5.563 4.619
5640 125.0 5.193 4.511
5650 125.0 4.763 4.391
5620 128.0 6.307 6.732
5630 128.0 5.838 6.784
5640 128.0 5.369 6.827
5650 128.0 4.899 6.87
5660 128.0 4.429 6.913
5670 128.0 3.999 6.93
5680 128.0 3.578 6.941
5690 128.0 3.157 6.952
5710 131.0 14.964 2.53
5720 131.0 14.486 2.631
5730 131.0 14.008 2.732
5740 131.0 13.529 2.834
5750 131.0 13.062 2.86
5760 131.0 12.6 2.855
5770 131.0 12.138 2.85
5780 131.0 11.676 2.845
5740 119.0 6.765 7.013
5750 119.0 6.391 6.993
5760 119.0 6.017 6.973
5770 119.0 5.643 6.953
5780 119.0 5.285 6.948
5790 119.0 4.937 6.954
5800 119.0 4.59 6.959
5810 119.0 4.242 6.965
5860 132.0 0.479 5.797
5870 132.0 0.888 5.79
5880 132.0 1.297 5.783
5890 132.0 1.706 5.776
5900 132.0 2.105 5.744
5910 132.0 2.503 5.71
5920 132.0 2.901 5.675
5930 132.0 3.299 5.64
5860 133.0 0.262 4.935
5870 133.0 0.623 4.911
5880 133.0 0.985 4.886
5890 133.0 1.346 4.862
5900 133.0 1.733 4.833
5910 133.0 2.178 4.795
5920 133.0 2.623 4.757
5930 133.0 3.068 4.719
5920 134.0 14.562 3.954
5930 134.0 13.843 3.939
5940 134.0 13.123 3.923
5950 134.0 12.416 3.866
5960 134.0 11.73 3.747
5970 134.0 11.043 3.628
5980 134.0 10.356 3.508
5990 134.0 9.645 3.433
5980 135.0 14.685 3.531
5990 135.0 13.875 3.625
6000 135.0 13.065 3.72
6010 135.0 12.281 3.785
6020 135.0 11.597 3.739
6030 135.0 10.913 3.693
6040 135.0 10.229 3.646
6050 135.0 9.537 3.642
6070 136.0 0.132 7.06
6080 136.0 0.5 6.864
6090 136.0 0.868 6.668
6100 136.0 1.25 6.468
6110 136.0 1.749 6.236
6120 136.0 2.248 6.005
6130 136.0 2.747 5.773
6140 136.0 3.246 5.654
6070 137.0 0.363 8.044
6080 137.0 0.73 7.796
6090 137.0 1.096 7.549
6100 137.0 1.477 7.317
6110 137.0 1.916 7.149
6120 137.0 2.356 6.98
6130 137.0 2.795 6.812
6140 137.0 3.279 6.687
6130 138.0 15.153 4.063
6140 138.0 14.522 4.155
6150 138.0 13.891 4.246
6160 138.0 13.262 4.316
6170 138.0 12.641 4.297
6180 138.0 12.021 4.278
6190 138.0 11.4 4.259
6200 138.0 10.772 4.242
6140 139.0 14.785 3.214
6150 139.0 14.125 3.254
6160 139.0 13.466 3.294
6170 139.0 12.817 3.324
6180 139.0 12.186 3.341
6190 139.0 11.555 3.357
6200 139.0 10.923 3.374
6210 139.0 10.293 3.39
6280 140.0 0.142 2.481
6290 140.0 0.721 2.466
6300 140.0 1.3 2.451
6310 140.0 1.878 2.436
6320 140.0 2.412 2.452
6330 140.0 2.94 2.471
6340 140.0 3.468 2.491
6350 140.0 3.997 2.51
6290 141.0 0.223 3.078
6300 141.0 0.766 3.07
6310 141.0 1.309 3.062
6320 141.0 1.852 3.055
6330 141.0 2.406 3.089
6340 141.0 2.96 3.123
6350 141.0 3.514 3.157
6360 141.0 4.069 3.191
6400 142.0 0.448 3.413
6410 142.0 0.937 3.413
6420 142.0 1.426 3.413
6430 142.0 1.92 3.417
6440 142.0 2.425 3.431
6450 142.0 2.931 3.445
6460 142.0 3.436 3.459
6470 142.0 3.942 3.473
6400 143.0 0.399 2.562
6410 143.0 0.919 2.606
6420 143.0 1.44 2.65
6430 143.0 1.961 2.694
6440 143.0 2.475 2.724
6450 143.0 2.981 2.734
6460 143.0 3.487 2.743
6470 143.0 3.993 2.752
6480 144.0 14.943 5.274
6490 144.0 14.486 5.414
6500 144.0 14.029 5.554
6510 144.0 13.577 5.682
6520 144.0 13.176 5.705
6530 144.0 12.775 5.727
6540 144.0 12.373 5.75
6550 144.0 12.144 5.731
6510 145.0 14.877 4.441
6520 145.0 14.449 4.624
6530 145.0 14.021 4.807
6540 145.0 13.558 4.905
6550 145.0 13.041 4.876
6560 145.0 12.525 4.847
6570 145.0 12.013 4.817
6580 145.0 11.549 4.781
6520 146.0 15.009 5.192
6530 146.0 14.615 5.323
6540 146.0 14.221 5.454
6550 146.0 13.828 5.585
6560 146.0 13.386 5.569
6570 146.0 12.944 5.553
6580 146.0 12.502 5.537
6590 146.0 11.968 5.494
6530 147.0 0.316 6.229
6540 147.0 0.751 6.18
6550 147.0 1.187 6.13
6560 147.0 1.624 6.082
6570 147.0 2.079 6.05
6580 147.0 2.534 6.018
6590 147.0 2.989 5.986
6600 147.0 3.445 5.966
6530 148.0 0.21 6.945
6540 148.0 0.76 6.924
6550 148.0 1.308 6.903
6560 148.0 1.827 6.864
6570 148.0 2.332 6.816
6580 148.0 2.837 6.768
6590 148.0 3.293 6.749
6600 148.0 3.726 6.741
6530 149.0 0.274 3.675
6540 149.0 0.695 3.729
6550 149.0 1.115 3.783
6560 149.0 1.536 3.836
6570 149.0 1.957 3.89
6580 149.0 2.384 3.965
6590 149.0 2.811 4.04
6600 149.0 3.238 4.115
6600 150.0 0.527 4.677
6610 150.0 0.953 4.671
6620 150.0 1.379 4.665
6630 150.0 1.805 4.659
6640 150.0 2.234 4.649
6650 150.0 2.687 4.6
6660 150.0 3.141 4.551
6670 150.0 3.594 4.502
6610 151.0 0.556 3.836
6620 151.0 0.996 3.871
6630 151.0 1.436 3.906
6640 151.0 1.878 3.933
6650 151.0 2.345 3.887
6660 151.0 2.812 3.84
6670 151.0 3.279 3.793
6680 151.0 3.746 3.747
6770 152.0 14.987 3.722
6780 152.0 14.372 3.713
6790 152.0 13.758 3.703
6800 152.0 13.162 3.536
6810 152.0 12.578 3.265
6820 152.0 12.021 3.051
6830 152.0 11.505 2.92
6840 152.0 10.971 2.808
6810 153.0 0.708 3.954
6820 153.0 0.965 4.006
6830 153.0 1.221 4.058
6840 153.0 1.496 4.106
6850 153.0 1.93 4.113
6860 153.0 2.365 4.121
6870 153.0 2.799 4.129
6880 153.0 3.22 4.141
6810 154.0 0.16 3.225
6820 154.0 0.548 3.217
6830 154.0 0.937 3.21
6840 154.0 1.325 3.203
6850 154.0 1.762 3.196
6860 154.0 2.275 3.189
6870 154.0 2.788 3.183
6880 154.0 3.301 3.177
6980 155.0 0.232 3.174
6990 155.0 0.737 3.346
7000 155.0 1.242 3.518
7010 155.0 1.743 3.671
7020 155.0 2.241 3.807
7030 155.0 2.74 3.942
7040 155.0 3.241 4.049
7050 155.0 3.744 4.129
6980 156.0 -0.05 4.267
6990 156.0 0.496 4.399
7000 156.0 1.041 4.532
7010 156.0 1.587 4.664
7020 156.0 2.103 4.749
7030 156.0 2.615 4.829
7040 156.0 3.127 4.909
7050 156.0 3.66 4.984
7010 157.0 0.404 3.908
7020 157.0 0.908 3.965
7030 157.0 1.411 4.023
7040 157.0 1.915 4.081
7050 157.0 2.422 4.204
7060 157.0 2.93 4.326
7070 157.0 3.437 4.448
7080 157.0 3.949 4.566
7010 158.0 0.149 3.286
7020 158.0 0.705 3.311
7030 158.0 1.261 3.337
7040 158.0 1.818 3.362
7050 158.0 2.347 3.477
7060 158.0 2.873 3.602
7070 158.0 3.399 3.727
7080 158.0 3.925 3.852
7300 159.0 14.989 5.582
7310 159.0 14.695 5.59
7320 159.0 14.4 5.598
7330 159.0 14.105 5.606
7340 159.0 13.802 5.609
7350 159.0 13.495 5.609
7360 159.0 13.188 5.609
7370 159.0 12.88 5.609
7330 161.0 14.77 3.062
7340 161.0 14.326 3.214
7350 161.0 13.881 3.367
7360 161.0 13.437 3.519
7370 161.0 12.994 3.554
7380 161.0 12.551 3.511
7390 161.0 12.109 3.468
7400 161.0 11.666 3.426
7330 164.0 14.998 5.396
7340 164.0 14.651 5.331
7350 164.0 14.304 5.267
7360 164.0 13.957 5.202
7370 164.0 13.61 5.138
7380 164.0 13.157 5.131
7390 164.0 12.691 5.131
7400 164.0 12.227 5.131
7340 163.0 14.671 4.59
7350 163.0 14.306 4.551
7360 163.0 13.941 4.511
7370 163.0 13.548 4.48
7380 163.0 13.112 4.462
7390 163.0 12.675 4.445
7400 163.0 12.239 4.427
7410 163.0 11.804 4.403
7360 166.0 14.922 4.177
7370 166.0 14.444 4.009
7380 166.0 13.966 3.841
7390 166.0 13.488 3.673
7400 166.0 12.996 3.528
7410 166.0 12.47 3.435
7420 166.0 11.944 3.343
7430 166.0 11.418 3.25
7500 160.0 7.698 6.161
7510 160.0 7.251 6.227
7520 160.0 6.832 6.291
7530 160.0 6.433 6.353
7540 160.0 6.035 6.416
7550 160.0 5.636 6.479
7560 160.0 5.259 6.527
7570 160.0 4.887 6.571
7500 167.0 15.006 4.224
7510 167.0 14.48 4.296
7520 167.0 13.954 4.367
7530 167.0 13.428 4.439
7540 167.0 12.852 4.474
7550 167.0 12.276 4.509
7560 167.0 11.701 4.544
7570 167.0 11.186 4.582
7530 162.0 6.101 3.553
7540 162.0 5.704 3.58
7550 162.0 5.333 3.684
7560 162.0 4.962 3.788
7570 162.0 4.592 3.891
7580 162.0 4.221 3.995
7590 162.0 3.884 4.129
7600 162.0 3.597 4.308
7530 165.0 6.677 5.614
7540 165.0 6.325 5.692
7550 165.0 5.973 5.77
7560 165.0 5.62 5.848
7570 165.0 5.263 5.922
7580 165.0 4.86 5.951
7590 165.0 4.456 5.98
7600 165.0 4.052 6.009
7630 168.0 0.081 3.313
7640 168.0 0.583 3.327
7650 168.0 1.084 3.341
7660 168.0 1.585 3.355
7670 168.0 2.103 3.374
7680 168.0 2.659 3.402
7690 168.0 3.214 3.431
7700 168.0 3.77 3.46
7670 169.0 15.131 4.621
7680 169.0 14.644 4.651
7690 169.0 14.158 4.681
7700 169.0 13.671 4.71
7710 169.0 13.181 4.691
7720 169.0 12.688 4.623
7730 169.0 12.195 4.555
7740 169.0 11.702 4.487
7700 171.0 14.932 3.519
7710 171.0 14.354 3.571
7720 171.0 13.775 3.623
7730 171.0 13.196 3.675
7740 171.0 12.713 3.731
7750 171.0 12.231 3.788
7760 171.0 11.748 3.844
7770 171.0 11.235 3.894
7760 172.0 0.141 2.857
7770 172.0 0.489 2.893
7780 172.0 0.837 2.93
7790 172.0 1.185 2.967
7800 172.0 1.533 3.004
7810 172.0 1.881 3.04
7820 172.0 2.273 3.062
7830 172.0 2.694 3.073
7770 173.0 -0.049 3.81
7780 173.0 0.39 3.831
7790 173.0 0.829 3.851
7800 173.0 1.268 3.872
7810 173.0 1.704 3.891
7820 173.0 2.111 3.901
7830 173.0 2.519 3.911
7840 173.0 2.927 3.921
7870 170.0 6.528 5.487
7880 170.0 6.087 5.644
7890 170.0 5.646 5.8
7900 170.0 5.228 5.956
7910 170.0 4.818 6.11
7920 170.0 4.408 6.265
7930 170.0 3.999 6.42
7940 170.0 3.612 6.517
8360 174.0 0.245 3.588
8370 174.0 0.796 3.672
8380 174.0 1.348 3.756
8390 174.0 1.9 3.84
8400 174.0 2.447 3.897
8410 174.0 2.989 3.914
8420 174.0 3.53 3.931
8430 174.0 4.071 3.948
8400 175.0 15.225 6.579
8410 175.0 14.637 6.447
8420 175.0 14.049 6.315
8430 175.0 13.461 6.184
8440 175.0 12.85 6.065
8450 175.0 12.233 5.95
8460 175.0 11.616 5.835
8470 175.0 11.009 5.72
8550 183.0 0.462 8.765
8560 183.0 0.574 8.614
8570 183.0 0.686 8.463
8580 183.0 0.798 8.312
8590 183.0 0.846 8.173
8600 183.0 0.878 8.038
8610 183.0 0.91 7.903
8620 183.0 0.942 7.768
8580 176.0 7.183 -0.375
8590 176.0 6.941 0.305
8600 176.0 6.699 0.986
8610 176.0 6.367 1.865
8620 176.0 6.013 2.795
8630 176.0 5.732 3.166
8640 176.0 5.459 3.476
8650 176.0 5.235 3.767
8600 177.0 7.726 -0.29
8610 177.0 7.61 -0.035
8620 177.0 7.494 0.221
8630 177.0 7.378 0.476
8640 177.0 7.053 0.856
8650 177.0 6.705 1.251
8660 177.0 6.351 1.642
8670 177.0 5.985 2.021
8620 178.0 15.186 4.796
8630 178.0 14.727 4.959
8640 178.0 14.268 5.121
8650 178.0 13.799 5.223
8660 178.0 13.319 5.265
8670 178.0 12.84 5.306
8680 178.0 12.371 5.242
8690 178.0 11.908 5.108
8650 179.0 14.926 4.597
8660 179.0 14.527 4.671
8670 179.0 14.128 4.745
8680 179.0 13.707 4.792
8690 179.0 13.235 4.776
8700 179.0 12.764 4.759
8710 179.0 12.327 4.733
8720 179.0 11.942 4.692
8660 180.0 14.863 2.381
8670 180.0 14.247 2.44
8680 180.0 13.631 2.5
8690 180.0 13.021 2.524
8700 180.0 12.417 2.511
8710 180.0 11.813 2.498
8720 180.0 11.21 2.486
8730 180.0 10.603 2.511
8660 181.0 15.027 3.15
8670 181.0 14.444 3.194
8680 181.0 13.86 3.237
8690 181.0 13.233 3.289
8700 181.0 12.596 3.344
8710 181.0 11.959 3.399
8720 181.0 11.324 3.447
8730 181.0 10.698 3.482
8660 182.0 15.06 5.432
8670 182.0 14.519 5.523
8680 182.0 13.978 5.614
8690 182.0 13.527 5.673
8700 182.0 13.099 5.724
8710 182.0 12.67 5.776
8720 182.0 12.207 5.744
8730 182.0 11.744 5.712
8750 184.0 1.453 6.832
8760 184.0 1.44 6.823
8770 184.0 1.427 6.814
8780 184.0 1.414 6.806
8790 184.0 1.401 6.797
8800 184.0 1.388 6.788
8810 184.0 1.375 6.78
8820 184.0 1.362 6.771
