0 1.0 20.467 11.255
12 1.0 20.334 11.255
24 1.0 20.334 11.255
36 1.0 20.201 11.255
48 1.0 20.201 11.255
60 1.0 20.09 11.255
72 1.0 19.979 11.255
84 1.0 19.979 11.255
0 3.0 -25.906 13.519
12 3.0 -23.486 13.807
24 3.0 -21.31 14.429
36 3.0 -18.735 14.829
48 3.0 -16.538 15.517
60 3.0 -14.34 16.227
72 3.0 -12.12 17.337
84 3.0 -9.923 18.536
0 5.0 5.372 11.565
12 5.0 2.908 11.255
24 5.0 1.066 11.166
36 5.0 -0.755 11.033
48 5.0 -2.575 10.855
60 5.0 -4.44 10.744
72 5.0 -6.26 10.744
84 5.0 -8.08 10.633
0 7.0 12.143 16.782
12 7.0 12.387 16.582
24 7.0 12.764 16.382
36 7.0 12.986 16.294
48 7.0 13.363 16.072
60 7.0 13.608 15.983
72 7.0 13.985 15.783
84 7.0 14.34 15.672
0 9.0 12.098 4.706
12 9.0 13.075 5.217
24 9.0 14.163 5.705
36 9.0 15.25 6.216
48 9.0 16.36 6.815
60 9.0 17.47 7.325
72 9.0 18.558 7.836
84 9.0 19.646 8.324
192 0.0 -30.478 13.608
204 0.0 -28.747 13.918
216 0.0 -27.06 14.207
228 0.0 -25.328 14.518
240 0.0 -23.508 14.829
252 0.0 -21.777 15.228
264 0.0 -19.823 15.428
276 0.0 -17.87 15.539
240 2.0 19.601 11.055
252 2.0 19.601 11.055
264 2.0 19.601 11.144
276 2.0 19.601 11.144
288 2.0 19.49 11.144
300 2.0 19.49 11.144
312 2.0 19.49 11.255
324 2.0 19.49 11.255
240 4.0 -6.435 21.047
252 4.0 -6.767 20.84
264 4.0 -7.099 20.633
276 4.0 -7.431 20.427
288 4.0 -7.763 20.22
300 4.0 -8.095 20.013
312 4.0 -8.427 19.806
324 4.0 -8.759 19.599
240 6.0 -29.259 8.52
252 6.0 -27.797 8.646
264 6.0 -26.335 8.772
276 6.0 -24.873 8.899
288 6.0 -23.41 9.025
300 6.0 -21.948 9.152
312 6.0 -20.486 9.278
324 6.0 -19.024 9.405
240 8.0 19.246 13.452
252 8.0 19.601 13.363
264 8.0 19.956 13.164
276 8.0 20.445 13.053
288 8.0 20.822 12.964
300 8.0 21.31 12.875
312 8.0 21.799 12.764
324 8.0 22.287 12.653
240 10.0 34.829 13.252
252 10.0 36.161 13.474
264 10.0 37.515 13.763
276 10.0 38.736 14.052
288 10.0 40.068 14.362
300 10.0 41.444 14.673
312 10.0 42.776 14.873
324 10.0 44.241 15.073
276 11.0 54.386 -21.31
288 11.0 53.72 -21.111
300 11.0 53.72 -20.711
312 11.0 53.72 -20.289
324 11.0 53.587 -19.801
336 11.0 53.587 -19.401
348 11.0 53.587 -18.98
360 11.0 53.587 -18.58
