0.0000 47.0000 10.0380 44.2110
0.0000 58.0000 10.7000 -14.9130
0.0000 56.0000 -8.1190 10.7660
0.0000 54.0000 -2.8240 3.1330
0.0000 52.0000 18.3990 7.1260
0.0000 49.0000 11.0530 46.1080
0.0000 91.0000 5.5590 6.9490
12.0000 47.0000 9.9720 44.7400
12.0000 49.0000 11.0530 45.5790
12.0000 58.0000 11.0530 -15.1120
12.0000 54.0000 -3.0000 3.5740
12.0000 52.0000 18.9290 6.7510
12.0000 56.0000 -8.2070 11.3170
12.0000 91.0000 6.1770 6.9490
24.0000 56.0000 -8.2070 11.8690
24.0000 47.0000 9.9720 45.4900
24.0000 91.0000 6.7950 6.9490
24.0000 52.0000 19.5460 6.5740
24.0000 54.0000 -3.1770 4.0150
24.0000 49.0000 11.0530 45.2040
24.0000 58.0000 11.4060 -15.1120
36.0000 56.0000 -8.2070 12.3980
36.0000 52.0000 20.1640 6.3980
36.0000 54.0000 -3.3530 4.5890
36.0000 47.0000 9.9720 46.1960
36.0000 49.0000 11.0530 44.8290
36.0000 58.0000 11.7590 -15.1120
36.0000 91.0000 7.4130 6.9490
48.0000 91.0000 8.1190 6.9490
48.0000 54.0000 -3.5300 5.0300
48.0000 52.0000 20.7600 6.2210
48.0000 56.0000 -8.2070 12.9720
48.0000 58.0000 12.0900 -15.1120
48.0000 47.0000 9.9720 46.9470
48.0000 49.0000 11.0530 44.4760
60.0000 54.0000 -3.6620 5.5820
60.0000 52.0000 21.3770 6.0450
60.0000 91.0000 8.8250 6.9490
60.0000 49.0000 11.0530 43.9460
60.0000 58.0000 12.6190 -15.1120
60.0000 56.0000 -8.2950 13.5020
60.0000 47.0000 9.9720 47.4760
72.0000 54.0000 -3.8390 6.0450
72.0000 58.0000 13.1490 -15.1120
72.0000 47.0000 9.9720 48.2260
72.0000 56.0000 -8.2950 14.0530
72.0000 52.0000 21.9950 5.6700
72.0000 49.0000 11.0530 43.5710
72.0000 91.0000 9.4420 7.1260
84.0000 56.0000 -8.2950 14.6050
84.0000 91.0000 9.9720 7.1260
84.0000 58.0000 13.7660 -14.9130
84.0000 54.0000 -4.0150 6.5740
84.0000 47.0000 9.9720 48.5790
84.0000 49.0000 11.0530 42.8430
84.0000 52.0000 22.5910 5.4930
96.0000 91.0000 10.4790 7.1260
96.0000 58.0000 14.2960 -14.9130
96.0000 54.0000 -4.2800 7.1260
96.0000 47.0000 10.0380 48.9320
96.0000 52.0000 23.1200 5.2950
96.0000 49.0000 10.9640 42.2920
96.0000 56.0000 -8.2950 15.1340
96.0000 51.0000 11.5820 61.9480
108.0000 52.0000 23.7380 4.9420
108.0000 56.0000 -8.2950 15.6860
108.0000 91.0000 11.0090 7.1260
108.0000 51.0000 11.0530 60.5140
108.0000 54.0000 -4.4560 7.8540
108.0000 47.0000 10.0380 49.3070
108.0000 58.0000 14.9130 -14.7150
108.0000 49.0000 10.9640 41.5640
120.0000 49.0000 10.9640 41.0120
120.0000 47.0000 10.1260 50.0350
120.0000 56.0000 -8.4720 16.2370
120.0000 91.0000 11.5160 7.3240
120.0000 58.0000 15.4870 -14.7150
120.0000 54.0000 -4.6330 8.5820
120.0000 51.0000 11.0530 59.7860
120.0000 52.0000 24.2670 4.3900
132.0000 54.0000 -4.8980 9.1330
132.0000 58.0000 16.0170 -14.7150
132.0000 56.0000 -8.6480 16.5900
132.0000 51.0000 10.9640 59.2350
132.0000 52.0000 24.6200 4.3900
132.0000 49.0000 11.0530 40.4600
132.0000 91.0000 11.8690 7.5010
132.0000 47.0000 10.2140 50.5650
144.0000 54.0000 -5.0740 9.8610
144.0000 58.0000 16.6340 -14.7150
144.0000 52.0000 25.0620 4.3900
144.0000 51.0000 10.8760 58.5070
144.0000 47.0000 10.3030 51.3150
144.0000 56.0000 -8.8250 17.1640
144.0000 49.0000 11.0530 40.4600
144.0000 91.0000 12.2660 7.7660
156.0000 58.0000 17.2520 -14.7150
156.0000 56.0000 -9.0890 17.6930
156.0000 49.0000 11.0530 40.4600
156.0000 91.0000 12.6190 8.0300
156.0000 54.0000 -5.3390 10.4130
156.0000 51.0000 10.8760 57.7790
156.0000 52.0000 25.4150 4.3900
156.0000 47.0000 10.3030 52.0430
168.0000 58.0000 17.8700 -14.7150
168.0000 52.0000 26.2090 4.2140
168.0000 56.0000 -9.2660 18.2450
168.0000 91.0000 13.0600 8.2290
168.0000 54.0000 -5.6040 10.9420
168.0000 51.0000 10.8760 57.2270
168.0000 47.0000 10.3030 52.9470
168.0000 49.0000 11.0530 40.4600
180.0000 58.0000 18.4870 -14.7150
180.0000 91.0000 13.5020 8.4050
180.0000 51.0000 11.0530 56.6980
180.0000 47.0000 10.2140 53.6750
180.0000 52.0000 26.1210 4.0370
180.0000 54.0000 -5.8680 11.3170
180.0000 49.0000 11.0530 40.4600
180.0000 56.0000 -9.4200 18.6200
192.0000 51.0000 11.1410 56.1240
192.0000 52.0000 26.1210 4.0370
192.0000 91.0000 13.9430 8.5820
192.0000 54.0000 -6.1330 11.8690
192.0000 49.0000 11.0530 40.4600
192.0000 56.0000 -9.5080 19.3260
192.0000 47.0000 10.2140 54.4030
192.0000 58.0000 19.0170 -14.9130
204.0000 52.0000 26.1210 4.0370
204.0000 51.0000 11.2290 55.7710
204.0000 49.0000 11.0530 40.4600
204.0000 58.0000 19.5460 -15.1120
204.0000 54.0000 -6.3980 12.3980
204.0000 47.0000 10.2140 55.1530
204.0000 56.0000 -9.5080 20.6050
204.0000 91.0000 14.4720 8.7580
216.0000 51.0000 11.4060 55.2420
216.0000 58.0000 19.8990 -15.1120
216.0000 52.0000 26.1210 3.8390
216.0000 49.0000 11.0530 40.4600
216.0000 56.0000 -9.5080 21.1570
216.0000 91.0000 14.9130 8.9570
216.0000 54.0000 -6.6630 12.9720
216.0000 47.0000 10.1260 55.8590
228.0000 91.0000 15.4430 8.9570
228.0000 49.0000 11.0530 40.4600
228.0000 52.0000 26.1210 3.8390
228.0000 54.0000 -6.8390 13.5020
228.0000 47.0000 10.1260 56.4110
228.0000 56.0000 -9.5080 21.7080
228.0000 51.0000 11.4940 54.6680
228.0000 58.0000 20.2520 -15.1120
240.0000 48.0000 10.1260 57.1390
240.0000 92.0000 15.9720 9.1330
240.0000 53.0000 26.1210 3.8390
240.0000 50.0000 11.0530 40.4600
240.0000 59.0000 21.2890 -15.1120
240.0000 57.0000 -9.5080 22.2380
240.0000 55.0000 -7.1040 14.2300
240.0000 51.0000 11.4940 53.7630
252.0000 59.0000 21.3770 -14.7150
252.0000 53.0000 26.1210 3.8390
252.0000 55.0000 -7.3680 14.9580
252.0000 92.0000 16.4140 9.1330
252.0000 50.0000 11.0530 40.4600
252.0000 57.0000 -9.4200 22.8110
252.0000 48.0000 10.0380 57.6900
252.0000 51.0000 11.4940 52.6820
264.0000 27.0000 8.6920 -22.7450
264.0000 92.0000 16.9430 9.1330
264.0000 53.0000 26.1210 3.8390
264.0000 48.0000 10.0380 58.2420
264.0000 59.0000 21.3770 -14.7150
264.0000 55.0000 -7.6330 15.5090
264.0000 57.0000 -9.4200 23.3410
264.0000 51.0000 11.4940 51.5790
264.0000 50.0000 11.0530 40.4600
276.0000 51.0000 11.4060 50.6750
276.0000 59.0000 21.4660 -14.7150
276.0000 55.0000 -7.8980 16.2370
276.0000 57.0000 -9.4200 23.8920
276.0000 92.0000 17.4730 9.3100
276.0000 50.0000 11.0530 40.4600
276.0000 53.0000 26.1210 3.8390
276.0000 48.0000 10.0380 58.7710
276.0000 27.0000 8.6920 -22.3700
288.0000 53.0000 26.1210 3.8390
288.0000 27.0000 8.6920 -21.9290
288.0000 59.0000 21.5540 -14.7150
288.0000 48.0000 10.1260 59.3230
288.0000 51.0000 11.3170 49.9470
288.0000 50.0000 11.0530 40.4600
288.0000 57.0000 -9.4200 24.4440
288.0000 55.0000 -8.1630 16.9650
288.0000 92.0000 18.0020 9.3100
300.0000 55.0000 -8.1630 17.5170
300.0000 92.0000 18.5320 9.3100
300.0000 27.0000 8.7800 -21.5760
300.0000 57.0000 -9.3320 25.1720
300.0000 59.0000 21.6420 -14.7150
300.0000 51.0000 11.2290 49.2190
300.0000 48.0000 10.3030 60.0510
300.0000 50.0000 11.0530 40.4600
300.0000 53.0000 26.0320 3.8390
312.0000 27.0000 8.7800 -21.1130
312.0000 59.0000 21.6420 -14.7150
312.0000 55.0000 -8.1630 18.0680
312.0000 57.0000 -9.1780 25.7240
312.0000 48.0000 10.2140 60.4040
312.0000 53.0000 25.9440 3.8390
312.0000 51.0000 11.2290 48.6670
312.0000 50.0000 11.0530 40.4600
312.0000 92.0000 19.0610 9.3100
324.0000 92.0000 19.5900 9.5080
324.0000 48.0000 10.1260 60.8010
324.0000 53.0000 25.8560 3.6620
324.0000 59.0000 21.7300 -14.7150
324.0000 51.0000 11.2290 48.1160
324.0000 55.0000 -8.1630 18.7960
324.0000 27.0000 8.8690 -20.7380
324.0000 57.0000 -9.0010 26.4290
324.0000 50.0000 11.0530 40.4600
336.0000 55.0000 -8.1630 19.3260
336.0000 53.0000 25.7680 3.5740
336.0000 59.0000 21.8190 -14.7150
336.0000 50.0000 11.0530 40.4600
336.0000 27.0000 8.8690 -20.2960
336.0000 57.0000 -8.8250 27.0030
336.0000 48.0000 10.1210 60.3650
336.0000 92.0000 20.1200 9.6850
348.0000 57.0000 -8.6480 27.7090
348.0000 53.0000 25.7680 3.4860
348.0000 48.0000 10.1120 59.6180
348.0000 55.0000 -8.1630 19.8770
348.0000 50.0000 11.0530 40.4600
348.0000 27.0000 8.8690 -19.9430
348.0000 59.0000 21.9070 -14.7150
348.0000 92.0000 20.5610 9.8610
360.0000 27.0000 8.9570 -19.5460
360.0000 92.0000 21.0690 10.0380
360.0000 59.0000 21.9070 -14.7150
360.0000 57.0000 -8.3830 28.4590
360.0000 50.0000 11.0530 40.4600
360.0000 53.0000 25.7680 3.4860
360.0000 48.0000 10.1020 58.8710
360.0000 55.0000 -8.0740 20.4290
372.0000 50.0000 11.0530 40.2840
372.0000 59.0000 21.9950 -14.7150
372.0000 53.0000 25.8560 3.4860
372.0000 27.0000 8.9570 -19.1930
372.0000 55.0000 -7.9860 21.1570
372.0000 57.0000 -8.2950 28.9890
372.0000 92.0000 21.5100 10.2140
372.0000 48.0000 10.0930 58.1240
384.0000 53.0000 25.8560 3.4860
384.0000 27.0000 8.9570 -18.8400
384.0000 50.0000 11.0530 40.1080
384.0000 59.0000 22.0830 -14.9130
384.0000 92.0000 22.0170 10.4130
384.0000 57.0000 -8.2950 29.7170
384.0000 55.0000 -7.9860 21.7080
384.0000 48.0000 10.0840 57.3770
396.0000 57.0000 -8.2950 30.2680
396.0000 50.0000 11.0530 40.1080
396.0000 55.0000 -7.8980 22.2380
396.0000 27.0000 8.9570 -18.4870
396.0000 53.0000 25.6790 3.6620
396.0000 92.0000 22.4580 10.5890
396.0000 48.0000 10.0750 56.6300
396.0000 59.0000 22.2600 -14.9130
408.0000 59.0000 21.5980 -15.1120
408.0000 50.0000 11.0530 39.9310
408.0000 92.0000 22.9880 10.7660
408.0000 48.0000 10.0660 55.8830
408.0000 27.0000 8.9570 -18.0900
408.0000 53.0000 25.5030 4.0370
408.0000 55.0000 -7.8100 22.9880
408.0000 57.0000 -8.2950 30.9960
420.0000 59.0000 20.6710 -15.1120
420.0000 48.0000 10.0560 55.1360
420.0000 53.0000 25.7680 4.2140
420.0000 92.0000 23.4290 10.9640
420.0000 55.0000 -7.8100 23.7160
420.0000 50.0000 11.0530 39.9310
420.0000 27.0000 8.9570 -17.7370
420.0000 57.0000 -8.2950 31.5480
432.0000 55.0000 -7.7210 24.2670
432.0000 92.0000 23.9590 11.1410
432.0000 57.0000 -8.2070 31.9010
432.0000 48.0000 10.0480 54.3890
432.0000 27.0000 8.9570 -17.5610
432.0000 50.0000 11.0970 39.7550
432.0000 53.0000 26.0320 4.3900
432.0000 59.0000 19.7670 -15.1120
444.0000 48.0000 10.0380 53.6420
444.0000 27.0000 8.9570 -17.5610
444.0000 50.0000 11.0970 39.5560
444.0000 53.0000 26.0320 4.2140
444.0000 92.0000 24.4880 11.1410
444.0000 59.0000 18.8400 -15.1120
444.0000 55.0000 -7.6330 25.1720
444.0000 57.0000 -8.1190 32.4520
456.0000 27.0000 8.9570 -17.5610
456.0000 55.0000 -7.6330 25.9000
456.0000 57.0000 -8.0300 32.8270
456.0000 92.0000 25.0180 11.3170
456.0000 48.0000 10.0290 52.8950
456.0000 50.0000 11.0970 39.5560
456.0000 59.0000 17.9140 -15.1120
456.0000 53.0000 26.0320 4.2140
468.0000 27.0000 8.9570 -17.5610
468.0000 57.0000 -7.9420 33.3570
468.0000 53.0000 26.2090 4.5890
468.0000 92.0000 25.6350 11.4940
468.0000 59.0000 16.9870 -15.1120
468.0000 50.0000 11.0970 39.3790
468.0000 48.0000 10.0200 52.1480
468.0000 55.0000 -7.6330 26.2530
480.0000 27.0000 8.9570 -15.9280
492.0000 27.0000 9.0450 -13.8990
504.0000 95.0000 1.0370 40.5710
504.0000 10.0000 0.7280 33.5550
504.0000 97.0000 29.8710 8.7580
504.0000 37.0000 30.5770 8.1190
504.0000 99.0000 31.0620 8.1190
504.0000 28.0000 9.0450 -13.4570
516.0000 28.0000 9.0450 -12.9280
516.0000 97.0000 29.8710 8.7580
516.0000 37.0000 30.5770 8.1190
516.0000 99.0000 31.0620 8.1190
516.0000 95.0000 1.0370 40.5710
516.0000 10.0000 0.9050 33.5550
528.0000 28.0000 9.0450 -12.2660
528.0000 95.0000 1.0370 40.7470
528.0000 37.0000 30.5770 8.1190
528.0000 99.0000 31.0620 8.1190
528.0000 10.0000 0.9930 33.5550
528.0000 97.0000 29.8710 8.7580
540.0000 97.0000 29.8710 8.7580
540.0000 95.0000 1.0370 40.9240
540.0000 10.0000 1.1690 33.5550
540.0000 37.0000 30.5770 8.1190
540.0000 28.0000 9.0890 -11.8250
540.0000 99.0000 31.0620 8.1190
552.0000 10.0000 1.2570 33.5550
552.0000 37.0000 30.5770 8.1190
552.0000 28.0000 9.1330 -11.2730
552.0000 99.0000 31.0620 8.1190
552.0000 95.0000 1.0370 40.9240
552.0000 97.0000 29.8710 8.8690
564.0000 37.0000 30.5770 8.1190
564.0000 28.0000 9.1330 -10.6340
564.0000 97.0000 29.8710 8.9570
564.0000 99.0000 31.0620 8.1190
564.0000 10.0000 1.4340 33.5550
564.0000 95.0000 1.0370 41.1000
564.0000 89.0000 -4.0150 36.6440
576.0000 95.0000 1.0370 41.2770
576.0000 37.0000 30.5770 8.1190
576.0000 97.0000 29.8710 8.9570
576.0000 89.0000 -3.8390 37.6370
576.0000 10.0000 1.5000 33.5550
576.0000 99.0000 31.0620 8.1190
576.0000 28.0000 9.1780 -10.1700
588.0000 97.0000 29.8710 8.9570
588.0000 99.0000 31.0620 8.1190
588.0000 95.0000 1.0370 41.2770
588.0000 10.0000 1.6770 33.5550
588.0000 89.0000 -3.7500 38.7400
588.0000 37.0000 30.5770 8.1190
588.0000 28.0000 9.1780 -9.5530
600.0000 89.0000 -3.3970 39.1150
600.0000 95.0000 0.9930 41.2770
600.0000 28.0000 9.2220 -8.9790
600.0000 99.0000 31.0620 8.1190
600.0000 97.0000 29.8710 8.9570
600.0000 37.0000 30.5770 8.1190
600.0000 10.0000 1.7650 33.5550
612.0000 89.0000 -3.0440 39.4680
612.0000 95.0000 0.9050 41.1890
612.0000 97.0000 29.8710 9.0450
612.0000 99.0000 31.0620 8.1190
612.0000 37.0000 30.5770 8.1190
612.0000 10.0000 1.9410 33.5550
612.0000 28.0000 9.2660 -8.4490
624.0000 28.0000 9.2660 -7.9200
624.0000 99.0000 31.0620 8.1190
624.0000 97.0000 29.8710 9.1330
624.0000 95.0000 0.9930 41.5640
624.0000 10.0000 2.0300 33.5550
624.0000 37.0000 30.5770 8.1190
624.0000 89.0000 -2.7800 40.0190
636.0000 99.0000 31.0620 8.1190
636.0000 97.0000 29.8710 9.1330
636.0000 10.0000 2.2060 33.5550
636.0000 37.0000 30.5770 8.1190
636.0000 89.0000 -2.5150 40.5710
636.0000 28.0000 9.2660 -7.3460
636.0000 90.0000 -3.8830 36.2030
636.0000 95.0000 1.1690 41.9390
648.0000 96.0000 19.8550 23.4290
648.0000 28.0000 9.3540 -6.9050
648.0000 95.0000 1.3240 42.2920
648.0000 10.0000 2.2940 33.5550
648.0000 90.0000 -3.7950 36.5560
648.0000 99.0000 31.0620 8.1190
648.0000 89.0000 -2.2500 41.1000
648.0000 37.0000 30.5770 8.1190
648.0000 97.0000 29.8710 9.1330
660.0000 96.0000 20.0320 22.5250
660.0000 90.0000 -3.6180 37.1730
660.0000 97.0000 29.8710 9.2220
660.0000 89.0000 -2.1620 41.4750
660.0000 99.0000 31.0620 8.1190
660.0000 10.0000 2.4710 33.5550
660.0000 95.0000 1.4120 42.8430
660.0000 37.0000 30.5770 8.1190
660.0000 28.0000 9.3540 -6.3540
672.0000 99.0000 31.0620 8.1190
672.0000 89.0000 -2.1620 41.8280
672.0000 90.0000 -3.5300 38.1880
672.0000 96.0000 20.2960 21.7970
672.0000 10.0000 2.5590 33.5550
672.0000 95.0000 1.5880 43.1960
672.0000 37.0000 30.5770 8.1190
672.0000 28.0000 9.3540 -5.9790
672.0000 97.0000 29.8710 9.2220
684.0000 37.0000 30.5770 8.1190
684.0000 89.0000 -2.1620 42.2030
684.0000 90.0000 -3.4420 39.1150
684.0000 99.0000 31.0620 8.1190
684.0000 28.0000 9.3540 -5.5370
684.0000 95.0000 1.8530 43.7480
684.0000 10.0000 2.7360 33.5550
684.0000 96.0000 20.5390 21.1570
684.0000 97.0000 29.8710 9.2220
696.0000 97.0000 29.8710 9.3100
696.0000 99.0000 31.0620 8.1190
696.0000 96.0000 20.8040 20.5170
696.0000 10.0000 2.7360 33.5550
696.0000 28.0000 9.3540 -5.0960
696.0000 89.0000 -2.1620 42.9310
696.0000 37.0000 30.5770 8.1190
696.0000 90.0000 -3.0000 39.4680
696.0000 95.0000 2.1180 44.1890
708.0000 37.0000 30.5770 8.1190
708.0000 89.0000 -2.1620 44.3870
708.0000 90.0000 -2.3830 39.4680
708.0000 10.0000 2.6470 33.7320
708.0000 28.0000 9.3540 -4.6110
708.0000 99.0000 31.0620 8.1190
708.0000 97.0000 29.8710 9.3980
708.0000 95.0000 2.3830 44.7620
708.0000 96.0000 21.0690 19.8770
720.0000 90.0000 -2.2060 40.1960
720.0000 96.0000 21.2450 19.2370
720.0000 97.0000 29.8710 9.3980
720.0000 37.0000 30.5770 8.1190
720.0000 10.0000 2.5590 33.9080
720.0000 89.0000 -2.1620 44.9390
720.0000 95.0000 2.6910 45.3800
720.0000 99.0000 31.0620 8.1190
720.0000 28.0000 9.3540 -4.1700
732.0000 10.0000 2.4710 34.0850
732.0000 37.0000 30.5770 8.1190
732.0000 89.0000 -2.1620 45.2920
732.0000 97.0000 29.8710 9.3980
732.0000 95.0000 2.7800 46.1300
732.0000 28.0000 9.3540 -3.7060
732.0000 90.0000 -2.2060 41.4750
732.0000 96.0000 21.5100 18.5980
732.0000 99.0000 31.0620 8.1190
744.0000 29.0000 9.3540 -3.1550
744.0000 96.0000 21.7750 17.8920
744.0000 11.0000 2.3830 34.2610
744.0000 38.0000 30.5770 8.1190
744.0000 100.0000 31.0620 8.1190
744.0000 98.0000 29.8710 9.3980
744.0000 89.0000 -2.1620 45.6670
744.0000 90.0000 -2.0740 42.3800
756.0000 100.0000 31.0620 8.1190
756.0000 38.0000 30.5770 8.1190
756.0000 89.0000 -2.2500 46.2190
756.0000 11.0000 2.2940 34.4600
756.0000 98.0000 29.8710 9.5080
756.0000 90.0000 -1.8090 43.1080
756.0000 96.0000 22.0390 17.3400
756.0000 29.0000 9.4420 -2.8020
768.0000 98.0000 29.8710 9.5970
768.0000 11.0000 2.2060 34.6580
768.0000 89.0000 -2.2500 46.5710
768.0000 29.0000 9.5300 -2.2500
768.0000 38.0000 30.5770 8.1190
768.0000 96.0000 22.3040 16.6120
768.0000 100.0000 31.0620 8.1190
768.0000 90.0000 -1.6330 43.4830
780.0000 29.0000 9.6190 -1.6990
780.0000 96.0000 22.5910 15.9500
780.0000 90.0000 -1.6330 43.4830
780.0000 89.0000 -2.2500 46.9470
780.0000 100.0000 31.0620 8.1190
780.0000 11.0000 2.1180 34.8350
780.0000 98.0000 29.8710 9.5970
780.0000 38.0000 30.5770 8.1190
792.0000 29.0000 9.7070 -1.1690
792.0000 100.0000 31.0620 8.1190
792.0000 38.0000 30.5770 8.1190
792.0000 98.0000 29.8710 9.5970
792.0000 11.0000 2.0300 35.0110
792.0000 90.0000 -1.6330 43.4830
792.0000 89.0000 -2.2500 47.3000
792.0000 96.0000 22.9000 15.3330
804.0000 29.0000 9.7730 -0.6180
804.0000 98.0000 29.8710 9.5970
804.0000 11.0000 1.9410 35.1880
804.0000 38.0000 30.5770 8.1190
804.0000 90.0000 -1.4560 43.7480
804.0000 100.0000 31.0620 8.1190
804.0000 96.0000 23.2090 14.6050
816.0000 90.0000 -1.4560 43.7480
816.0000 38.0000 30.5770 8.1190
816.0000 96.0000 23.5170 13.9650
816.0000 29.0000 9.8610 -0.2430
816.0000 11.0000 1.8530 35.3640
816.0000 98.0000 29.8710 9.7730
816.0000 100.0000 31.0620 8.1190
828.0000 90.0000 -1.4560 43.7480
828.0000 11.0000 1.7650 35.5410
828.0000 5.0000 20.1420 23.1420
828.0000 29.0000 9.8610 0.2870
828.0000 100.0000 31.0620 8.1190
828.0000 98.0000 29.9590 10.1260
828.0000 96.0000 23.8260 13.2370
828.0000 38.0000 30.5770 8.1190
840.0000 96.0000 24.2670 12.3320
840.0000 100.0000 31.0620 8.1190
840.0000 5.0000 20.3180 22.2600
840.0000 90.0000 -1.4560 43.7480
840.0000 29.0000 10.0380 0.8600
840.0000 98.0000 29.9590 10.5010
840.0000 38.0000 30.5770 8.1190
840.0000 11.0000 1.6770 35.9160
852.0000 38.0000 30.5770 8.1190
852.0000 98.0000 30.0480 10.8540
852.0000 90.0000 -1.4560 43.7480
852.0000 96.0000 24.6200 11.4060
852.0000 11.0000 1.2570 36.2910
852.0000 21.0000 30.7540 13.4130
852.0000 100.0000 31.0620 8.1190
852.0000 29.0000 10.1260 1.2130
852.0000 5.0000 20.5390 21.7970
864.0000 21.0000 30.4890 13.2370
864.0000 98.0000 30.1360 11.2290
864.0000 90.0000 -1.2350 44.4760
864.0000 96.0000 25.0620 10.5010
864.0000 11.0000 0.9050 36.6440
864.0000 100.0000 31.0620 8.1190
864.0000 5.0000 20.8040 21.3330
864.0000 29.0000 10.2140 1.7430
864.0000 38.0000 30.5770 8.1190
876.0000 96.0000 25.5030 9.5970
876.0000 98.0000 30.2240 11.6040
876.0000 21.0000 29.9590 13.4130
876.0000 38.0000 30.5770 8.1190
876.0000 5.0000 21.0690 20.9800
876.0000 100.0000 31.0620 8.1190
876.0000 29.0000 10.3030 2.3160
876.0000 11.0000 0.5520 37.0850
888.0000 11.0000 0.1100 37.4600
888.0000 29.0000 10.4790 2.6690
888.0000 100.0000 31.0620 8.1190
888.0000 21.0000 29.4300 13.5900
888.0000 38.0000 30.5770 8.1190
888.0000 98.0000 30.2240 11.9570
888.0000 5.0000 21.3330 20.5170
900.0000 21.0000 28.9000 13.5900
900.0000 98.0000 30.4450 12.8620
900.0000 11.0000 0.0220 38.0120
900.0000 19.0000 9.9500 61.1320
900.0000 38.0000 30.5770 8.1190
900.0000 29.0000 10.5670 3.1990
900.0000 5.0000 21.5980 20.0760
900.0000 100.0000 31.0620 8.1190
912.0000 38.0000 30.5770 8.1190
912.0000 29.0000 10.6560 3.7720
912.0000 98.0000 30.6210 13.4130
912.0000 21.0000 28.5030 13.2370
912.0000 5.0000 21.8190 19.6130
912.0000 19.0000 9.9500 60.7790
912.0000 11.0000 -0.1540 38.5630
912.0000 100.0000 31.0620 8.1190
924.0000 100.0000 31.0620 8.1190
924.0000 21.0000 28.1500 12.8840
924.0000 19.0000 10.0380 60.6030
924.0000 5.0000 22.0830 19.2370
924.0000 98.0000 30.7980 13.7880
924.0000 29.0000 10.8320 4.1250
924.0000 38.0000 30.5770 8.1190
924.0000 11.0000 -0.2430 39.2910
936.0000 5.0000 22.4360 18.5090
936.0000 38.0000 30.5770 8.1190
936.0000 43.0000 24.4880 4.9420
936.0000 19.0000 10.1260 60.4260
936.0000 11.0000 -0.3310 39.8210
936.0000 98.0000 30.8860 14.3180
936.0000 29.0000 10.9200 4.6550
936.0000 100.0000 31.0620 8.1190
936.0000 21.0000 27.4880 12.8840
948.0000 43.0000 24.0470 5.4050
948.0000 11.0000 -0.4190 40.3940
948.0000 29.0000 11.0090 5.2290
948.0000 19.0000 10.2140 60.2500
948.0000 21.0000 27.0030 13.2370
948.0000 38.0000 30.5770 8.1190
948.0000 98.0000 31.1060 14.8690
948.0000 100.0000 31.0620 8.1190
948.0000 5.0000 22.7670 17.7810
960.0000 19.0000 10.3030 59.6760
960.0000 38.0000 30.5770 8.1190
960.0000 17.0000 -0.5960 -22.1050
960.0000 43.0000 23.6060 5.7580
960.0000 29.0000 11.1850 5.7580
960.0000 98.0000 31.1510 15.2440
960.0000 100.0000 31.0620 8.1190
960.0000 21.0000 26.3850 12.4870
960.0000 11.0000 -0.5070 41.1000
960.0000 5.0000 23.1200 17.2520
972.0000 19.0000 10.3910 59.1460
972.0000 21.0000 25.7680 12.4870
972.0000 98.0000 31.1510 15.5970
972.0000 29.0000 11.2730 6.1110
972.0000 43.0000 23.0760 6.1110
972.0000 17.0000 -1.1910 -22.1050
972.0000 5.0000 23.4730 16.5020
972.0000 38.0000 30.5770 8.1190
972.0000 100.0000 31.0620 8.1190
972.0000 11.0000 -0.5070 41.6520
984.0000 17.0000 -1.6330 -22.1050
984.0000 19.0000 10.4790 58.5950
984.0000 12.0000 -0.5070 42.2030
984.0000 30.0000 11.4500 6.5080
984.0000 43.0000 22.7230 6.5080
984.0000 39.0000 30.5770 8.1190
984.0000 5.0000 23.7380 15.9720
984.0000 21.0000 25.1500 12.3100
996.0000 39.0000 30.5770 8.1190
996.0000 15.0000 29.2090 25.6790
996.0000 17.0000 -1.9860 -22.1050
996.0000 8.0000 18.1790 5.7580
996.0000 5.0000 24.0030 15.4210
996.0000 43.0000 22.5690 6.5080
996.0000 12.0000 -0.5070 42.7330
996.0000 21.0000 24.6200 12.6850
996.0000 30.0000 11.6260 7.0380
996.0000 13.0000 28.6360 19.7890
996.0000 19.0000 10.4790 58.0430
1008.0000 39.0000 30.5330 8.1190
1008.0000 15.0000 28.3270 24.7970
1008.0000 17.0000 -2.1180 -21.8410
1008.0000 13.0000 26.9590 19.7890
1008.0000 5.0000 24.2670 14.6930
1008.0000 8.0000 18.1790 5.7580
1008.0000 30.0000 12.0010 7.8540
1008.0000 19.0000 10.5230 57.0510
1008.0000 43.0000 22.4360 6.3980
1008.0000 12.0000 -0.4190 43.3950
1008.0000 21.0000 24.0470 12.5750
1020.0000 39.0000 30.5330 8.1190
1020.0000 43.0000 22.3040 6.4860
1020.0000 13.0000 25.5470 19.7890
1020.0000 17.0000 -2.1620 -21.4660
1020.0000 8.0000 18.1790 5.7580
1020.0000 30.0000 12.3540 8.4050
1020.0000 21.0000 23.5170 12.4870
1020.0000 19.0000 10.6120 55.9700
1020.0000 12.0000 -0.3310 43.7480
1020.0000 15.0000 27.6210 24.7970
1020.0000 5.0000 24.5760 14.0530
1032.0000 39.0000 30.5330 8.1190
1032.0000 17.0000 -2.2940 -21.2010
1032.0000 12.0000 -0.2430 44.2110
1032.0000 21.0000 22.9880 12.2220
1032.0000 15.0000 26.9150 24.7970
1032.0000 30.0000 12.7070 8.8690
1032.0000 13.0000 24.2230 19.9880
1032.0000 8.0000 18.1790 5.7580
1032.0000 43.0000 22.1720 6.5740
1032.0000 19.0000 10.6560 54.8670
1032.0000 5.0000 24.8850 13.4130
1044.0000 12.0000 -0.1540 44.6520
1044.0000 13.0000 22.8110 19.9880
1044.0000 15.0000 26.2090 24.7970
1044.0000 17.0000 -2.3830 -20.9140
1044.0000 8.0000 18.1790 5.7580
1044.0000 30.0000 13.0600 9.3100
1044.0000 21.0000 22.4580 12.0450
1044.0000 19.0000 10.7000 53.7630
1044.0000 43.0000 22.0390 6.5740
1044.0000 5.0000 25.1940 12.7960
1044.0000 39.0000 30.5330 8.1190
1056.0000 21.0000 22.0170 11.9570
1056.0000 19.0000 10.7880 52.7710
1056.0000 12.0000 -0.0660 45.1150
1056.0000 39.0000 30.5330 8.1190
1056.0000 5.0000 25.5910 12.2220
1056.0000 17.0000 -2.4270 -20.4730
1056.0000 43.0000 21.9510 6.7510
1056.0000 30.0000 13.4570 9.8610
1056.0000 13.0000 21.5100 20.1640
1056.0000 15.0000 25.5910 24.7970
1056.0000 8.0000 18.1790 5.7580
1068.0000 30.0000 13.7220 10.2360
1068.0000 39.0000 30.5330 8.1190
1068.0000 21.0000 21.3330 11.9570
1068.0000 19.0000 10.7880 52.3960
1068.0000 12.0000 0.0220 45.8430
1068.0000 13.0000 20.2960 20.5170
1068.0000 6.0000 25.7680 11.3170
1068.0000 17.0000 -2.8680 -20.4730
1068.0000 15.0000 24.1790 24.7970
1068.0000 43.0000 21.7750 7.1260
1068.0000 8.0000 18.1790 5.7580
1080.0000 8.0000 18.1790 5.7580
1080.0000 19.0000 10.7880 52.0430
1080.0000 6.0000 26.0320 10.4130
1080.0000 39.0000 30.5330 8.1190
1080.0000 30.0000 14.0750 10.5890
1080.0000 43.0000 21.5980 7.5010
1080.0000 15.0000 22.8560 24.7970
1080.0000 21.0000 20.7380 12.1340
1080.0000 13.0000 19.0610 20.8920
1080.0000 12.0000 0.1100 46.7700
1080.0000 17.0000 -3.3090 -20.4730
1092.0000 39.0000 30.5330 8.1190
1092.0000 13.0000 17.8260 21.2450
1092.0000 6.0000 26.2090 9.8610
1092.0000 22.0000 20.4730 11.9570
1092.0000 8.0000 18.1790 5.7580
1092.0000 15.0000 21.4660 24.7970
1092.0000 30.0000 14.3400 10.9420
1092.0000 43.0000 20.8920 7.6770
1092.0000 17.0000 -3.6620 -20.4730
1092.0000 19.0000 10.7880 51.6680
1092.0000 12.0000 0.1100 48.0500
1104.0000 13.0000 16.5900 21.6200
1104.0000 22.0000 20.2080 11.7810
1104.0000 19.0000 10.7880 51.3150
1104.0000 6.0000 26.3850 9.3100
1104.0000 17.0000 -4.1030 -20.2960
1104.0000 12.0000 0.1100 49.1090
1104.0000 8.0000 18.1790 5.7580
1104.0000 15.0000 20.1640 24.7970
1104.0000 43.0000 20.2080 8.0300
1104.0000 30.0000 14.6930 11.3400
1104.0000 39.0000 30.5330 8.1190
1116.0000 8.0000 18.1790 5.7580
1116.0000 19.0000 10.7880 50.7630
1116.0000 17.0000 -4.4560 -20.2960
1116.0000 22.0000 19.9430 11.5820
1116.0000 15.0000 18.8400 24.7970
1116.0000 39.0000 30.5330 8.1190
1116.0000 30.0000 15.0460 11.6930
1116.0000 12.0000 0.1100 50.0350
1116.0000 6.0000 26.6500 8.9570
1116.0000 13.0000 15.4430 21.9730
1116.0000 43.0000 19.5900 8.4050
1128.0000 13.0000 14.3840 22.3480
1128.0000 17.0000 -4.8090 -20.2960
1128.0000 6.0000 26.8270 8.4050
1128.0000 8.0000 18.1790 5.7580
1128.0000 19.0000 10.7880 50.2120
1128.0000 15.0000 17.4280 24.7970
1128.0000 22.0000 19.6790 11.5820
1128.0000 30.0000 15.3110 12.0450
1128.0000 39.0000 30.5330 8.1190
1128.0000 43.0000 18.8850 8.6040
1128.0000 12.0000 0.1100 50.9620
1140.0000 12.0000 0.1100 51.8440
1140.0000 17.0000 -5.1620 -20.2960
1140.0000 30.0000 15.6640 12.3980
1140.0000 39.0000 30.5330 8.1190
1140.0000 20.0000 10.7880 49.6820
1140.0000 13.0000 13.3250 22.9000
1140.0000 15.0000 16.1050 24.7970
1140.0000 22.0000 19.4140 11.4060
1140.0000 8.0000 18.1790 5.7580
1140.0000 6.0000 27.0910 8.0300
1140.0000 43.0000 18.1790 8.9570
1152.0000 13.0000 12.2660 23.8040
1152.0000 43.0000 17.5610 9.3100
1152.0000 15.0000 15.3110 25.1500
1152.0000 6.0000 27.2680 7.5010
1152.0000 30.0000 16.0170 12.7960
1152.0000 8.0000 18.1790 5.7580
1152.0000 12.0000 0.1100 52.4180
1152.0000 20.0000 10.7880 49.1310
1152.0000 39.0000 30.5330 8.1190
1152.0000 22.0000 19.1490 11.2290
1152.0000 17.0000 -5.6920 -20.4730
1164.0000 17.0000 -6.3980 -20.4730
1164.0000 20.0000 10.7880 48.5790
1164.0000 30.0000 16.2810 13.1490
1164.0000 39.0000 30.5330 8.1190
1164.0000 15.0000 14.2520 25.3480
1164.0000 43.0000 16.8550 9.4860
1164.0000 22.0000 18.8850 11.2290
1164.0000 12.0000 0.1100 52.5940
1164.0000 8.0000 18.1790 5.7580
1164.0000 13.0000 11.2290 24.1790
1164.0000 6.0000 27.2240 7.3020
1176.0000 15.0000 12.9280 25.5470
1176.0000 20.0000 10.7880 48.0280
1176.0000 22.0000 18.2670 10.8760
1176.0000 6.0000 27.4880 6.3980
1176.0000 44.0000 16.5020 9.1330
1176.0000 8.0000 18.1790 5.7580
1176.0000 30.0000 16.6340 13.5020
1176.0000 39.0000 30.5330 8.1190
1176.0000 13.0000 10.3470 24.3560
1176.0000 17.0000 -7.1040 -20.6490
1176.0000 12.0000 0.1100 52.9470
1188.0000 44.0000 16.0610 8.7800
1188.0000 39.0000 30.4890 8.2070
1188.0000 22.0000 17.6490 10.6780
1188.0000 6.0000 27.5770 5.9350
1188.0000 8.0000 18.1790 5.7580
1188.0000 12.0000 0.1100 53.3000
1188.0000 13.0000 9.4860 24.7090
1188.0000 30.0000 16.8990 13.8550
1188.0000 20.0000 10.7880 47.6750
1188.0000 15.0000 11.7810 25.9000
1188.0000 17.0000 -7.7210 -20.6490
1200.0000 18.0000 -8.2510 -20.6490
1200.0000 22.0000 17.1200 10.5010
1200.0000 20.0000 10.7880 47.1230
1200.0000 39.0000 30.4890 8.2070
1200.0000 12.0000 0.1100 53.6970
1200.0000 44.0000 15.7080 8.4050
1200.0000 30.0000 17.2520 14.2520
1200.0000 13.0000 8.6920 25.6350
1200.0000 15.0000 10.9200 26.6280
1200.0000 8.0000 18.1790 5.7580
1200.0000 6.0000 27.5770 5.6700
1212.0000 18.0000 -8.7800 -20.6490
1212.0000 30.0000 17.6050 14.4280
1212.0000 13.0000 7.8980 26.3410
1212.0000 22.0000 16.5020 10.5010
1212.0000 6.0000 27.5770 5.4050
1212.0000 39.0000 30.4890 8.2070
1212.0000 12.0000 0.1100 54.0500
1212.0000 15.0000 10.0380 27.3560
1212.0000 20.0000 10.7880 46.7480
1212.0000 8.0000 18.1790 5.7580
1212.0000 44.0000 15.3550 8.0300
1224.0000 15.0000 9.1780 28.2610
1224.0000 20.0000 10.7880 46.2190
1224.0000 8.0000 18.1790 5.7580
1224.0000 31.0000 17.8700 14.7810
1224.0000 18.0000 -9.3100 -20.6490
1224.0000 22.0000 15.9720 10.3250
1224.0000 6.0000 27.5770 5.1180
1224.0000 40.0000 30.4890 8.2070
1224.0000 44.0000 15.0020 7.6770
1224.0000 13.0000 7.1040 27.2680
1236.0000 44.0000 14.5600 7.1260
1236.0000 31.0000 18.2230 15.1340
1236.0000 18.0000 -9.7290 -20.6490
1236.0000 9.0000 18.1790 5.7580
1236.0000 16.0000 8.2950 28.9890
1236.0000 40.0000 30.4890 8.2070
1236.0000 14.0000 6.3100 28.1720
1236.0000 22.0000 15.3550 10.1260
1236.0000 20.0000 10.7880 45.8430
1236.0000 6.0000 27.5330 4.9420
1248.0000 16.0000 7.6770 29.7390
1248.0000 44.0000 14.1190 6.7510
1248.0000 22.0000 14.8250 9.9500
1248.0000 14.0000 5.6920 29.4520
1248.0000 20.0000 10.8760 45.1150
1248.0000 40.0000 30.4890 8.2070
1248.0000 6.0000 27.5330 4.7650
1248.0000 9.0000 18.1790 5.7580
1248.0000 31.0000 18.4870 15.5090
1248.0000 18.0000 -10.2590 -20.6490
1260.0000 31.0000 18.7520 15.8840
1260.0000 20.0000 10.8760 44.2110
1260.0000 18.0000 -10.7880 -20.6490
1260.0000 6.0000 27.5330 4.7650
1260.0000 40.0000 30.4890 8.2070
1260.0000 22.0000 14.2960 9.7730
1260.0000 16.0000 7.2360 30.6210
1260.0000 9.0000 18.1790 5.7580
1260.0000 14.0000 5.1620 30.9080
1260.0000 44.0000 13.6780 6.5740
1272.0000 6.0000 27.5330 4.5890
1272.0000 16.0000 6.7950 31.5480
1272.0000 40.0000 30.4890 8.2070
1272.0000 18.0000 -11.2950 -20.6490
1272.0000 9.0000 18.1790 5.7580
1272.0000 14.0000 4.6330 32.5400
1272.0000 20.0000 10.8760 43.2840
1272.0000 31.0000 19.0170 16.2370
1272.0000 44.0000 13.1490 6.2210
1272.0000 22.0000 13.7660 9.7730
1284.0000 9.0000 18.1790 5.7580
1284.0000 20.0000 10.8760 42.3800
1284.0000 6.0000 27.5330 4.5890
1284.0000 14.0000 4.1030 34.1950
1284.0000 18.0000 -11.7370 -20.6490
1284.0000 16.0000 6.7070 34.2830
1284.0000 22.0000 13.2370 9.5970
1284.0000 44.0000 12.7070 5.8680
1284.0000 31.0000 19.2820 16.5900
1284.0000 40.0000 30.4890 8.2070
1296.0000 6.0000 27.5330 4.3900
1296.0000 22.0000 12.7070 9.3980
1296.0000 40.0000 30.4890 8.2070
1296.0000 9.0000 18.1790 5.7580
1296.0000 31.0000 19.7230 16.7670
1296.0000 18.0000 -12.3540 -20.6490
1296.0000 14.0000 3.7950 34.5480
1296.0000 20.0000 10.7000 42.2030
1296.0000 16.0000 6.1330 34.4600
1296.0000 44.0000 12.2660 5.4930
1308.0000 44.0000 11.7370 5.1180
1308.0000 20.0000 10.5230 42.0270
1308.0000 9.0000 18.1790 5.7580
1308.0000 14.0000 3.5300 35.2760
1308.0000 40.0000 30.4890 8.2070
1308.0000 16.0000 5.6920 35.2760
1308.0000 22.0000 12.1780 9.2220
1308.0000 7.0000 27.4880 4.3900
1308.0000 18.0000 -12.9720 -20.4730
1308.0000 31.0000 20.2520 16.9870
1320.0000 9.0000 18.1790 5.7580
1320.0000 22.0000 11.6480 9.2220
1320.0000 7.0000 27.4880 4.2140
1320.0000 14.0000 3.3530 36.7320
1320.0000 18.0000 -13.5020 -20.2960
1320.0000 44.0000 11.3170 4.7650
1320.0000 16.0000 5.5150 36.5560
1320.0000 20.0000 10.4350 41.8280
1320.0000 31.0000 20.6710 17.1640
1320.0000 40.0000 30.4890 8.2070
1332.0000 20.0000 10.2590 41.6520
1332.0000 14.0000 3.1770 38.0120
1332.0000 9.0000 18.1790 5.7580
1332.0000 18.0000 -14.1190 -20.1200
1332.0000 40.0000 30.4890 8.2070
1332.0000 23.0000 11.1410 9.0450
1332.0000 7.0000 27.4880 4.2140
1332.0000 16.0000 5.3390 37.9230
1332.0000 31.0000 21.2010 17.3400
1332.0000 44.0000 10.7880 4.5890
1344.0000 7.0000 27.4880 4.0370
1344.0000 18.0000 -14.6490 -19.9210
1344.0000 16.0000 5.1180 39.0930
1344.0000 20.0000 10.0820 41.4750
1344.0000 44.0000 10.3470 4.2140
1344.0000 14.0000 2.9560 39.4680
1344.0000 9.0000 18.1790 5.7580
1344.0000 31.0000 21.7300 17.5170
1344.0000 23.0000 10.6120 8.8690
1344.0000 40.0000 30.4450 8.2070
1356.0000 9.0000 18.1790 5.7580
1356.0000 44.0000 9.8390 3.8390
1356.0000 23.0000 10.1040 8.6700
1356.0000 31.0000 22.1720 17.6930
1356.0000 20.0000 10.0160 41.2990
1356.0000 14.0000 2.7800 40.9240
1356.0000 40.0000 30.4450 8.2070
1356.0000 7.0000 27.4880 4.0370
1356.0000 16.0000 4.8980 40.4600
1356.0000 18.0000 -15.2660 -19.7450
1368.0000 14.0000 2.5590 42.2030
1368.0000 23.0000 9.5750 8.6700
1368.0000 16.0000 4.6770 41.7400
1368.0000 7.0000 27.4880 3.8390
1368.0000 9.0000 18.1790 5.7580
1368.0000 20.0000 9.8390 41.1000
1368.0000 31.0000 22.6790 17.8700
1368.0000 40.0000 30.4450 8.2070
1368.0000 44.0000 9.3980 3.4860
1368.0000 18.0000 -15.8840 -19.7450
1380.0000 44.0000 8.8690 3.1330
1380.0000 40.0000 30.4450 8.2070
1380.0000 14.0000 2.3390 43.6590
1380.0000 18.0000 -16.4140 -19.5460
1380.0000 7.0000 27.4000 3.6620
1380.0000 9.0000 18.1790 5.7580
1380.0000 31.0000 23.2090 18.0460
1380.0000 23.0000 9.0450 8.4940
1380.0000 16.0000 4.5010 42.9310
1392.0000 18.0000 -16.8110 -19.4580
1392.0000 40.0000 30.4450 8.2070
1392.0000 31.0000 23.7380 18.4430
1392.0000 16.0000 4.4120 45.7550
1392.0000 7.0000 27.4000 3.6620
1392.0000 23.0000 8.2510 8.1410
1392.0000 14.0000 2.1620 44.9390
1392.0000 9.0000 18.1790 5.7580
1392.0000 44.0000 8.4270 2.9560
1404.0000 44.0000 7.8980 2.9560
1404.0000 9.0000 18.1790 5.7580
1404.0000 31.0000 24.3560 18.9730
1404.0000 23.0000 7.3680 7.9420
1404.0000 16.0000 4.3240 47.3880
1404.0000 40.0000 30.4450 8.2070
1404.0000 14.0000 2.1620 46.1960
1404.0000 7.0000 27.4000 3.4860
1404.0000 18.0000 -17.0750 -19.4580
1416.0000 45.0000 7.3680 2.9560
1416.0000 7.0000 27.4000 3.4860
1416.0000 16.0000 4.2360 48.8440
1416.0000 18.0000 -17.3400 -19.4580
1416.0000 23.0000 6.4860 7.5890
1416.0000 9.0000 18.1790 5.7580
1416.0000 31.0000 24.9730 19.5020
1416.0000 14.0000 2.2500 47.3000
1416.0000 40.0000 30.4450 8.2070
1428.0000 16.0000 4.1480 50.1230
1428.0000 9.0000 18.1790 5.7580
1428.0000 31.0000 25.5030 19.8990
1428.0000 23.0000 5.6920 7.5890
1428.0000 40.0000 30.4450 8.2070
1428.0000 45.0000 6.9270 2.5590
1428.0000 14.0000 2.2500 48.4030
1428.0000 7.0000 27.4000 3.3090
1428.0000 18.0000 -18.0020 -19.0170
1440.0000 9.0000 18.1790 5.7580
1440.0000 40.0000 30.4450 8.2070
1440.0000 45.0000 6.4860 2.2060
1440.0000 7.0000 27.4000 3.3090
1440.0000 14.0000 2.3390 49.6820
1440.0000 31.0000 26.0320 20.0760
1440.0000 16.0000 4.0590 51.5790
1440.0000 23.0000 4.9860 7.5890
1452.0000 45.0000 5.9570 1.6770
1452.0000 14.0000 2.3390 51.4910
1452.0000 23.0000 4.2800 7.5890
1452.0000 31.0000 26.5620 20.4290
1452.0000 40.0000 30.4450 8.2070
1452.0000 9.0000 18.1790 5.7580
1452.0000 16.0000 4.0590 52.8590
1452.0000 7.0000 27.4000 3.1330
1464.0000 41.0000 30.4450 8.2070
1464.0000 23.0000 3.6620 7.7660
1464.0000 45.0000 5.5150 1.1030
1464.0000 9.0000 18.1790 5.7580
1464.0000 14.0000 2.3390 53.3000
1464.0000 16.0000 4.0590 54.1390
1464.0000 7.0000 27.3560 3.1330
1476.0000 23.0000 2.9560 7.7660
1476.0000 45.0000 5.0740 0.7500
1476.0000 7.0000 27.3560 2.9340
1476.0000 41.0000 30.4450 8.2070
1488.0000 41.0000 30.4450 8.2070
1488.0000 23.0000 2.2500 7.7660
1488.0000 45.0000 4.6330 0.2210
1488.0000 7.0000 27.3560 2.7580
1500.0000 45.0000 4.1920 -0.1540
1500.0000 33.0000 30.9300 9.0450
1500.0000 77.0000 24.8410 22.7230
1500.0000 25.0000 4.6770 -1.0810
1500.0000 23.0000 1.6330 7.9420
1500.0000 35.0000 29.7390 7.8540
1500.0000 7.0000 27.3560 2.7580
1500.0000 41.0000 30.4450 8.2070
1512.0000 77.0000 24.8410 22.7230
1512.0000 25.0000 4.2360 -1.5220
1512.0000 35.0000 29.7390 7.8540
1512.0000 33.0000 30.9300 9.0450
1512.0000 41.0000 30.4450 8.0300
1512.0000 23.0000 1.1470 7.9420
1512.0000 7.0000 27.3560 2.5810
1512.0000 45.0000 3.5740 -0.4410
1524.0000 23.0000 0.6840 7.9420
1524.0000 25.0000 3.7950 -1.9860
1524.0000 41.0000 30.4450 8.0300
1524.0000 45.0000 3.0440 -0.6180
1524.0000 77.0000 24.8410 22.7230
1524.0000 35.0000 29.7390 7.8540
1524.0000 7.0000 27.3560 2.5810
1524.0000 33.0000 30.9300 9.0450
1536.0000 35.0000 29.7390 7.8540
1536.0000 77.0000 24.8410 22.7230
1536.0000 7.0000 27.3560 2.5810
1536.0000 41.0000 30.4450 8.0300
1536.0000 25.0000 3.3530 -2.3390
1536.0000 33.0000 30.9300 9.0450
1536.0000 23.0000 0.1990 8.0520
1536.0000 45.0000 2.4710 -0.7060
1548.0000 25.0000 2.9120 -2.8020
1548.0000 33.0000 30.9300 9.0450
1548.0000 35.0000 29.7390 7.8540
1548.0000 23.0000 -0.3310 8.0520
1548.0000 77.0000 24.8410 22.7230
1548.0000 45.0000 2.0740 -1.0590
1548.0000 41.0000 30.4450 8.0300
1560.0000 33.0000 30.9300 9.0450
1560.0000 69.0000 15.2660 -20.2960
1560.0000 25.0000 2.5590 -3.1550
1560.0000 41.0000 30.4450 8.0300
1560.0000 23.0000 -0.8380 8.0520
1560.0000 77.0000 24.8410 22.7230
1560.0000 35.0000 29.7390 7.8540
1560.0000 45.0000 1.8090 -1.4340
1572.0000 24.0000 -1.5440 8.2290
1572.0000 25.0000 2.2060 -3.5300
1572.0000 77.0000 24.8410 22.7230
1572.0000 35.0000 29.7390 7.8540
1572.0000 69.0000 15.2660 -19.9210
1572.0000 33.0000 30.9300 9.0450
1572.0000 45.0000 1.4560 -1.9860
1572.0000 41.0000 30.4450 8.0300
1584.0000 77.0000 24.8410 22.7230
1584.0000 33.0000 30.9300 9.0450
1584.0000 35.0000 29.7390 7.8540
1584.0000 69.0000 15.2660 -19.5460
1584.0000 32.0000 9.7510 -22.6570
1584.0000 41.0000 30.4450 8.0300
1584.0000 24.0000 -2.2500 8.4050
1584.0000 25.0000 1.8530 -3.9050
1584.0000 45.0000 1.1030 -2.5150
1596.0000 24.0000 -2.8680 8.7580
1596.0000 25.0000 1.4120 -4.2580
1596.0000 32.0000 9.7510 -22.1050
1596.0000 35.0000 29.7390 7.8540
1596.0000 69.0000 15.2660 -19.1930
1596.0000 45.0000 0.5960 -3.0670
1596.0000 77.0000 24.8410 22.7230
1596.0000 41.0000 30.4890 8.0300
1596.0000 33.0000 30.9300 9.0450
1608.0000 77.0000 24.8410 22.7230
1608.0000 32.0000 9.6630 -21.5760
1608.0000 41.0000 30.4890 7.9420
1608.0000 45.0000 0.1540 -3.7950
1608.0000 35.0000 29.7390 7.8540
1608.0000 25.0000 1.0590 -4.6110
1608.0000 24.0000 -3.3970 9.1330
1608.0000 69.0000 15.2660 -18.8400
1608.0000 33.0000 30.9300 9.0450
1620.0000 45.0000 -0.2870 -4.3460
1620.0000 24.0000 -3.8390 9.5080
1620.0000 77.0000 24.8410 22.7230
1620.0000 35.0000 29.7390 7.8540
1620.0000 33.0000 30.9300 9.0450
1620.0000 41.0000 30.4890 7.9420
1620.0000 69.0000 15.2660 -18.2890
1620.0000 25.0000 0.7280 -4.9860
1620.0000 32.0000 9.6190 -21.0910
1632.0000 33.0000 30.9300 9.0450
1632.0000 69.0000 15.2660 -17.9140
1632.0000 32.0000 9.6190 -20.7380
1632.0000 77.0000 24.8410 22.7230
1632.0000 41.0000 30.4890 7.9420
1632.0000 24.0000 -4.3680 9.6850
1632.0000 45.0000 -0.5290 -4.8980
1632.0000 25.0000 0.3750 -5.3610
1632.0000 35.0000 29.7390 7.8540
1644.0000 69.0000 15.1780 -17.5610
1644.0000 77.0000 24.8410 22.7230
1644.0000 24.0000 -4.8980 10.0380
1644.0000 45.0000 -0.7940 -5.4490
1644.0000 41.0000 30.4890 7.9420
1644.0000 32.0000 9.7510 -20.7380
1644.0000 25.0000 0.0220 -5.7140
1644.0000 33.0000 30.9300 9.0450
1644.0000 35.0000 29.7390 7.8540
