24.0000 18.0000 20.5780 32.0480
36.0000 18.0000 20.3720 30.8500
48.0000 18.0000 20.3380 30.1990
60.0000 18.0000 20.3380 29.6170
72.0000 18.0000 20.3040 28.9150
84.0000 18.0000 20.3040 28.3330
96.0000 18.0000 20.2870 27.7680
108.0000 18.0000 20.2520 27.1170
108.0000 20.0000 -15.7330 11.7610
120.0000 20.0000 -16.1100 11.7610
120.0000 21.0000 20.2870 32.9890
120.0000 18.0000 20.2520 26.5520
132.0000 18.0000 20.2520 25.9700
132.0000 21.0000 20.0130 31.8600
132.0000 20.0000 -16.4860 11.9150
144.0000 21.0000 19.8420 30.6950
144.0000 20.0000 -16.8630 11.9150
144.0000 18.0000 20.2870 25.3880
156.0000 20.0000 -17.2390 12.0520
156.0000 18.0000 20.3210 24.9600
156.0000 21.0000 19.6360 29.5660
168.0000 21.0000 19.4650 28.4010
168.0000 20.0000 -17.6160 12.2060
168.0000 18.0000 20.3720 24.3950
180.0000 21.0000 19.2250 27.4080
180.0000 18.0000 20.4070 23.8130
180.0000 20.0000 -17.7530 12.2060
192.0000 21.0000 19.0200 26.2610
192.0000 18.0000 20.4070 23.3850
192.0000 20.0000 -17.8040 12.3430
204.0000 21.0000 18.8140 25.1140
204.0000 20.0000 -17.8730 12.3430
204.0000 18.0000 20.4070 22.8200
216.0000 21.0000 18.7800 24.2580
216.0000 18.0000 20.3720 22.2380
216.0000 20.0000 -17.9240 12.4800
228.0000 21.0000 18.7800 23.2480
228.0000 18.0000 20.3720 21.6560
228.0000 20.0000 -17.9930 12.6340
240.0000 18.0000 20.4070 21.2280
240.0000 21.0000 18.7800 22.3750
240.0000 20.0000 -18.0610 12.6340
252.0000 21.0000 18.7800 21.5190
252.0000 20.0000 -18.1300 12.7710
252.0000 18.0000 20.4410 20.9540
264.0000 20.0000 -18.1810 12.7710
264.0000 21.0000 18.6430 20.6630
276.0000 20.0000 -18.2490 12.9250
276.0000 21.0000 18.0270 20.0810
288.0000 20.0000 -18.3010 13.0620
288.0000 21.0000 17.3760 19.5160
300.0000 20.0000 -18.3690 13.0620
300.0000 21.0000 16.7600 18.9340
312.0000 21.0000 15.7330 18.5060
312.0000 20.0000 -18.3690 13.1990
324.0000 20.0000 -18.3690 13.1990
324.0000 21.0000 14.2260 18.2320
336.0000 2.0000 -6.2320 49.0480
336.0000 21.0000 13.1650 18.0780
336.0000 20.0000 -18.3690 13.1990
348.0000 21.0000 12.3430 18.0780
348.0000 2.0000 -6.1630 48.2090
360.0000 22.0000 11.4530 17.9410
360.0000 2.0000 -6.1120 47.6270
372.0000 2.0000 -6.0430 47.0620
372.0000 22.0000 10.6310 17.9410
384.0000 2.0000 -5.9230 46.4800
384.0000 22.0000 9.7410 17.9410
396.0000 2.0000 -5.8550 45.8980
396.0000 22.0000 8.9190 17.7870
408.0000 2.0000 -5.7350 45.3330
408.0000 22.0000 8.0630 17.7870
420.0000 22.0000 7.2420 17.7870
420.0000 2.0000 -5.6670 44.7680
432.0000 2.0000 -5.5470 44.1860
432.0000 22.0000 6.3510 17.6500
444.0000 22.0000 5.4610 17.6500
444.0000 2.0000 -5.4780 43.6040
456.0000 2.0000 -5.4100 43.0390
456.0000 22.0000 4.6390 17.5130
468.0000 22.0000 3.7490 17.5130
468.0000 2.0000 -5.2900 42.4740
480.0000 22.0000 2.9270 17.5130
480.0000 2.0000 -5.2210 41.8920
492.0000 22.0000 2.2430 16.6570
492.0000 2.0000 -5.1020 41.3100
504.0000 2.0000 -5.0330 40.8300
504.0000 22.0000 1.5920 15.8530
516.0000 22.0000 0.8560 15.1340
516.0000 2.0000 -4.9990 40.3850
528.0000 2.0000 -4.9650 39.9570
528.0000 22.0000 0.1710 14.4150
540.0000 22.0000 -0.5480 13.6960
540.0000 2.0000 -4.9300 39.5290
552.0000 22.0000 -1.3010 12.9770
552.0000 2.0000 -4.9130 39.0160
564.0000 2.0000 -4.8790 38.6560
564.0000 22.0000 -2.0200 12.2750
576.0000 22.0000 -2.8420 12.1210
576.0000 3.0000 -4.8450 37.9540
588.0000 22.0000 -3.6640 11.9840
588.0000 3.0000 -4.8450 37.2350
600.0000 3.0000 -4.7760 36.5160
612.0000 3.0000 -4.7760 35.7970
624.0000 3.0000 -4.7760 34.9410
636.0000 3.0000 -4.7250 34.2220
648.0000 3.0000 -4.7250 33.5030
660.0000 3.0000 -4.6570 32.7840
672.0000 3.0000 -4.6570 32.3560
684.0000 3.0000 -4.5880 31.9280
696.0000 3.0000 -4.5880 31.5000
708.0000 3.0000 -4.5370 31.0550
720.0000 3.0000 -4.4680 30.7810
732.0000 3.0000 -4.4680 30.1990
744.0000 3.0000 -4.4000 29.7710
756.0000 3.0000 -4.4000 29.3430
756.0000 15.0000 20.7830 32.0310
768.0000 15.0000 20.0640 31.3460
768.0000 3.0000 -4.3480 28.9150
780.0000 3.0000 -4.3480 28.4870
780.0000 15.0000 19.9960 31.3460
792.0000 15.0000 19.1230 31.0720
792.0000 3.0000 -4.0920 27.7680
804.0000 3.0000 -3.8350 26.8950
804.0000 15.0000 18.6090 30.9180
816.0000 15.0000 18.1130 30.7640
816.0000 4.0000 -3.5270 26.1070
828.0000 15.0000 17.5990 30.5580
828.0000 4.0000 -3.2700 25.2510
840.0000 15.0000 17.1020 30.4220
840.0000 4.0000 -2.9620 24.3950
852.0000 4.0000 -2.6360 23.6760
852.0000 15.0000 16.5890 30.2850
864.0000 4.0000 -2.6360 22.9570
864.0000 15.0000 16.0240 29.9760
876.0000 4.0000 -2.6360 22.2380
876.0000 15.0000 15.4590 29.7030
888.0000 15.0000 14.8940 29.4110
888.0000 4.0000 -2.6360 21.6730
900.0000 4.0000 -2.5850 21.2280
900.0000 15.0000 14.3290 29.1200
912.0000 4.0000 -2.5850 20.6630
912.0000 15.0000 13.7470 28.9830
924.0000 15.0000 13.1820 28.9830
924.0000 4.0000 -2.5170 20.2350
936.0000 4.0000 -2.4480 19.7900
936.0000 15.0000 12.5490 28.9830
948.0000 15.0000 11.9840 28.8470
948.0000 4.0000 -2.3800 19.2250
960.0000 15.0000 11.4190 28.8470
960.0000 4.0000 -2.3800 18.7970
972.0000 4.0000 -2.3280 18.3690
972.0000 15.0000 10.8540 28.8470
984.0000 15.0000 10.2200 28.8470
984.0000 4.0000 -2.1910 17.7870
996.0000 4.0000 -2.0030 17.2220
996.0000 16.0000 9.5870 28.8470
1008.0000 4.0000 -1.9520 16.5720
1008.0000 16.0000 8.9880 28.7780
1020.0000 4.0000 -1.8830 15.9380
1020.0000 16.0000 8.4400 28.7610
1032.0000 4.0000 -1.8490 15.2190
1032.0000 16.0000 7.8580 28.6920
1044.0000 4.0000 -1.7800 14.6370
1044.0000 16.0000 7.3270 28.6920
1056.0000 16.0000 6.7450 28.6920
1068.0000 16.0000 6.1800 28.6240
1080.0000 16.0000 5.6150 28.5380
1092.0000 10.0000 20.1500 32.9890
1092.0000 7.0000 -11.9840 19.1570
1092.0000 16.0000 5.0500 28.5380
1104.0000 16.0000 4.4850 28.4010
1104.0000 7.0000 -12.3260 19.4310
1104.0000 5.0000 20.2870 2.5850
1104.0000 10.0000 19.7730 32.8530
1116.0000 16.0000 3.9720 28.4010
1116.0000 5.0000 20.0810 2.2940
1116.0000 7.0000 -12.3770 19.8760
1116.0000 10.0000 19.3450 32.7160
1128.0000 10.0000 18.9510 32.4250
1128.0000 16.0000 3.4070 28.4010
1128.0000 7.0000 -12.4460 20.4580
1128.0000 5.0000 19.9100 2.1570
1140.0000 7.0000 -12.5140 20.8690
1140.0000 10.0000 18.5230 32.2880
1140.0000 5.0000 19.7050 2.1570
1140.0000 16.0000 2.7730 28.2640
1152.0000 16.0000 2.2080 28.2640
1152.0000 7.0000 -12.5660 21.3140
1152.0000 10.0000 18.0100 31.9970
1152.0000 5.0000 19.6640 2.1960
1164.0000 5.0000 19.6810 2.2610
1164.0000 10.0000 17.4960 31.7050
1164.0000 16.0000 1.5750 28.2640
1164.0000 7.0000 -12.6340 21.8790
1176.0000 16.0000 0.9590 28.2640
1176.0000 5.0000 19.6990 2.3280
1176.0000 7.0000 -12.5660 22.3070
1176.0000 10.0000 17.0000 31.5690
1188.0000 5.0000 19.7170 2.3940
1188.0000 16.0000 0.3250 28.2640
1188.0000 7.0000 -12.4460 22.8890
1188.0000 10.0000 16.5550 31.2780
1200.0000 16.0000 -0.3080 28.2640
1200.0000 5.0000 19.7340 2.4600
1200.0000 10.0000 15.9900 31.1410
1200.0000 7.0000 -12.3260 23.4710
1212.0000 16.0000 -0.8730 28.2640
1212.0000 5.0000 19.7520 2.5260
1212.0000 10.0000 15.4250 31.1410
1212.0000 7.0000 -12.1890 24.0360
1224.0000 7.0000 -12.0690 24.4640
1224.0000 10.0000 14.7910 31.1410
1224.0000 16.0000 -1.5070 28.2640
1224.0000 5.0000 19.7700 2.5920
1236.0000 17.0000 -2.0710 28.2640
1236.0000 7.0000 -11.8810 25.0460
1236.0000 10.0000 14.2260 31.1410
1236.0000 5.0000 19.7870 2.6580
1248.0000 5.0000 19.8050 2.7240
1248.0000 10.0000 13.5930 30.9860
1248.0000 17.0000 -2.7050 28.2640
1248.0000 7.0000 -11.7610 25.6110
1260.0000 17.0000 -3.2700 28.2640
1260.0000 10.0000 13.0280 30.9860
1260.0000 5.0000 19.8220 2.7900
1260.0000 7.0000 -11.7610 26.0390
1272.0000 5.0000 19.8400 2.8560
1272.0000 17.0000 -3.9030 28.2640
1272.0000 10.0000 12.3950 30.9860
1272.0000 7.0000 -11.7610 26.6210
1284.0000 10.0000 11.8300 30.9860
1284.0000 5.0000 19.8580 2.9220
1284.0000 17.0000 -4.4680 28.2640
1284.0000 7.0000 -11.7610 27.0320
1296.0000 10.0000 11.2650 30.9860
1296.0000 7.0000 -11.7610 27.6140
1296.0000 5.0000 19.8760 2.9880
1296.0000 17.0000 -5.1020 28.2640
1308.0000 7.0000 -11.6240 28.0590
1308.0000 5.0000 19.8930 3.0540
1308.0000 17.0000 -5.5980 28.1280
1308.0000 10.0000 10.7000 30.9860
1320.0000 17.0000 -6.1120 28.1280
1320.0000 7.0000 -11.2480 28.6240
1320.0000 5.0000 19.9110 3.1200
1320.0000 10.0000 10.1350 30.9860
1332.0000 8.0000 -10.8710 28.9150
1332.0000 11.0000 9.5530 30.9860
1332.0000 17.0000 -6.6080 28.1280
1332.0000 5.0000 19.9290 3.1860
1344.0000 17.0000 -7.1900 28.1280
1344.0000 6.0000 19.9460 3.2520
1344.0000 11.0000 8.9880 30.9860
1344.0000 8.0000 -10.4940 29.3430
1356.0000 11.0000 8.4910 30.9860
1356.0000 17.0000 -7.6870 27.9910
1356.0000 6.0000 19.9640 3.3180
1356.0000 8.0000 -10.1180 29.6340
1368.0000 6.0000 19.9820 3.3850
1368.0000 11.0000 8.1150 30.9860
1368.0000 17.0000 -8.3200 27.9910
1368.0000 8.0000 -9.7410 29.9080
1380.0000 11.0000 7.7380 30.9860
1380.0000 13.0000 20.4070 34.9410
1380.0000 17.0000 -8.8850 27.9910
1380.0000 6.0000 19.9990 3.4510
1380.0000 8.0000 -9.2270 30.0450
1392.0000 8.0000 -8.7310 30.3530
1392.0000 17.0000 -9.4500 27.9910
1392.0000 11.0000 7.3610 30.9860
1392.0000 6.0000 20.0170 3.5160
1392.0000 13.0000 20.1500 34.4960
1404.0000 11.0000 6.9850 30.9860
1404.0000 6.0000 20.0340 3.5820
1404.0000 13.0000 19.9610 34.2220
1404.0000 8.0000 -8.2860 30.4900
1404.0000 17.0000 -10.0150 27.9910
1416.0000 17.0000 -10.6480 27.9910
1416.0000 13.0000 19.7220 33.7770
1416.0000 6.0000 20.0520 3.6490
1416.0000 8.0000 -7.7890 30.7640
1416.0000 11.0000 6.5400 30.8500
1428.0000 13.0000 19.5160 33.3660
1428.0000 6.0000 20.0700 3.7150
1428.0000 17.0000 -11.2820 28.1280
1428.0000 8.0000 -7.3960 31.0720
1428.0000 11.0000 5.7180 30.5580
1440.0000 13.0000 19.1400 33.2120
1440.0000 17.0000 -11.9670 28.4010
1440.0000 6.0000 20.0870 3.7810
1440.0000 11.0000 4.8960 30.2670
1440.0000 8.0000 -7.0880 31.4830
1452.0000 6.0000 20.1050 3.8470
1452.0000 13.0000 18.8320 32.9210
1452.0000 11.0000 4.0740 29.9760
1452.0000 8.0000 -6.7620 31.9280
1452.0000 17.0000 -12.6000 28.5380
1464.0000 11.0000 3.3210 29.8390
1464.0000 6.0000 20.1230 3.9130
1464.0000 8.0000 -6.4540 32.3560
1464.0000 13.0000 18.5230 32.7840
1464.0000 17.0000 -13.1140 28.4010
1476.0000 6.0000 20.1410 3.9790
1476.0000 8.0000 -6.1460 32.7840
1476.0000 11.0000 2.8080 29.8390
1476.0000 13.0000 18.0100 32.5100
1488.0000 8.0000 -6.1460 33.2120
1488.0000 11.0000 2.3110 29.9760
1488.0000 6.0000 20.1580 4.0450
1488.0000 13.0000 17.7020 32.0650
1500.0000 13.0000 17.3760 31.7910
1500.0000 8.0000 -6.1460 33.6400
1500.0000 11.0000 1.8150 30.1300
1500.0000 6.0000 20.1760 4.1110
1512.0000 11.0000 0.2570 30.3530
1512.0000 6.0000 20.1940 4.1770
1512.0000 13.0000 17.0000 31.4140
1512.0000 8.0000 -6.2320 34.0850
1524.0000 13.0000 16.6230 31.1230
1524.0000 8.0000 -6.3000 34.5820
