0.0000 3.0000 40.3910 7.3890
0.0000 17.0000 50.4670 5.3960
0.0000 13.0000 52.4830 3.9220
0.0000 19.0000 46.6320 9.2530
0.0000 11.0000 47.8890 6.4140
0.0000 21.0000 46.7620 12.8060
0.0000 23.0000 47.1300 11.6150
0.0000 25.0000 52.0060 9.2090
0.0000 7.0000 45.0280 7.5410
0.0000 27.0000 53.3930 -1.9500
0.0000 9.0000 44.5520 6.8690
0.0000 15.0000 51.1820 6.1110
0.0000 29.0000 11.9610 -22.1240
0.0000 5.0000 40.5000 5.5260
12.0000 29.0000 12.2210 -22.3190
12.0000 21.0000 46.7620 12.6980
12.0000 19.0000 46.4150 9.7510
12.0000 9.0000 44.5520 6.8690
12.0000 15.0000 51.1820 6.0240
12.0000 23.0000 47.1300 11.6150
12.0000 13.0000 52.4830 3.9220
12.0000 11.0000 47.8890 6.4140
12.0000 25.0000 52.2660 9.3180
12.0000 17.0000 50.7060 5.1790
12.0000 7.0000 45.0280 7.5410
12.0000 3.0000 40.3910 7.3890
12.0000 5.0000 40.5000 5.5260
12.0000 27.0000 53.3930 -1.9500
24.0000 11.0000 47.8890 6.4140
24.0000 17.0000 51.0520 4.9840
24.0000 15.0000 51.1820 6.0240
24.0000 19.0000 46.1550 10.2490
24.0000 13.0000 52.4830 3.9220
24.0000 3.0000 40.3910 7.3890
24.0000 27.0000 53.3930 -1.9500
24.0000 5.0000 40.5000 5.5260
24.0000 9.0000 44.5520 6.8690
24.0000 23.0000 47.1300 11.6150
24.0000 7.0000 45.0280 7.5410
24.0000 25.0000 52.6130 9.4040
24.0000 29.0000 12.4380 -22.4710
24.0000 21.0000 46.7620 12.6980
36.0000 19.0000 45.9380 10.7260
36.0000 21.0000 46.7620 12.6980
36.0000 29.0000 12.6980 -22.6010
36.0000 23.0000 47.1300 11.6150
36.0000 27.0000 53.3930 -1.8200
36.0000 15.0000 51.1820 5.9160
36.0000 25.0000 52.9590 9.5130
36.0000 17.0000 51.3120 4.8970
36.0000 7.0000 45.0280 7.5410
36.0000 5.0000 40.5000 5.5260
36.0000 11.0000 47.8890 6.4140
36.0000 13.0000 52.4830 3.9220
36.0000 9.0000 44.5520 6.8690
36.0000 3.0000 40.3910 7.3890
48.0000 23.0000 47.1300 11.6150
48.0000 27.0000 53.3930 -1.8200
48.0000 19.0000 45.8080 11.2250
48.0000 11.0000 47.8890 6.4140
48.0000 3.0000 40.3910 7.3890
48.0000 21.0000 46.7620 12.6980
48.0000 29.0000 13.0450 -22.7740
48.0000 17.0000 51.5290 4.8970
48.0000 13.0000 52.4830 3.9220
48.0000 25.0000 52.9620 9.5150
48.0000 15.0000 51.3120 5.9160
48.0000 7.0000 45.0280 7.5410
48.0000 5.0000 40.5000 5.5260
48.0000 9.0000 44.5520 6.8690
60.0000 5.0000 40.5000 5.5260
60.0000 7.0000 45.0280 7.5410
60.0000 23.0000 47.1300 11.6150
60.0000 25.0000 52.9650 9.5170
60.0000 21.0000 46.7620 12.6110
60.0000 3.0000 40.3910 7.3890
60.0000 27.0000 53.4360 -1.7340
60.0000 19.0000 45.6780 11.7230
60.0000 11.0000 47.8890 6.4140
60.0000 17.0000 51.6590 4.8970
60.0000 29.0000 13.3050 -22.9040
60.0000 1.0000 -13.3910 -22.6010
60.0000 15.0000 51.3120 5.8290
60.0000 13.0000 52.4830 3.9220
60.0000 9.0000 44.5520 6.8690
72.0000 27.0000 53.4360 -1.7340
72.0000 3.0000 40.3910 7.3890
72.0000 29.0000 13.5220 -23.0560
72.0000 25.0000 52.9680 9.5210
72.0000 1.0000 -11.3550 -21.4310
72.0000 5.0000 40.5000 5.5260
72.0000 13.0000 52.4830 3.9220
72.0000 19.0000 45.5700 12.2000
72.0000 23.0000 47.1300 11.6150
72.0000 15.0000 51.3120 5.8290
72.0000 7.0000 45.0280 7.5410
72.0000 21.0000 46.7620 12.6110
72.0000 9.0000 44.5520 6.8690
72.0000 17.0000 51.7890 4.8970
72.0000 11.0000 47.8890 6.4140
84.0000 1.0000 -9.3180 -20.2610
84.0000 15.0000 51.3120 5.8290
84.0000 29.0000 13.6530 -23.0990
84.0000 11.0000 47.8890 6.4140
84.0000 17.0000 52.0060 4.8970
84.0000 23.0000 47.1300 11.6150
84.0000 19.0000 45.5700 12.6980
84.0000 27.0000 53.5010 -1.6470
84.0000 9.0000 44.5520 6.8690
84.0000 3.0000 40.3910 7.4980
84.0000 21.0000 46.7620 12.6110
84.0000 7.0000 45.0280 7.5410
84.0000 25.0000 52.9720 9.5230
84.0000 13.0000 52.4830 3.9220
84.0000 5.0000 40.5000 5.5260
96.0000 1.0000 -7.3020 -18.9820
108.0000 1.0000 -5.2870 -17.7900
120.0000 1.0000 -3.3800 -16.2300
132.0000 1.0000 -1.5600 -14.5620
144.0000 1.0000 0.3470 -12.9800
240.0000 4.0000 40.3910 7.6930
240.0000 18.0000 53.0890 5.3960
240.0000 14.0000 52.4830 3.9220
240.0000 20.0000 46.1530 18.5680
240.0000 22.0000 46.8920 12.3080
240.0000 12.0000 47.8890 6.4140
240.0000 24.0000 47.1300 11.6150
240.0000 16.0000 51.6590 5.5260
240.0000 26.0000 53.0150 9.5590
240.0000 8.0000 45.0280 7.5410
240.0000 28.0000 53.8040 -1.0400
240.0000 10.0000 44.5520 6.8690
240.0000 30.0000 13.7000 -23.0990
240.0000 6.0000 40.5000 5.5260
252.0000 16.0000 51.6590 5.5260
252.0000 22.0000 46.8920 12.3080
252.0000 20.0000 46.1320 18.2830
252.0000 30.0000 13.7040 -23.0990
252.0000 24.0000 47.1300 11.6150
252.0000 10.0000 44.5520 6.8690
252.0000 14.0000 52.4830 3.9220
252.0000 12.0000 47.8890 6.4140
252.0000 18.0000 53.0890 5.3960
252.0000 8.0000 45.0280 7.5410
252.0000 6.0000 40.5000 5.5260
252.0000 4.0000 40.3910 7.6930
252.0000 28.0000 53.8480 -0.9530
252.0000 26.0000 53.0180 9.5620
264.0000 12.0000 47.8890 6.4140
264.0000 18.0000 52.9590 5.3960
264.0000 4.0000 40.3910 7.6930
264.0000 16.0000 51.6590 5.5260
264.0000 20.0000 46.1110 17.9980
264.0000 14.0000 52.4830 3.9220
264.0000 28.0000 53.8480 -0.9530
264.0000 10.0000 44.5520 6.8690
264.0000 24.0000 47.1300 11.6150
264.0000 26.0000 53.0220 9.5650
264.0000 8.0000 45.0280 7.5410
264.0000 6.0000 40.5000 5.5260
264.0000 30.0000 13.7070 -23.0990
264.0000 22.0000 46.8920 12.3080
276.0000 30.0000 13.7110 -23.0990
276.0000 20.0000 46.0900 17.7130
276.0000 28.0000 53.8480 -0.8670
276.0000 22.0000 46.8920 12.2000
276.0000 0.0000 -16.9670 -22.8610
276.0000 24.0000 47.1300 11.6150
276.0000 26.0000 53.0250 9.5670
276.0000 16.0000 51.6590 5.5260
276.0000 18.0000 52.8510 5.3960
276.0000 12.0000 47.8890 6.4140
276.0000 8.0000 45.0280 7.5410
276.0000 14.0000 52.4830 3.9220
276.0000 10.0000 44.5520 6.8690
276.0000 4.0000 40.3910 7.6930
276.0000 6.0000 40.5000 5.5260
288.0000 26.0000 53.0280 9.5700
288.0000 28.0000 53.8480 -0.8670
288.0000 4.0000 40.3910 7.6930
288.0000 10.0000 44.5520 6.8690
288.0000 20.0000 46.0680 17.4280
288.0000 12.0000 47.8890 6.4140
288.0000 30.0000 13.7150 -23.0990
288.0000 6.0000 40.5000 5.5260
288.0000 24.0000 47.1300 11.6150
288.0000 18.0000 52.8510 5.2870
288.0000 0.0000 -15.2330 -22.8610
288.0000 14.0000 52.4830 3.9220
288.0000 8.0000 45.0280 7.5410
288.0000 16.0000 51.6590 5.5260
288.0000 22.0000 46.8920 12.2000
300.0000 6.0000 40.5000 5.5260
