0 0 0 1022.0 307.0 0.0 Pedestrian
1 12 0 1030.0 299.0 0.0 Pedestrian
2 24 0 1038.0 294.0 0.0 Pedestrian
3 36 0 1048.0 290.0 0.0 Pedestrian
4 48 0 1056.0 286.0 0.0 Pedestrian
5 60 0 1066.5 282.0 0.0 Pedestrian
6 72 0 1074.5 278.0 0.0 Pedestrian
7 84 0 1084.5 274.0 0.0 Pedestrian
8 96 0 1092.5 270.0 0.0 Pedestrian
9 108 0 1102.5 261.0 0.0 Pedestrian
10 120 0 1108.5 257.0 0.0 Pedestrian
11 132 0 1115.0 253.0 0.0 Pedestrian
12 144 0 1119.0 245.0 0.0 Pedestrian
13 156 0 1125.0 240.0 0.0 Pedestrian
14 168 0 1131.0 232.0 0.0 Pedestrian
15 180 0 1137.0 228.0 0.0 Pedestrian
16 192 0 1143.0 224.0 0.0 Pedestrian
17 204 0 1149.0 216.0 0.0 Pedestrian
18 216 0 1155.0 211.0 0.0 Pedestrian
19 228 0 1161.0 203.0 0.0 Pedestrian
20 0 8 493.5 537.5 8.0 Pedestrian
21 12 8 493.5 577.0 8.0 Pedestrian
22 24 8 493.5 618.5 8.0 Pedestrian
23 36 8 493.5 660.0 8.0 Pedestrian
24 48 8 493.5 701.5 8.0 Pedestrian
25 60 8 489.5 739.0 8.0 Pedestrian
26 72 8 485.5 780.5 8.0 Pedestrian
27 84 8 473.5 812.0 8.0 Pedestrian
28 96 8 463.5 845.0 8.0 Pedestrian
29 108 8 455.0 870.0 8.0 Pedestrian
30 120 8 471.5 807.0 8.0 Pedestrian
31 132 8 487.5 747.0 8.0 Pedestrian
32 144 8 461.5 757.5 8.0 Pedestrian
33 156 8 329.0 953.0 8.0 Pedestrian
34 168 8 284.0 957.0 8.0 Pedestrian
35 180 8 239.5 961.5 8.0 Pedestrian
36 192 8 194.0 967.5 8.0 Pedestrian
37 204 8 149.0 971.5 8.0 Pedestrian
38 216 8 104.5 975.5 8.0 Pedestrian
39 228 8 76.0 979.5 8.0 Pedestrian
40 0 46 795.0 1354.0 46.0 Pedestrian
41 12 46 787.0 1349.5 46.0 Pedestrian
42 24 46 781.0 1345.5 46.0 Pedestrian
43 36 46 774.0 1341.5 46.0 Pedestrian
44 48 46 767.0 1341.5 46.0 Pedestrian
45 60 46 760.0 1337.0 46.0 Pedestrian
46 72 46 756.0 1333.0 46.0 Pedestrian
47 84 46 754.0 1329.0 46.0 Pedestrian
48 96 46 750.0 1324.5 46.0 Pedestrian
49 108 46 748.0 1324.5 46.0 Pedestrian
50 120 46 746.0 1320.5 46.0 Pedestrian
51 132 46 744.0 1316.5 46.0 Pedestrian
52 144 46 741.5 1312.0 46.0 Pedestrian
53 156 46 737.5 1308.0 46.0 Pedestrian
54 168 46 737.5 1304.0 46.0 Pedestrian
55 180 46 739.5 1291.5 46.0 Pedestrian
56 192 46 744.0 1283.0 46.0 Pedestrian
57 204 46 746.0 1270.5 46.0 Pedestrian
58 216 46 750.0 1262.5 46.0 Pedestrian
59 228 46 752.0 1250.0 46.0 Pedestrian
60 0 26 716.5 1868.5 26.0 Pedestrian
61 12 26 716.5 1868.5 26.0 Pedestrian
62 24 26 716.5 1868.5 26.0 Pedestrian
63 36 26 716.5 1868.5 26.0 Pedestrian
64 48 26 716.5 1868.5 26.0 Pedestrian
65 60 26 716.5 1868.5 26.0 Pedestrian
66 72 26 716.5 1868.5 26.0 Pedestrian
67 84 26 716.5 1868.5 26.0 Pedestrian
68 96 26 716.5 1868.5 26.0 Pedestrian
69 108 26 716.5 1868.5 26.0 Pedestrian
70 120 26 716.5 1868.5 26.0 Pedestrian
71 132 26 716.5 1868.5 26.0 Pedestrian
72 144 26 716.5 1868.5 26.0 Pedestrian
73 156 26 716.5 1868.5 26.0 Pedestrian
74 168 26 716.5 1868.5 26.0 Pedestrian
75 180 26 716.5 1868.5 26.0 Pedestrian
76 192 26 716.5 1868.5 26.0 Pedestrian
77 204 26 716.5 1868.5 26.0 Pedestrian
78 216 26 716.5 1868.5 26.0 Pedestrian
79 228 26 716.5 1868.5 26.0 Pedestrian
80 72 35 348.5 352.5 35.0 Pedestrian
81 84 35 318.0 361.0 35.0 Pedestrian
82 96 35 288.0 369.0 35.0 Pedestrian
83 108 35 257.5 377.5 35.0 Pedestrian
84 120 35 227.5 386.0 35.0 Pedestrian
85 132 35 197.0 394.0 35.0 Pedestrian
86 144 35 167.0 402.5 35.0 Pedestrian
87 156 35 57.0 394.0 35.0 Pedestrian
88 168 35 17.0 390.0 35.0 Pedestrian
89 180 35 17.0 390.0 35.0 Pedestrian
90 192 35 17.0 390.0 35.0 Pedestrian
91 204 35 17.0 390.0 35.0 Pedestrian
92 216 35 17.0 390.0 35.0 Pedestrian
93 228 35 17.0 390.0 35.0 Pedestrian
94 240 35 17.0 390.0 35.0 Pedestrian
95 252 35 17.0 390.0 35.0 Pedestrian
96 264 35 17.0 390.0 35.0 Pedestrian
97 276 35 17.0 390.0 35.0 Pedestrian
98 288 35 21.0 386.0 35.0 Pedestrian
99 300 35 45.0 386.0 35.0 Pedestrian
100 216 52 1183.0 1121.5 52.0 Pedestrian
101 228 52 1195.5 1125.5 52.0 Pedestrian
102 240 52 1207.5 1125.5 52.0 Pedestrian
103 252 52 1223.5 1117.0 52.0 Pedestrian
104 264 52 1242.0 1108.5 52.0 Pedestrian
105 276 52 1258.0 1108.5 52.0 Pedestrian
106 288 52 1274.0 1108.5 52.0 Pedestrian
107 300 52 1284.0 1108.5 52.0 Pedestrian
108 312 52 1284.0 1108.5 52.0 Pedestrian
109 324 52 1284.0 1108.5 52.0 Pedestrian
110 336 52 1284.0 1108.5 52.0 Pedestrian
111 348 52 1284.0 1108.5 52.0 Pedestrian
112 360 52 1284.0 1108.5 52.0 Pedestrian
113 372 52 1284.0 1108.5 52.0 Pedestrian
114 384 52 1284.0 1108.5 52.0 Pedestrian
115 396 52 1284.0 1108.5 52.0 Pedestrian
116 408 52 1284.0 1108.5 52.0 Pedestrian
117 420 52 1284.0 1108.5 52.0 Pedestrian
118 432 52 1284.0 1108.5 52.0 Pedestrian
119 444 52 1284.0 1108.5 52.0 Pedestrian
