0 0 47 939.5 1546.0 44.0 Pedestrian
1 12 47 938.0 1558.0 44.0 Pedestrian
2 24 47 938.0 1575.0 44.0 Pedestrian
3 36 47 938.0 1591.0 44.0 Pedestrian
4 48 47 938.0 1608.0 44.0 Pedestrian
5 60 47 938.0 1620.0 44.0 Pedestrian
6 72 47 938.0 1637.0 44.0 Pedestrian
7 84 47 938.0 1645.0 44.0 Pedestrian
8 96 47 939.5 1653.0 44.0 Pedestrian
9 108 47 939.5 1661.5 44.0 Pedestrian
10 120 47 941.5 1678.0 44.0 Pedestrian
11 132 47 943.5 1690.0 44.0 Pedestrian
12 144 47 945.5 1707.0 44.0 Pedestrian
13 156 47 945.5 1723.5 44.0 Pedestrian
14 168 47 945.5 1744.0 44.0 Pedestrian
15 180 47 943.5 1760.5 44.0 Pedestrian
16 192 47 943.5 1777.0 44.0 Pedestrian
17 204 47 943.5 1794.0 44.0 Pedestrian
18 216 47 941.5 1810.0 44.0 Pedestrian
19 228 47 941.5 1822.5 44.0 Pedestrian
20 0 49 962.5 1589.0 45.0 Pedestrian
21 12 49 962.5 1577.0 45.0 Pedestrian
22 24 49 962.5 1568.5 45.0 Pedestrian
23 36 49 962.5 1560.0 45.0 Pedestrian
24 48 49 962.5 1552.0 45.0 Pedestrian
25 60 49 962.5 1540.0 45.0 Pedestrian
26 72 49 962.5 1531.5 45.0 Pedestrian
27 84 49 962.5 1515.0 45.0 Pedestrian
28 96 49 960.5 1502.5 45.0 Pedestrian
29 108 49 960.5 1486.0 45.0 Pedestrian
30 120 49 960.5 1473.5 45.0 Pedestrian
31 132 49 962.5 1461.0 45.0 Pedestrian
32 144 49 962.5 1461.0 45.0 Pedestrian
33 156 49 962.5 1461.0 45.0 Pedestrian
34 168 49 962.5 1461.0 45.0 Pedestrian
35 180 49 962.5 1461.0 45.0 Pedestrian
36 192 49 962.5 1461.0 45.0 Pedestrian
37 204 49 962.5 1461.0 45.0 Pedestrian
38 216 49 962.5 1461.0 45.0 Pedestrian
39 228 49 962.5 1461.0 45.0 Pedestrian
40 0 52 1129.0 705.5 50.0 Pedestrian
41 12 52 1141.0 697.0 50.0 Pedestrian
42 24 52 1155.0 693.0 50.0 Pedestrian
43 36 52 1169.0 689.0 50.0 Pedestrian
44 48 52 1182.5 685.0 50.0 Pedestrian
45 60 52 1196.5 681.0 50.0 Pedestrian
46 72 52 1210.5 672.5 50.0 Pedestrian
47 84 52 1224.0 668.5 50.0 Pedestrian
48 96 52 1236.0 664.0 50.0 Pedestrian
49 108 52 1250.0 656.0 50.0 Pedestrian
50 120 52 1262.0 643.5 50.0 Pedestrian
51 132 52 1270.0 643.5 50.0 Pedestrian
52 144 52 1280.0 643.5 50.0 Pedestrian
53 156 52 1288.0 643.5 50.0 Pedestrian
54 168 52 1306.0 639.5 50.0 Pedestrian
55 180 52 1304.0 635.5 50.0 Pedestrian
56 192 52 1304.0 635.5 50.0 Pedestrian
57 204 52 1304.0 635.5 50.0 Pedestrian
58 216 52 1304.0 631.0 50.0 Pedestrian
59 228 52 1304.0 631.0 50.0 Pedestrian
60 0 54 648.0 615.0 51.0 Pedestrian
61 12 54 644.0 625.0 51.0 Pedestrian
62 24 54 640.0 635.0 51.0 Pedestrian
63 36 54 636.0 648.0 51.0 Pedestrian
64 48 54 632.0 658.0 51.0 Pedestrian
65 60 54 629.0 670.5 51.0 Pedestrian
66 72 54 625.0 681.0 51.0 Pedestrian
67 84 54 621.0 693.0 51.0 Pedestrian
68 96 54 615.0 705.5 51.0 Pedestrian
69 108 54 611.0 722.0 51.0 Pedestrian
70 120 54 607.0 738.5 51.0 Pedestrian
71 132 54 601.0 751.0 51.0 Pedestrian
72 144 54 597.0 767.5 51.0 Pedestrian
73 156 54 591.0 780.0 51.0 Pedestrian
74 168 54 585.0 792.0 51.0 Pedestrian
75 180 54 579.0 800.5 51.0 Pedestrian
76 192 54 573.0 813.0 51.0 Pedestrian
77 204 54 567.0 825.0 51.0 Pedestrian
78 216 54 561.0 838.0 51.0 Pedestrian
79 228 54 557.0 850.0 51.0 Pedestrian
80 0 56 528.0 788.0 53.0 Pedestrian
81 12 56 526.0 800.5 53.0 Pedestrian
82 24 56 526.0 813.0 53.0 Pedestrian
83 36 56 526.0 825.0 53.0 Pedestrian
84 48 56 526.0 838.0 53.0 Pedestrian
85 60 56 524.0 850.0 53.0 Pedestrian
86 72 56 524.0 862.5 53.0 Pedestrian
87 84 56 524.0 875.0 53.0 Pedestrian
88 96 56 524.0 887.0 53.0 Pedestrian
89 108 56 524.0 899.5 53.0 Pedestrian
90 120 56 520.0 912.0 53.0 Pedestrian
91 132 56 516.0 920.0 53.0 Pedestrian
92 144 56 512.0 933.0 53.0 Pedestrian
93 156 56 506.0 945.0 53.0 Pedestrian
94 168 56 502.0 957.5 53.0 Pedestrian
95 180 56 498.5 966.0 53.0 Pedestrian
96 192 56 496.5 982.0 53.0 Pedestrian
97 204 56 496.5 1011.0 53.0 Pedestrian
98 216 56 496.5 1023.5 53.0 Pedestrian
99 228 56 496.5 1036.0 53.0 Pedestrian
100 0 58 954.5 206.0 57.0 Pedestrian
101 12 58 962.5 201.5 57.0 Pedestrian
102 24 58 970.5 201.5 57.0 Pedestrian
103 36 58 978.5 201.5 57.0 Pedestrian
104 48 58 986.0 201.5 57.0 Pedestrian
105 60 58 998.0 201.5 57.0 Pedestrian
106 72 58 1010.0 201.5 57.0 Pedestrian
107 84 58 1024.0 206.0 57.0 Pedestrian
108 96 58 1036.0 206.0 57.0 Pedestrian
109 108 58 1050.0 210.5 57.0 Pedestrian
110 120 58 1063.0 210.5 57.0 Pedestrian
111 132 58 1075.0 210.5 57.0 Pedestrian
112 144 58 1089.0 210.5 57.0 Pedestrian
113 156 58 1103.0 210.5 57.0 Pedestrian
114 168 58 1117.0 210.5 57.0 Pedestrian
115 180 58 1131.0 210.5 57.0 Pedestrian
116 192 58 1143.0 206.0 57.0 Pedestrian
117 204 58 1155.0 201.5 57.0 Pedestrian
118 216 58 1163.0 201.5 57.0 Pedestrian
119 228 58 1171.0 201.5 57.0 Pedestrian
120 0 91 838.0 701.5 91.0 Pedestrian
121 12 91 852.0 701.5 91.0 Pedestrian
122 24 91 866.0 701.5 91.0 Pedestrian
123 36 91 880.0 701.5 91.0 Pedestrian
124 48 91 896.0 701.5 91.0 Pedestrian
125 60 91 912.0 701.5 91.0 Pedestrian
126 72 91 926.0 705.5 91.0 Pedestrian
127 84 91 938.0 705.5 91.0 Pedestrian
128 96 91 949.5 705.5 91.0 Pedestrian
129 108 91 961.5 705.5 91.0 Pedestrian
130 120 91 973.0 710.0 91.0 Pedestrian
131 132 91 981.0 714.0 91.0 Pedestrian
132 144 91 990.0 720.0 91.0 Pedestrian
133 156 91 998.0 726.0 91.0 Pedestrian
134 168 91 1008.0 730.5 91.0 Pedestrian
135 180 91 1018.0 734.5 91.0 Pedestrian
136 192 91 1028.0 738.5 91.0 Pedestrian
137 204 91 1040.0 742.5 91.0 Pedestrian
138 216 91 1050.0 747.0 91.0 Pedestrian
139 228 91 1062.0 747.0 91.0 Pedestrian
140 96 51 964.5 1928.0 49.0 Pedestrian
141 108 51 962.5 1915.5 49.0 Pedestrian
142 120 51 962.5 1899.0 49.0 Pedestrian
143 132 51 960.5 1886.5 49.0 Pedestrian
144 144 51 958.5 1870.0 49.0 Pedestrian
145 156 51 958.5 1853.5 49.0 Pedestrian
146 168 51 958.5 1841.0 49.0 Pedestrian
147 180 51 962.5 1829.0 49.0 Pedestrian
148 192 51 964.5 1816.0 49.0 Pedestrian
149 204 51 966.5 1808.0 49.0 Pedestrian
150 216 51 970.5 1796.0 49.0 Pedestrian
151 228 51 972.5 1783.0 49.0 Pedestrian
152 240 51 972.5 1762.5 49.0 Pedestrian
153 252 51 972.5 1738.0 49.0 Pedestrian
154 264 51 972.5 1713.0 49.0 Pedestrian
155 276 51 970.5 1692.5 49.0 Pedestrian
156 288 51 968.5 1676.0 49.0 Pedestrian
157 300 51 966.5 1659.5 49.0 Pedestrian
158 312 51 966.5 1647.0 49.0 Pedestrian
159 324 51 966.5 1634.5 49.0 Pedestrian
160 240 48 941.5 1839.0 44.0 Pedestrian
161 252 48 939.5 1851.5 44.0 Pedestrian
162 264 48 939.5 1864.0 44.0 Pedestrian
163 276 48 939.5 1876.0 44.0 Pedestrian
164 288 48 941.5 1888.5 44.0 Pedestrian
165 300 48 945.5 1905.0 44.0 Pedestrian
166 312 48 943.5 1913.0 44.0 Pedestrian
167 324 48 941.5 1922.0 44.0 Pedestrian
168 336 48 941.5 1928.0 44.0 Pedestrian
169 348 48 941.5 1934.0 44.0 Pedestrian
170 360 48 941.5 1942.0 44.0 Pedestrian
171 372 48 939.5 1917.5 44.0 Pedestrian
172 384 48 939.5 1897.0 44.0 Pedestrian
173 396 48 939.5 1876.0 44.0 Pedestrian
174 408 48 939.5 1853.5 44.0 Pedestrian
175 420 48 939.5 1833.0 44.0 Pedestrian
176 432 48 939.5 1812.0 44.0 Pedestrian
177 444 48 939.5 1792.0 44.0 Pedestrian
178 456 48 938.0 1769.0 44.0 Pedestrian
179 468 48 938.0 1746.0 44.0 Pedestrian
180 240 50 962.5 1461.0 45.0 Pedestrian
181 252 50 962.5 1461.0 45.0 Pedestrian
182 264 50 962.5 1461.0 45.0 Pedestrian
183 276 50 962.5 1461.0 45.0 Pedestrian
184 288 50 962.5 1461.0 45.0 Pedestrian
185 300 50 962.5 1461.0 45.0 Pedestrian
186 312 50 962.5 1461.0 45.0 Pedestrian
187 324 50 962.5 1461.0 45.0 Pedestrian
188 336 50 962.5 1461.0 45.0 Pedestrian
189 348 50 962.5 1461.0 45.0 Pedestrian
190 360 50 962.5 1461.0 45.0 Pedestrian
191 372 50 962.5 1457.0 45.0 Pedestrian
192 384 50 962.5 1453.0 45.0 Pedestrian
193 396 50 962.5 1453.0 45.0 Pedestrian
194 408 50 962.5 1449.0 45.0 Pedestrian
195 420 50 962.5 1449.0 45.0 Pedestrian
196 432 50 963.5 1445.0 45.0 Pedestrian
197 444 50 963.5 1440.5 45.0 Pedestrian
198 456 50 963.5 1440.5 45.0 Pedestrian
199 468 50 963.5 1436.5 45.0 Pedestrian
200 240 53 1304.0 631.0 50.0 Pedestrian
201 252 53 1304.0 631.0 50.0 Pedestrian
202 264 53 1304.0 631.0 50.0 Pedestrian
203 276 53 1304.0 631.0 50.0 Pedestrian
204 288 53 1304.0 631.0 50.0 Pedestrian
205 300 53 1302.0 631.0 50.0 Pedestrian
206 312 53 1300.0 631.0 50.0 Pedestrian
207 324 53 1298.0 627.0 50.0 Pedestrian
208 336 53 1296.0 625.0 50.0 Pedestrian
209 348 53 1296.0 623.0 50.0 Pedestrian
210 360 53 1296.0 623.0 50.0 Pedestrian
211 372 53 1298.0 623.0 50.0 Pedestrian
212 384 53 1298.0 623.0 50.0 Pedestrian
213 396 53 1294.0 627.0 50.0 Pedestrian
214 408 53 1290.0 635.5 50.0 Pedestrian
215 420 53 1296.0 639.5 50.0 Pedestrian
216 432 53 1302.0 643.5 50.0 Pedestrian
217 444 53 1302.0 639.5 50.0 Pedestrian
218 456 53 1302.0 639.5 50.0 Pedestrian
219 468 53 1306.0 648.0 50.0 Pedestrian
220 240 55 551.0 866.5 51.0 Pedestrian
221 252 55 545.0 883.0 51.0 Pedestrian
222 264 55 539.0 895.5 51.0 Pedestrian
223 276 55 533.0 912.0 51.0 Pedestrian
224 288 55 527.0 928.5 51.0 Pedestrian
225 300 55 527.0 941.0 51.0 Pedestrian
226 312 55 527.0 953.5 51.0 Pedestrian
227 324 55 527.0 970.0 51.0 Pedestrian
228 336 55 527.0 982.0 51.0 Pedestrian
229 348 55 527.0 994.5 51.0 Pedestrian
230 360 55 529.0 1007.0 51.0 Pedestrian
231 372 55 531.0 1023.5 51.0 Pedestrian
232 384 55 531.0 1036.0 51.0 Pedestrian
233 396 55 533.0 1048.0 51.0 Pedestrian
234 408 55 535.0 1065.0 51.0 Pedestrian
235 420 55 535.0 1081.5 51.0 Pedestrian
236 432 55 537.0 1094.0 51.0 Pedestrian
237 444 55 539.0 1114.5 51.0 Pedestrian
238 456 55 539.0 1131.0 51.0 Pedestrian
239 468 55 539.0 1139.0 51.0 Pedestrian
240 240 57 496.5 1048.0 53.0 Pedestrian
241 252 57 498.5 1061.0 53.0 Pedestrian
242 264 57 498.5 1073.0 53.0 Pedestrian
243 276 57 498.5 1085.5 53.0 Pedestrian
244 288 57 498.5 1098.0 53.0 Pedestrian
245 300 57 500.5 1114.5 53.0 Pedestrian
246 312 57 504.0 1127.0 53.0 Pedestrian
247 324 57 508.0 1143.0 53.0 Pedestrian
248 336 57 512.0 1156.0 53.0 Pedestrian
249 348 57 516.0 1172.0 53.0 Pedestrian
250 360 57 522.0 1189.0 53.0 Pedestrian
251 372 57 524.0 1201.0 53.0 Pedestrian
252 384 57 524.0 1217.5 53.0 Pedestrian
253 396 57 524.0 1230.0 53.0 Pedestrian
254 408 57 524.0 1246.5 53.0 Pedestrian
255 420 57 524.0 1259.0 53.0 Pedestrian
256 432 57 526.0 1267.0 53.0 Pedestrian
257 444 57 528.0 1279.5 53.0 Pedestrian
258 456 57 530.0 1288.0 53.0 Pedestrian
259 468 57 532.0 1300.0 53.0 Pedestrian
260 240 59 1194.5 201.5 57.0 Pedestrian
261 252 59 1196.5 210.5 57.0 Pedestrian
262 264 59 1196.5 210.5 57.0 Pedestrian
263 276 59 1198.5 210.5 57.0 Pedestrian
264 288 59 1200.5 210.5 57.0 Pedestrian
265 300 59 1202.5 210.5 57.0 Pedestrian
266 312 59 1202.5 210.5 57.0 Pedestrian
267 324 59 1204.5 210.5 57.0 Pedestrian
268 336 59 1206.5 210.5 57.0 Pedestrian
269 348 59 1208.5 210.5 57.0 Pedestrian
270 360 59 1208.5 210.5 57.0 Pedestrian
271 372 59 1210.5 210.5 57.0 Pedestrian
272 384 59 1212.5 206.0 57.0 Pedestrian
273 396 59 1216.5 206.0 57.0 Pedestrian
274 408 59 1201.5 201.5 57.0 Pedestrian
275 420 59 1180.5 201.5 57.0 Pedestrian
276 432 59 1160.0 201.5 57.0 Pedestrian
277 444 59 1139.0 201.5 57.0 Pedestrian
278 456 59 1118.0 201.5 57.0 Pedestrian
279 468 59 1097.0 201.5 57.0 Pedestrian
280 240 92 1074.0 751.0 91.0 Pedestrian
281 252 92 1084.0 751.0 91.0 Pedestrian
282 264 92 1096.0 751.0 91.0 Pedestrian
283 276 92 1108.0 755.0 91.0 Pedestrian
284 288 92 1120.0 755.0 91.0 Pedestrian
285 300 92 1132.0 755.0 91.0 Pedestrian
286 312 92 1144.0 755.0 91.0 Pedestrian
287 324 92 1156.0 759.5 91.0 Pedestrian
288 336 92 1168.0 763.5 91.0 Pedestrian
289 348 92 1178.0 767.5 91.0 Pedestrian
290 360 92 1189.5 771.5 91.0 Pedestrian
291 372 92 1199.5 775.5 91.0 Pedestrian
292 384 92 1211.0 780.0 91.0 Pedestrian
293 396 92 1221.0 784.0 91.0 Pedestrian
294 408 92 1233.0 788.0 91.0 Pedestrian
295 420 92 1243.0 792.5 91.0 Pedestrian
296 432 92 1255.0 796.5 91.0 Pedestrian
297 444 92 1267.0 796.5 91.0 Pedestrian
298 456 92 1279.0 800.5 91.0 Pedestrian
299 468 92 1293.0 804.5 91.0 Pedestrian
300 264 27 909.0 28.5 22.0 Pedestrian
301 276 27 909.0 37.0 22.0 Pedestrian
302 288 27 909.0 47.0 22.0 Pedestrian
303 300 27 911.0 55.0 22.0 Pedestrian
304 312 27 911.0 65.5 22.0 Pedestrian
305 324 27 913.0 74.0 22.0 Pedestrian
306 336 27 913.0 84.0 22.0 Pedestrian
307 348 27 913.0 92.0 22.0 Pedestrian
308 360 27 915.0 101.0 22.0 Pedestrian
309 372 27 915.0 109.0 22.0 Pedestrian
310 384 27 915.0 117.0 22.0 Pedestrian
311 396 27 915.0 125.0 22.0 Pedestrian
312 408 27 915.0 134.0 22.0 Pedestrian
313 420 27 915.0 142.0 22.0 Pedestrian
314 432 27 915.0 146.0 22.0 Pedestrian
315 444 27 915.0 146.0 22.0 Pedestrian
316 456 27 915.0 146.0 22.0 Pedestrian
317 468 27 915.0 146.0 22.0 Pedestrian
318 480 27 915.0 183.0 22.0 Pedestrian
319 492 27 917.0 229.0 22.0 Pedestrian
320 504 10 728.5 1304.5 7.0 Pedestrian
321 516 10 732.5 1304.5 7.0 Pedestrian
322 528 10 734.5 1304.5 7.0 Pedestrian
323 540 10 738.5 1304.5 7.0 Pedestrian
324 552 10 740.5 1304.5 7.0 Pedestrian
325 564 10 744.5 1304.5 7.0 Pedestrian
326 576 10 746.0 1304.5 7.0 Pedestrian
327 588 10 750.0 1304.5 7.0 Pedestrian
328 600 10 752.0 1304.5 7.0 Pedestrian
329 612 10 756.0 1304.5 7.0 Pedestrian
330 624 10 758.0 1304.5 7.0 Pedestrian
331 636 10 762.0 1304.5 7.0 Pedestrian
332 648 10 764.0 1304.5 7.0 Pedestrian
333 660 10 768.0 1304.5 7.0 Pedestrian
334 672 10 770.0 1304.5 7.0 Pedestrian
335 684 10 774.0 1304.5 7.0 Pedestrian
336 696 10 774.0 1304.5 7.0 Pedestrian
337 708 10 772.0 1308.5 7.0 Pedestrian
338 720 10 770.0 1312.5 7.0 Pedestrian
339 732 10 768.0 1316.5 7.0 Pedestrian
340 504 28 917.0 239.0 22.0 Pedestrian
341 516 28 917.0 251.0 22.0 Pedestrian
342 528 28 917.0 266.0 22.0 Pedestrian
343 540 28 918.0 276.0 22.0 Pedestrian
344 552 28 919.0 288.5 22.0 Pedestrian
345 564 28 919.0 303.0 22.0 Pedestrian
346 576 28 920.0 313.5 22.0 Pedestrian
347 588 28 920.0 327.5 22.0 Pedestrian
348 600 28 921.0 340.5 22.0 Pedestrian
349 612 28 922.0 352.5 22.0 Pedestrian
350 624 28 922.0 364.5 22.0 Pedestrian
351 636 28 922.0 377.5 22.0 Pedestrian
352 648 28 924.0 387.5 22.0 Pedestrian
353 660 28 924.0 400.0 22.0 Pedestrian
354 672 28 924.0 408.5 22.0 Pedestrian
355 684 28 924.0 418.5 22.0 Pedestrian
356 696 28 924.0 428.5 22.0 Pedestrian
357 708 28 924.0 439.5 22.0 Pedestrian
358 720 28 924.0 449.5 22.0 Pedestrian
359 732 28 924.0 460.0 22.0 Pedestrian
360 504 37 1405.0 728.0 31.0 Pedestrian
361 516 37 1405.0 728.0 31.0 Pedestrian
362 528 37 1405.0 728.0 31.0 Pedestrian
363 540 37 1405.0 728.0 31.0 Pedestrian
364 552 37 1405.0 728.0 31.0 Pedestrian
365 564 37 1405.0 728.0 31.0 Pedestrian
366 576 37 1405.0 728.0 31.0 Pedestrian
367 588 37 1405.0 728.0 31.0 Pedestrian
368 600 37 1405.0 728.0 31.0 Pedestrian
369 612 37 1405.0 728.0 31.0 Pedestrian
370 624 37 1405.0 728.0 31.0 Pedestrian
371 636 37 1405.0 728.0 31.0 Pedestrian
372 648 37 1405.0 728.0 31.0 Pedestrian
373 660 37 1405.0 728.0 31.0 Pedestrian
374 672 37 1405.0 728.0 31.0 Pedestrian
375 684 37 1405.0 728.0 31.0 Pedestrian
376 696 37 1405.0 728.0 31.0 Pedestrian
377 708 37 1405.0 728.0 31.0 Pedestrian
378 720 37 1405.0 728.0 31.0 Pedestrian
379 732 37 1405.0 728.0 31.0 Pedestrian
380 504 95 735.5 1463.5 95.0 Pedestrian
381 516 95 735.5 1463.5 95.0 Pedestrian
382 528 95 735.5 1467.5 95.0 Pedestrian
383 540 95 735.5 1471.5 95.0 Pedestrian
384 552 95 735.5 1471.5 95.0 Pedestrian
385 564 95 735.5 1475.5 95.0 Pedestrian
386 576 95 735.5 1479.5 95.0 Pedestrian
387 588 95 735.5 1479.5 95.0 Pedestrian
388 600 95 734.5 1479.5 95.0 Pedestrian
389 612 95 732.5 1477.5 95.0 Pedestrian
390 624 95 734.5 1486.0 95.0 Pedestrian
391 636 95 738.5 1494.5 95.0 Pedestrian
392 648 95 742.0 1502.5 95.0 Pedestrian
393 660 95 744.0 1515.0 95.0 Pedestrian
394 672 95 748.0 1523.0 95.0 Pedestrian
395 684 95 754.0 1535.5 95.0 Pedestrian
396 696 95 760.0 1545.5 95.0 Pedestrian
397 708 95 766.0 1558.5 95.0 Pedestrian
398 720 95 773.0 1572.5 95.0 Pedestrian
399 732 95 775.0 1589.5 95.0 Pedestrian
400 504 97 1389.0 742.5 97.0 Pedestrian
401 516 97 1389.0 742.5 97.0 Pedestrian
402 528 97 1389.0 742.5 97.0 Pedestrian
403 540 97 1389.0 742.5 97.0 Pedestrian
404 552 97 1389.0 745.0 97.0 Pedestrian
405 564 97 1389.0 747.0 97.0 Pedestrian
406 576 97 1389.0 747.0 97.0 Pedestrian
407 588 97 1389.0 747.0 97.0 Pedestrian
408 600 97 1389.0 747.0 97.0 Pedestrian
409 612 97 1389.0 749.0 97.0 Pedestrian
410 624 97 1389.0 751.0 97.0 Pedestrian
411 636 97 1389.0 751.0 97.0 Pedestrian
412 648 97 1389.0 751.0 97.0 Pedestrian
413 660 97 1389.0 753.0 97.0 Pedestrian
414 672 97 1389.0 753.0 97.0 Pedestrian
415 684 97 1389.0 753.0 97.0 Pedestrian
416 696 97 1389.0 755.0 97.0 Pedestrian
417 708 97 1389.0 757.0 97.0 Pedestrian
418 720 97 1389.0 757.0 97.0 Pedestrian
419 732 97 1389.0 757.0 97.0 Pedestrian
420 504 99 1416.0 728.0 98.0 Pedestrian
421 516 99 1416.0 728.0 98.0 Pedestrian
422 528 99 1416.0 728.0 98.0 Pedestrian
423 540 99 1416.0 728.0 98.0 Pedestrian
424 552 99 1416.0 728.0 98.0 Pedestrian
425 564 99 1416.0 728.0 98.0 Pedestrian
426 576 99 1416.0 728.0 98.0 Pedestrian
427 588 99 1416.0 728.0 98.0 Pedestrian
428 600 99 1416.0 728.0 98.0 Pedestrian
429 612 99 1416.0 728.0 98.0 Pedestrian
430 624 99 1416.0 728.0 98.0 Pedestrian
431 636 99 1416.0 728.0 98.0 Pedestrian
432 648 99 1416.0 728.0 98.0 Pedestrian
433 660 99 1416.0 728.0 98.0 Pedestrian
434 672 99 1416.0 728.0 98.0 Pedestrian
435 684 99 1416.0 728.0 98.0 Pedestrian
436 696 99 1416.0 728.0 98.0 Pedestrian
437 708 99 1416.0 728.0 98.0 Pedestrian
438 720 99 1416.0 728.0 98.0 Pedestrian
439 732 99 1416.0 728.0 98.0 Pedestrian
440 564 89 621.0 1374.5 89.0 Pedestrian
441 576 89 625.0 1397.0 89.0 Pedestrian
442 588 89 627.0 1422.0 89.0 Pedestrian
443 600 89 635.0 1430.5 89.0 Pedestrian
444 612 89 643.0 1438.5 89.0 Pedestrian
445 624 89 649.0 1451.0 89.0 Pedestrian
446 636 89 655.0 1463.5 89.0 Pedestrian
447 648 89 661.0 1475.5 89.0 Pedestrian
448 660 89 663.0 1484.0 89.0 Pedestrian
449 672 89 663.0 1492.0 89.0 Pedestrian
450 684 89 663.0 1500.5 89.0 Pedestrian
451 696 89 663.0 1517.0 89.0 Pedestrian
452 708 89 663.0 1550.0 89.0 Pedestrian
453 720 89 663.0 1562.5 89.0 Pedestrian
454 732 89 663.0 1570.5 89.0 Pedestrian
455 744 89 663.0 1579.0 89.0 Pedestrian
456 756 89 661.0 1591.5 89.0 Pedestrian
457 768 89 661.0 1599.5 89.0 Pedestrian
458 780 89 661.0 1608.0 89.0 Pedestrian
459 792 89 661.0 1616.0 89.0 Pedestrian
460 636 90 624.0 1364.5 90.0 Pedestrian
461 648 90 626.0 1372.5 90.0 Pedestrian
462 660 90 630.0 1386.5 90.0 Pedestrian
463 672 90 632.0 1409.5 90.0 Pedestrian
464 684 90 634.0 1430.5 90.0 Pedestrian
465 696 90 644.0 1438.5 90.0 Pedestrian
466 708 90 658.0 1438.5 90.0 Pedestrian
467 720 90 662.0 1455.0 90.0 Pedestrian
468 732 90 662.0 1484.0 90.0 Pedestrian
469 744 90 665.0 1504.5 90.0 Pedestrian
470 756 90 671.0 1521.0 90.0 Pedestrian
471 768 90 675.0 1529.5 90.0 Pedestrian
472 780 90 675.0 1529.5 90.0 Pedestrian
473 792 90 675.0 1529.5 90.0 Pedestrian
474 804 90 679.0 1535.5 90.0 Pedestrian
475 816 90 679.0 1535.5 90.0 Pedestrian
476 828 90 679.0 1535.5 90.0 Pedestrian
477 840 90 679.0 1535.5 90.0 Pedestrian
478 852 90 679.0 1535.5 90.0 Pedestrian
479 864 90 684.0 1552.0 90.0 Pedestrian
480 648 96 1162.0 1067.0 96.0 Pedestrian
481 660 96 1166.0 1054.5 96.0 Pedestrian
482 672 96 1172.0 1038.0 96.0 Pedestrian
483 684 96 1177.5 1023.5 96.0 Pedestrian
484 696 96 1183.5 1009.0 96.0 Pedestrian
485 708 96 1189.5 994.5 96.0 Pedestrian
486 720 96 1193.5 980.0 96.0 Pedestrian
487 732 96 1199.5 965.5 96.0 Pedestrian
488 744 96 1205.5 949.5 96.0 Pedestrian
489 756 96 1211.5 937.0 96.0 Pedestrian
490 768 96 1217.5 920.5 96.0 Pedestrian
491 780 96 1224.0 905.5 96.0 Pedestrian
492 792 96 1231.0 891.5 96.0 Pedestrian
493 804 96 1238.0 875.0 96.0 Pedestrian
494 816 96 1245.0 860.5 96.0 Pedestrian
495 828 96 1252.0 844.0 96.0 Pedestrian
496 840 96 1262.0 823.5 96.0 Pedestrian
497 852 96 1270.0 802.5 96.0 Pedestrian
498 864 96 1280.0 782.0 96.0 Pedestrian
499 876 96 1290.0 761.5 96.0 Pedestrian
500 744 11 766.0 1320.5 7.0 Pedestrian
501 756 11 764.0 1325.0 7.0 Pedestrian
502 768 11 762.0 1329.5 7.0 Pedestrian
503 780 11 760.0 1333.5 7.0 Pedestrian
504 792 11 758.0 1337.5 7.0 Pedestrian
505 804 11 756.0 1341.5 7.0 Pedestrian
506 816 11 754.0 1345.5 7.0 Pedestrian
507 828 11 752.0 1349.5 7.0 Pedestrian
508 840 11 750.0 1358.0 7.0 Pedestrian
509 852 11 740.5 1366.5 7.0 Pedestrian
510 864 11 732.5 1374.5 7.0 Pedestrian
511 876 11 724.5 1384.5 7.0 Pedestrian
512 888 11 714.5 1393.0 7.0 Pedestrian
513 900 11 712.5 1405.5 7.0 Pedestrian
514 912 11 708.5 1418.0 7.0 Pedestrian
515 924 11 706.5 1434.5 7.0 Pedestrian
516 936 11 704.5 1446.5 7.0 Pedestrian
517 948 11 702.5 1459.5 7.0 Pedestrian
518 960 11 700.5 1475.5 7.0 Pedestrian
519 972 11 700.5 1488.0 7.0 Pedestrian
520 744 29 924.0 472.5 22.0 Pedestrian
521 756 29 926.0 480.5 22.0 Pedestrian
522 768 29 928.0 493.0 22.0 Pedestrian
523 780 29 930.0 505.5 22.0 Pedestrian
524 792 29 932.0 517.5 22.0 Pedestrian
525 804 29 933.5 530.0 22.0 Pedestrian
526 816 29 935.5 538.5 22.0 Pedestrian
527 828 29 935.5 550.5 22.0 Pedestrian
528 840 29 939.5 563.5 22.0 Pedestrian
529 852 29 941.5 571.5 22.0 Pedestrian
530 864 29 943.5 583.5 22.0 Pedestrian
531 876 29 945.5 596.5 22.0 Pedestrian
532 888 29 949.5 604.5 22.0 Pedestrian
533 900 29 951.5 616.5 22.0 Pedestrian
534 912 29 953.5 629.5 22.0 Pedestrian
535 924 29 957.5 637.5 22.0 Pedestrian
536 936 29 959.5 649.5 22.0 Pedestrian
537 948 29 961.5 662.5 22.0 Pedestrian
538 960 29 965.5 674.5 22.0 Pedestrian
539 972 29 967.5 682.5 22.0 Pedestrian
540 744 38 1405.0 728.0 31.0 Pedestrian
541 756 38 1405.0 728.0 31.0 Pedestrian
542 768 38 1405.0 728.0 31.0 Pedestrian
543 780 38 1405.0 728.0 31.0 Pedestrian
544 792 38 1405.0 728.0 31.0 Pedestrian
545 804 38 1405.0 728.0 31.0 Pedestrian
546 816 38 1405.0 728.0 31.0 Pedestrian
547 828 38 1405.0 728.0 31.0 Pedestrian
548 840 38 1405.0 728.0 31.0 Pedestrian
549 852 38 1405.0 728.0 31.0 Pedestrian
550 864 38 1405.0 728.0 31.0 Pedestrian
551 876 38 1405.0 728.0 31.0 Pedestrian
552 888 38 1405.0 728.0 31.0 Pedestrian
553 900 38 1405.0 728.0 31.0 Pedestrian
554 912 38 1405.0 728.0 31.0 Pedestrian
555 924 38 1405.0 728.0 31.0 Pedestrian
556 936 38 1405.0 728.0 31.0 Pedestrian
557 948 38 1405.0 728.0 31.0 Pedestrian
558 960 38 1405.0 728.0 31.0 Pedestrian
559 972 38 1405.0 728.0 31.0 Pedestrian
560 744 98 1389.0 757.0 97.0 Pedestrian
561 756 98 1389.0 759.5 97.0 Pedestrian
562 768 98 1389.0 761.5 97.0 Pedestrian
563 780 98 1389.0 761.5 97.0 Pedestrian
564 792 98 1389.0 761.5 97.0 Pedestrian
565 804 98 1389.0 761.5 97.0 Pedestrian
566 816 98 1389.0 765.5 97.0 Pedestrian
567 828 98 1391.0 773.5 97.0 Pedestrian
568 840 98 1391.0 782.0 97.0 Pedestrian
569 852 98 1393.0 790.0 97.0 Pedestrian
570 864 98 1395.0 798.5 97.0 Pedestrian
571 876 98 1397.0 807.0 97.0 Pedestrian
572 888 98 1397.0 815.0 97.0 Pedestrian
573 900 98 1402.0 835.5 97.0 Pedestrian
574 912 98 1406.0 848.0 97.0 Pedestrian
575 924 98 1410.0 856.5 97.0 Pedestrian
576 936 98 1412.0 868.5 97.0 Pedestrian
577 948 98 1417.0 881.0 97.0 Pedestrian
578 960 98 1418.0 889.5 97.0 Pedestrian
579 972 98 1418.0 897.5 97.0 Pedestrian
580 744 100 1416.0 728.0 98.0 Pedestrian
581 756 100 1416.0 728.0 98.0 Pedestrian
582 768 100 1416.0 728.0 98.0 Pedestrian
583 780 100 1416.0 728.0 98.0 Pedestrian
584 792 100 1416.0 728.0 98.0 Pedestrian
585 804 100 1416.0 728.0 98.0 Pedestrian
586 816 100 1416.0 728.0 98.0 Pedestrian
587 828 100 1416.0 728.0 98.0 Pedestrian
588 840 100 1416.0 728.0 98.0 Pedestrian
589 852 100 1416.0 728.0 98.0 Pedestrian
590 864 100 1416.0 728.0 98.0 Pedestrian
591 876 100 1416.0 728.0 98.0 Pedestrian
592 888 100 1416.0 728.0 98.0 Pedestrian
593 900 100 1416.0 728.0 98.0 Pedestrian
594 912 100 1416.0 728.0 98.0 Pedestrian
595 924 100 1416.0 728.0 98.0 Pedestrian
596 936 100 1416.0 728.0 98.0 Pedestrian
597 948 100 1416.0 728.0 98.0 Pedestrian
598 960 100 1416.0 728.0 98.0 Pedestrian
599 972 100 1416.0 728.0 98.0 Pedestrian
600 828 5 1168.5 1056.5 5.0 Pedestrian
601 840 5 1172.5 1048.5 5.0 Pedestrian
602 852 5 1177.5 1038.0 5.0 Pedestrian
603 864 5 1183.5 1027.5 5.0 Pedestrian
604 876 5 1189.5 1019.5 5.0 Pedestrian
605 888 5 1195.5 1009.0 5.0 Pedestrian
606 900 5 1201.5 999.0 5.0 Pedestrian
607 912 5 1206.5 988.5 5.0 Pedestrian
608 924 5 1212.5 980.0 5.0 Pedestrian
609 936 5 1220.5 963.5 5.0 Pedestrian
610 948 5 1228.0 947.0 5.0 Pedestrian
611 960 5 1236.0 935.0 5.0 Pedestrian
612 972 5 1244.0 918.0 5.0 Pedestrian
613 984 5 1250.0 906.0 5.0 Pedestrian
614 996 5 1256.0 893.5 5.0 Pedestrian
615 1008 5 1262.0 877.0 5.0 Pedestrian
616 1020 5 1269.0 862.5 5.0 Pedestrian
617 1032 5 1276.0 848.0 5.0 Pedestrian
618 1044 5 1283.0 834.0 5.0 Pedestrian
619 1056 5 1292.0 821.0 5.0 Pedestrian
620 852 21 1409.0 848.0 18.0 Pedestrian
621 864 21 1403.0 844.0 18.0 Pedestrian
622 876 21 1391.0 848.0 18.0 Pedestrian
623 888 21 1379.0 852.0 18.0 Pedestrian
624 900 21 1367.0 852.0 18.0 Pedestrian
625 912 21 1358.0 844.0 18.0 Pedestrian
626 924 21 1350.0 836.0 18.0 Pedestrian
627 936 21 1335.0 836.0 18.0 Pedestrian
628 948 21 1324.0 844.0 18.0 Pedestrian
629 960 21 1310.0 827.0 18.0 Pedestrian
630 972 21 1296.0 827.0 18.0 Pedestrian
631 984 21 1282.0 823.0 18.0 Pedestrian
632 996 21 1270.0 831.5 18.0 Pedestrian
633 1008 21 1257.0 829.0 18.0 Pedestrian
634 1020 21 1245.0 827.0 18.0 Pedestrian
635 1032 21 1233.0 821.0 18.0 Pedestrian
636 1044 21 1221.0 817.0 18.0 Pedestrian
637 1056 21 1211.0 815.0 18.0 Pedestrian
638 1068 21 1195.5 815.0 18.0 Pedestrian
639 1080 21 1182.0 819.0 18.0 Pedestrian
640 900 19 937.5 1921.5 11.0 Pedestrian
641 912 19 937.5 1921.5 11.0 Pedestrian
642 924 19 939.5 1917.5 11.0 Pedestrian
643 936 19 941.5 1913.5 11.0 Pedestrian
644 948 19 943.5 1909.5 11.0 Pedestrian
645 960 19 945.5 1896.5 11.0 Pedestrian
646 972 19 947.5 1884.5 11.0 Pedestrian
647 984 19 949.5 1872.0 11.0 Pedestrian
648 996 19 949.5 1859.5 11.0 Pedestrian
649 1008 19 950.5 1837.0 11.0 Pedestrian
650 1020 19 952.5 1812.5 11.0 Pedestrian
651 1032 19 953.5 1787.5 11.0 Pedestrian
652 1044 19 954.5 1762.5 11.0 Pedestrian
653 1056 19 956.5 1740.0 11.0 Pedestrian
654 1068 19 956.5 1731.5 11.0 Pedestrian
655 1080 19 956.5 1723.5 11.0 Pedestrian
656 1092 19 956.5 1715.0 11.0 Pedestrian
657 1104 19 956.5 1707.0 11.0 Pedestrian
658 1116 19 956.5 1694.5 11.0 Pedestrian
659 1128 19 956.5 1682.0 11.0 Pedestrian
660 936 43 1267.0 656.0 40.0 Pedestrian
661 948 43 1257.0 666.5 40.0 Pedestrian
662 960 43 1247.0 674.5 40.0 Pedestrian
663 972 43 1235.0 682.5 40.0 Pedestrian
664 984 43 1227.0 691.5 40.0 Pedestrian
665 996 43 1223.5 691.5 40.0 Pedestrian
666 1008 43 1220.5 689.0 40.0 Pedestrian
667 1020 43 1217.5 691.0 40.0 Pedestrian
668 1032 43 1214.5 693.0 40.0 Pedestrian
669 1044 43 1211.5 693.0 40.0 Pedestrian
670 1056 43 1209.5 697.0 40.0 Pedestrian
671 1068 43 1205.5 705.5 40.0 Pedestrian
672 1080 43 1201.5 714.0 40.0 Pedestrian
673 1092 43 1185.5 718.0 40.0 Pedestrian
674 1104 43 1170.0 726.0 40.0 Pedestrian
675 1116 43 1156.0 734.5 40.0 Pedestrian
676 1128 43 1140.0 739.0 40.0 Pedestrian
677 1140 43 1124.0 747.0 40.0 Pedestrian
678 1152 43 1110.0 755.0 40.0 Pedestrian
679 1164 43 1094.0 759.0 40.0 Pedestrian
680 960 17 696.5 43.0 10.0 Pedestrian
681 972 17 685.0 43.0 10.0 Pedestrian
682 984 17 675.0 43.0 10.0 Pedestrian
683 996 17 667.0 43.0 10.0 Pedestrian
684 1008 17 664.0 49.0 10.0 Pedestrian
685 1020 17 663.0 57.5 10.0 Pedestrian
686 1032 17 660.0 63.5 10.0 Pedestrian
687 1044 17 658.0 70.0 10.0 Pedestrian
688 1056 17 657.0 80.0 10.0 Pedestrian
689 1068 17 647.0 80.0 10.0 Pedestrian
690 1080 17 637.0 80.0 10.0 Pedestrian
691 1092 17 629.0 80.0 10.0 Pedestrian
692 1104 17 619.0 84.0 10.0 Pedestrian
693 1116 17 611.0 84.0 10.0 Pedestrian
694 1128 17 603.0 84.0 10.0 Pedestrian
695 1140 17 595.0 84.0 10.0 Pedestrian
696 1152 17 583.0 80.0 10.0 Pedestrian
697 1164 17 567.0 80.0 10.0 Pedestrian
698 1176 17 551.0 76.0 10.0 Pedestrian
699 1188 17 537.0 76.0 10.0 Pedestrian
700 984 12 700.5 1500.5 7.0 Pedestrian
701 996 12 700.5 1512.5 7.0 Pedestrian
702 1008 12 702.5 1527.5 7.0 Pedestrian
703 1020 12 704.5 1535.5 7.0 Pedestrian
704 1032 12 706.5 1546.0 7.0 Pedestrian
705 1044 12 708.5 1556.0 7.0 Pedestrian
706 1056 12 710.5 1566.5 7.0 Pedestrian
707 1068 12 712.5 1583.0 7.0 Pedestrian
708 1080 12 714.5 1604.0 7.0 Pedestrian
709 1092 12 714.5 1633.0 7.0 Pedestrian
710 1104 12 714.5 1657.0 7.0 Pedestrian
711 1116 12 714.5 1678.0 7.0 Pedestrian
712 1128 12 714.5 1699.0 7.0 Pedestrian
713 1140 12 714.5 1719.0 7.0 Pedestrian
714 1152 12 714.5 1732.0 7.0 Pedestrian
715 1164 12 714.5 1736.0 7.0 Pedestrian
716 1176 12 714.5 1744.0 7.0 Pedestrian
717 1188 12 714.5 1752.0 7.0 Pedestrian
718 1200 12 714.5 1761.0 7.0 Pedestrian
719 1212 12 714.5 1769.0 7.0 Pedestrian
720 984 30 971.5 691.5 22.0 Pedestrian
721 996 30 975.5 703.5 22.0 Pedestrian
722 1008 30 984.0 722.0 22.0 Pedestrian
723 1020 30 992.0 734.5 22.0 Pedestrian
724 1032 30 1000.0 745.0 22.0 Pedestrian
725 1044 30 1008.0 755.0 22.0 Pedestrian
726 1056 30 1017.0 767.5 22.0 Pedestrian
727 1068 30 1023.0 776.0 22.0 Pedestrian
728 1080 30 1031.0 784.0 22.0 Pedestrian
729 1092 30 1037.0 792.0 22.0 Pedestrian
730 1104 30 1045.0 801.0 22.0 Pedestrian
731 1116 30 1053.0 809.0 22.0 Pedestrian
732 1128 30 1059.0 817.0 22.0 Pedestrian
733 1140 30 1067.0 825.0 22.0 Pedestrian
734 1152 30 1075.0 834.0 22.0 Pedestrian
735 1164 30 1081.0 842.0 22.0 Pedestrian
736 1176 30 1089.0 850.0 22.0 Pedestrian
737 1188 30 1095.0 858.0 22.0 Pedestrian
738 1200 30 1103.0 867.0 22.0 Pedestrian
739 1212 30 1111.0 871.0 22.0 Pedestrian
740 984 39 1405.0 728.0 31.0 Pedestrian
741 996 39 1405.0 728.0 31.0 Pedestrian
742 1008 39 1404.0 728.0 31.0 Pedestrian
743 1020 39 1404.0 728.0 31.0 Pedestrian
744 1032 39 1404.0 728.0 31.0 Pedestrian
745 1044 39 1404.0 728.0 31.0 Pedestrian
746 1056 39 1404.0 728.0 31.0 Pedestrian
747 1068 39 1404.0 728.0 31.0 Pedestrian
748 1080 39 1404.0 728.0 31.0 Pedestrian
749 1092 39 1404.0 728.0 31.0 Pedestrian
750 1104 39 1404.0 728.0 31.0 Pedestrian
751 1116 39 1404.0 728.0 31.0 Pedestrian
752 1128 39 1404.0 728.0 31.0 Pedestrian
753 1140 39 1404.0 728.0 31.0 Pedestrian
754 1152 39 1404.0 728.0 31.0 Pedestrian
755 1164 39 1404.0 728.0 31.0 Pedestrian
756 1176 39 1404.0 728.0 31.0 Pedestrian
757 1188 39 1403.0 730.0 31.0 Pedestrian
758 1200 39 1403.0 730.0 31.0 Pedestrian
759 1212 39 1403.0 730.0 31.0 Pedestrian
760 996 8 1124.0 674.5 6.0 Pedestrian
761 1008 8 1124.0 674.5 6.0 Pedestrian
762 1020 8 1124.0 674.5 6.0 Pedestrian
763 1032 8 1124.0 674.5 6.0 Pedestrian
764 1044 8 1124.0 674.5 6.0 Pedestrian
765 1056 8 1124.0 674.5 6.0 Pedestrian
766 1068 8 1124.0 674.5 6.0 Pedestrian
767 1080 8 1124.0 674.5 6.0 Pedestrian
768 1092 8 1124.0 674.5 6.0 Pedestrian
769 1104 8 1124.0 674.5 6.0 Pedestrian
770 1116 8 1124.0 674.5 6.0 Pedestrian
771 1128 8 1124.0 674.5 6.0 Pedestrian
772 1140 8 1124.0 674.5 6.0 Pedestrian
773 1152 8 1124.0 674.5 6.0 Pedestrian
774 1164 8 1124.0 674.5 6.0 Pedestrian
775 1176 8 1124.0 674.5 6.0 Pedestrian
776 1188 8 1124.0 674.5 6.0 Pedestrian
777 1200 8 1124.0 674.5 6.0 Pedestrian
778 1212 8 1124.0 674.5 6.0 Pedestrian
779 1224 8 1124.0 674.5 6.0 Pedestrian
780 996 13 1361.0 992.5 8.0 Pedestrian
781 1008 13 1323.0 992.5 8.0 Pedestrian
782 1020 13 1291.0 992.5 8.0 Pedestrian
783 1032 13 1261.0 997.0 8.0 Pedestrian
784 1044 13 1229.0 997.0 8.0 Pedestrian
785 1056 13 1199.5 1001.0 8.0 Pedestrian
786 1068 13 1172.0 1009.0 8.0 Pedestrian
787 1080 13 1144.0 1017.5 8.0 Pedestrian
788 1092 13 1116.0 1025.5 8.0 Pedestrian
789 1104 13 1088.0 1034.0 8.0 Pedestrian
790 1116 13 1062.0 1042.0 8.0 Pedestrian
791 1128 13 1038.0 1050.5 8.0 Pedestrian
792 1140 13 1014.0 1063.0 8.0 Pedestrian
793 1152 13 990.0 1083.5 8.0 Pedestrian
794 1164 13 966.5 1092.0 8.0 Pedestrian
795 1176 13 946.5 1096.0 8.0 Pedestrian
796 1188 13 927.0 1104.0 8.0 Pedestrian
797 1200 13 909.0 1125.0 8.0 Pedestrian
798 1212 13 891.0 1141.0 8.0 Pedestrian
799 1224 13 873.0 1162.0 8.0 Pedestrian
800 996 15 1374.0 1126.0 9.0 Pedestrian
801 1008 15 1354.0 1106.0 9.0 Pedestrian
802 1020 15 1338.0 1106.0 9.0 Pedestrian
803 1032 15 1322.0 1106.0 9.0 Pedestrian
804 1044 15 1306.0 1106.0 9.0 Pedestrian
805 1056 15 1292.0 1106.0 9.0 Pedestrian
806 1068 15 1260.0 1106.0 9.0 Pedestrian
807 1080 15 1230.0 1106.0 9.0 Pedestrian
808 1092 15 1198.5 1106.0 9.0 Pedestrian
809 1104 15 1169.0 1106.0 9.0 Pedestrian
810 1116 15 1139.0 1106.0 9.0 Pedestrian
811 1128 15 1107.0 1106.0 9.0 Pedestrian
812 1140 15 1077.0 1106.0 9.0 Pedestrian
813 1152 15 1059.0 1114.0 9.0 Pedestrian
814 1164 15 1035.0 1118.5 9.0 Pedestrian
815 1176 15 1005.0 1123.0 9.0 Pedestrian
816 1188 15 979.0 1131.0 9.0 Pedestrian
817 1200 15 959.5 1147.5 9.0 Pedestrian
818 1212 15 939.5 1164.0 9.0 Pedestrian
819 1224 15 920.0 1184.5 9.0 Pedestrian
820 1068 6 1296.0 800.5 5.0 Pedestrian
821 1080 6 1302.0 780.0 5.0 Pedestrian
822 1092 6 1306.0 767.5 5.0 Pedestrian
823 1104 6 1310.0 755.0 5.0 Pedestrian
824 1116 6 1316.0 747.0 5.0 Pedestrian
825 1128 6 1320.0 734.5 5.0 Pedestrian
826 1140 6 1326.0 726.0 5.0 Pedestrian
827 1152 6 1330.0 714.0 5.0 Pedestrian
828 1164 6 1329.0 709.5 5.0 Pedestrian
829 1176 6 1335.0 689.0 5.0 Pedestrian
830 1188 6 1337.0 678.5 5.0 Pedestrian
831 1200 6 1337.0 672.5 5.0 Pedestrian
832 1212 6 1337.0 666.5 5.0 Pedestrian
833 1224 6 1337.0 660.0 5.0 Pedestrian
834 1236 6 1336.0 656.0 5.0 Pedestrian
835 1248 6 1336.0 652.0 5.0 Pedestrian
836 1260 6 1336.0 652.0 5.0 Pedestrian
837 1272 6 1336.0 648.0 5.0 Pedestrian
838 1284 6 1336.0 648.0 5.0 Pedestrian
839 1296 6 1336.0 643.5 5.0 Pedestrian
840 1092 22 1176.0 815.0 18.0 Pedestrian
841 1104 22 1170.0 811.0 18.0 Pedestrian
842 1116 22 1164.0 806.5 18.0 Pedestrian
843 1128 22 1158.0 806.5 18.0 Pedestrian
844 1140 22 1152.0 802.5 18.0 Pedestrian
845 1152 22 1146.0 798.5 18.0 Pedestrian
846 1164 22 1140.0 798.5 18.0 Pedestrian
847 1176 22 1126.0 790.5 18.0 Pedestrian
848 1188 22 1112.0 786.0 18.0 Pedestrian
849 1200 22 1100.0 782.0 18.0 Pedestrian
850 1212 22 1086.0 782.0 18.0 Pedestrian
851 1224 22 1074.0 778.0 18.0 Pedestrian
852 1236 22 1060.0 773.5 18.0 Pedestrian
853 1248 22 1048.0 769.5 18.0 Pedestrian
854 1260 22 1036.0 765.5 18.0 Pedestrian
855 1272 22 1024.0 765.5 18.0 Pedestrian
856 1284 22 1012.0 761.5 18.0 Pedestrian
857 1296 22 1000.0 757.0 18.0 Pedestrian
858 1308 22 988.0 753.0 18.0 Pedestrian
859 1320 22 976.0 753.0 18.0 Pedestrian
860 1140 20 956.5 1670.0 11.0 Pedestrian
861 1152 20 956.5 1657.5 11.0 Pedestrian
862 1164 20 956.5 1645.0 11.0 Pedestrian
863 1176 20 956.5 1632.5 11.0 Pedestrian
864 1188 20 956.5 1624.5 11.0 Pedestrian
865 1200 20 956.5 1612.0 11.0 Pedestrian
866 1212 20 956.5 1603.5 11.0 Pedestrian
867 1224 20 956.5 1591.5 11.0 Pedestrian
868 1236 20 956.5 1583.0 11.0 Pedestrian
869 1248 20 958.5 1566.5 11.0 Pedestrian
870 1260 20 958.5 1546.0 11.0 Pedestrian
871 1272 20 958.5 1525.0 11.0 Pedestrian
872 1284 20 958.5 1504.5 11.0 Pedestrian
873 1296 20 954.5 1500.5 11.0 Pedestrian
874 1308 20 950.5 1496.5 11.0 Pedestrian
875 1320 20 948.5 1492.0 11.0 Pedestrian
876 1332 20 944.5 1488.0 11.0 Pedestrian
877 1344 20 940.5 1484.0 11.0 Pedestrian
878 1356 20 939.0 1480.0 11.0 Pedestrian
879 1368 20 935.0 1475.5 11.0 Pedestrian
880 1176 44 1086.0 751.0 40.0 Pedestrian
881 1188 44 1076.0 743.0 40.0 Pedestrian
882 1200 44 1068.0 734.5 40.0 Pedestrian
883 1212 44 1060.0 726.0 40.0 Pedestrian
884 1224 44 1052.0 718.0 40.0 Pedestrian
885 1236 44 1042.0 705.5 40.0 Pedestrian
886 1248 44 1032.0 697.0 40.0 Pedestrian
887 1260 44 1022.0 693.0 40.0 Pedestrian
888 1272 44 1010.0 685.0 40.0 Pedestrian
889 1284 44 1000.0 677.0 40.0 Pedestrian
890 1296 44 990.0 668.5 40.0 Pedestrian
891 1308 44 978.0 660.0 40.0 Pedestrian
892 1320 44 968.5 652.0 40.0 Pedestrian
893 1332 44 956.5 648.0 40.0 Pedestrian
894 1344 44 946.5 639.5 40.0 Pedestrian
895 1356 44 935.0 631.0 40.0 Pedestrian
896 1368 44 925.0 623.0 40.0 Pedestrian
897 1380 44 913.0 615.0 40.0 Pedestrian
898 1392 44 903.0 611.0 40.0 Pedestrian
899 1404 44 891.0 611.0 40.0 Pedestrian
900 1200 18 525.0 76.0 10.0 Pedestrian
901 1212 18 513.0 76.0 10.0 Pedestrian
902 1224 18 501.0 76.0 10.0 Pedestrian
903 1236 18 491.5 76.0 10.0 Pedestrian
904 1248 18 479.5 76.0 10.0 Pedestrian
905 1260 18 467.5 76.0 10.0 Pedestrian
906 1272 18 456.0 76.0 10.0 Pedestrian
907 1284 18 446.0 76.0 10.0 Pedestrian
908 1296 18 432.0 76.0 10.0 Pedestrian
909 1308 18 418.0 80.0 10.0 Pedestrian
910 1320 18 406.0 84.0 10.0 Pedestrian
911 1332 18 392.0 88.0 10.0 Pedestrian
912 1344 18 380.0 92.5 10.0 Pedestrian
913 1356 18 366.0 96.5 10.0 Pedestrian
914 1368 18 352.0 96.5 10.0 Pedestrian
915 1380 18 340.0 101.0 10.0 Pedestrian
916 1392 18 331.0 103.0 10.0 Pedestrian
917 1404 18 325.0 103.0 10.0 Pedestrian
918 1416 18 319.0 103.0 10.0 Pedestrian
919 1428 18 304.0 113.0 10.0 Pedestrian
920 1224 31 1117.0 879.0 22.0 Pedestrian
921 1236 31 1125.0 887.0 22.0 Pedestrian
922 1248 31 1131.0 895.5 22.0 Pedestrian
923 1260 31 1137.0 904.0 22.0 Pedestrian
924 1272 31 1143.0 912.0 22.0 Pedestrian
925 1284 31 1149.0 920.0 22.0 Pedestrian
926 1296 31 1159.0 924.0 22.0 Pedestrian
927 1308 31 1171.0 929.0 22.0 Pedestrian
928 1320 31 1180.5 933.0 22.0 Pedestrian
929 1332 31 1192.5 937.0 22.0 Pedestrian
930 1344 31 1204.5 941.0 22.0 Pedestrian
931 1356 31 1214.5 945.0 22.0 Pedestrian
932 1368 31 1226.0 949.0 22.0 Pedestrian
933 1380 31 1238.0 953.0 22.0 Pedestrian
934 1392 31 1250.0 962.0 22.0 Pedestrian
935 1404 31 1264.0 974.0 22.0 Pedestrian
936 1416 31 1278.0 986.0 22.0 Pedestrian
937 1428 31 1290.0 995.0 22.0 Pedestrian
938 1440 31 1302.0 999.0 22.0 Pedestrian
939 1452 31 1314.0 1007.0 22.0 Pedestrian
940 1224 40 1403.0 730.0 31.0 Pedestrian
941 1236 40 1403.0 730.0 31.0 Pedestrian
942 1248 40 1403.0 730.0 31.0 Pedestrian
943 1260 40 1403.0 730.0 31.0 Pedestrian
944 1272 40 1403.0 730.0 31.0 Pedestrian
945 1284 40 1403.0 730.0 31.0 Pedestrian
946 1296 40 1403.0 730.0 31.0 Pedestrian
947 1308 40 1403.0 730.0 31.0 Pedestrian
948 1320 40 1403.0 730.0 31.0 Pedestrian
949 1332 40 1403.0 730.0 31.0 Pedestrian
950 1344 40 1402.0 730.0 31.0 Pedestrian
951 1356 40 1402.0 730.0 31.0 Pedestrian
952 1368 40 1402.0 730.0 31.0 Pedestrian
953 1380 40 1402.0 730.0 31.0 Pedestrian
954 1392 40 1402.0 730.0 31.0 Pedestrian
955 1404 40 1402.0 730.0 31.0 Pedestrian
956 1416 40 1402.0 730.0 31.0 Pedestrian
957 1428 40 1402.0 730.0 31.0 Pedestrian
958 1440 40 1402.0 730.0 31.0 Pedestrian
959 1452 40 1402.0 730.0 31.0 Pedestrian
960 1236 9 1124.0 674.5 6.0 Pedestrian
961 1248 9 1124.0 674.5 6.0 Pedestrian
962 1260 9 1124.0 674.5 6.0 Pedestrian
963 1272 9 1124.0 674.5 6.0 Pedestrian
964 1284 9 1124.0 674.5 6.0 Pedestrian
965 1296 9 1124.0 674.5 6.0 Pedestrian
966 1308 9 1124.0 674.5 6.0 Pedestrian
967 1320 9 1124.0 674.5 6.0 Pedestrian
968 1332 9 1124.0 674.5 6.0 Pedestrian
969 1344 9 1124.0 674.5 6.0 Pedestrian
970 1356 9 1124.0 674.5 6.0 Pedestrian
971 1368 9 1124.0 674.5 6.0 Pedestrian
972 1380 9 1124.0 674.5 6.0 Pedestrian
973 1392 9 1124.0 674.5 6.0 Pedestrian
974 1404 9 1124.0 674.5 6.0 Pedestrian
975 1416 9 1124.0 674.5 6.0 Pedestrian
976 1428 9 1124.0 674.5 6.0 Pedestrian
977 1440 9 1124.0 674.5 6.0 Pedestrian
978 1452 9 1124.0 674.5 6.0 Pedestrian
979 1464 9 1124.0 674.5 6.0 Pedestrian
980 1236 14 855.0 1182.5 8.0 Pedestrian
981 1248 14 841.0 1211.5 8.0 Pedestrian
982 1260 14 829.0 1244.5 8.0 Pedestrian
983 1272 14 817.0 1281.5 8.0 Pedestrian
984 1284 14 805.0 1319.0 8.0 Pedestrian
985 1296 14 798.0 1327.0 8.0 Pedestrian
986 1308 14 792.0 1343.5 8.0 Pedestrian
987 1320 14 788.0 1376.5 8.0 Pedestrian
988 1332 14 784.0 1405.5 8.0 Pedestrian
989 1344 14 779.0 1438.5 8.0 Pedestrian
990 1356 14 775.0 1471.5 8.0 Pedestrian
991 1368 14 770.0 1500.5 8.0 Pedestrian
992 1380 14 765.0 1533.5 8.0 Pedestrian
993 1392 14 761.0 1562.5 8.0 Pedestrian
994 1404 14 761.0 1591.0 8.0 Pedestrian
995 1416 14 763.0 1616.0 8.0 Pedestrian
996 1428 14 763.0 1641.0 8.0 Pedestrian
997 1440 14 765.0 1670.0 8.0 Pedestrian
998 1452 14 765.0 1711.0 8.0 Pedestrian
999 1464 14 765.0 1752.0 8.0 Pedestrian
1000 1236 16 900.0 1201.0 9.0 Pedestrian
1001 1248 16 886.0 1218.0 9.0 Pedestrian
1002 1260 16 876.0 1238.0 9.0 Pedestrian
1003 1272 16 866.0 1259.0 9.0 Pedestrian
1004 1284 16 864.0 1321.0 9.0 Pedestrian
1005 1296 16 851.0 1325.0 9.0 Pedestrian
1006 1308 16 841.0 1343.5 9.0 Pedestrian
1007 1320 16 837.0 1372.5 9.0 Pedestrian
1008 1332 16 833.0 1403.5 9.0 Pedestrian
1009 1344 16 828.0 1430.0 9.0 Pedestrian
1010 1356 16 823.0 1461.0 9.0 Pedestrian
1011 1368 16 818.0 1490.0 9.0 Pedestrian
1012 1380 16 814.0 1517.0 9.0 Pedestrian
1013 1392 16 812.0 1581.0 9.0 Pedestrian
1014 1404 16 810.0 1618.0 9.0 Pedestrian
1015 1416 16 808.0 1651.0 9.0 Pedestrian
1016 1428 16 806.0 1680.0 9.0 Pedestrian
1017 1440 16 804.0 1713.0 9.0 Pedestrian
1018 1452 16 804.0 1742.0 9.0 Pedestrian
1019 1464 16 804.0 1771.0 9.0 Pedestrian
1020 1308 7 1335.0 643.5 5.0 Pedestrian
1021 1320 7 1335.0 639.5 5.0 Pedestrian
1022 1332 7 1335.0 639.5 5.0 Pedestrian
1023 1344 7 1335.0 635.5 5.0 Pedestrian
1024 1356 7 1335.0 635.5 5.0 Pedestrian
1025 1368 7 1335.0 631.0 5.0 Pedestrian
1026 1380 7 1333.0 627.0 5.0 Pedestrian
1027 1392 7 1333.0 627.0 5.0 Pedestrian
1028 1404 7 1333.0 623.0 5.0 Pedestrian
1029 1416 7 1333.0 623.0 5.0 Pedestrian
1030 1428 7 1333.0 619.0 5.0 Pedestrian
1031 1440 7 1333.0 619.0 5.0 Pedestrian
1032 1452 7 1333.0 615.0 5.0 Pedestrian
1033 1464 7 1332.0 615.0 5.0 Pedestrian
1034 1476 7 1332.0 610.5 5.0 Pedestrian
1035 1488 7 1332.0 606.5 5.0 Pedestrian
1036 1500 7 1332.0 606.5 5.0 Pedestrian
1037 1512 7 1332.0 602.5 5.0 Pedestrian
1038 1524 7 1332.0 602.5 5.0 Pedestrian
1039 1536 7 1332.0 602.5 5.0 Pedestrian
1040 1332 23 964.5 749.0 18.0 Pedestrian
1041 1344 23 952.5 745.0 18.0 Pedestrian
1042 1356 23 941.0 740.5 18.0 Pedestrian
1043 1368 23 929.0 740.5 18.0 Pedestrian
1044 1380 23 917.0 736.5 18.0 Pedestrian
1045 1392 23 899.0 728.5 18.0 Pedestrian
1046 1404 23 879.0 724.0 18.0 Pedestrian
1047 1416 23 859.0 716.0 18.0 Pedestrian
1048 1428 23 841.0 716.0 18.0 Pedestrian
1049 1440 23 825.0 716.0 18.0 Pedestrian
1050 1452 23 809.0 716.0 18.0 Pedestrian
1051 1464 23 795.0 720.0 18.0 Pedestrian
1052 1476 23 779.0 720.0 18.0 Pedestrian
1053 1488 23 763.0 720.0 18.0 Pedestrian
1054 1500 23 749.0 724.0 18.0 Pedestrian
1055 1512 23 738.0 724.0 18.0 Pedestrian
1056 1524 23 727.5 724.0 18.0 Pedestrian
1057 1536 23 716.5 726.5 18.0 Pedestrian
1058 1548 23 704.5 726.5 18.0 Pedestrian
1059 1560 23 693.0 726.5 18.0 Pedestrian
1060 1416 45 879.0 611.0 40.0 Pedestrian
1061 1428 45 869.0 602.0 40.0 Pedestrian
1062 1440 45 859.0 594.0 40.0 Pedestrian
1063 1452 45 847.0 582.0 40.0 Pedestrian
1064 1464 45 837.0 569.0 40.0 Pedestrian
1065 1476 45 827.0 561.0 40.0 Pedestrian
1066 1488 45 817.0 549.0 40.0 Pedestrian
1067 1500 45 807.0 540.5 40.0 Pedestrian
1068 1512 45 793.0 534.0 40.0 Pedestrian
1069 1524 45 781.0 530.0 40.0 Pedestrian
1070 1536 45 768.0 528.0 40.0 Pedestrian
1071 1548 45 759.0 520.0 40.0 Pedestrian
1072 1560 45 753.0 511.5 40.0 Pedestrian
1073 1572 45 745.0 499.0 40.0 Pedestrian
1074 1584 45 737.0 487.0 40.0 Pedestrian
1075 1596 45 725.5 474.5 40.0 Pedestrian
1076 1608 45 715.5 458.0 40.0 Pedestrian
1077 1620 45 705.5 445.5 40.0 Pedestrian
1078 1632 45 700.0 433.0 40.0 Pedestrian
1079 1644 45 694.0 420.5 40.0 Pedestrian
1080 1464 41 1402.0 730.0 31.0 Pedestrian
1081 1476 41 1402.0 730.0 31.0 Pedestrian
1082 1488 41 1402.0 730.0 31.0 Pedestrian
1083 1500 41 1402.0 730.0 31.0 Pedestrian
1084 1512 41 1402.0 726.0 31.0 Pedestrian
1085 1524 41 1402.0 726.0 31.0 Pedestrian
1086 1536 41 1402.0 726.0 31.0 Pedestrian
1087 1548 41 1402.0 726.0 31.0 Pedestrian
1088 1560 41 1402.0 726.0 31.0 Pedestrian
1089 1572 41 1402.0 726.0 31.0 Pedestrian
1090 1584 41 1402.0 726.0 31.0 Pedestrian
1091 1596 41 1403.0 726.0 31.0 Pedestrian
1092 1608 41 1403.0 724.0 31.0 Pedestrian
1093 1620 41 1403.0 724.0 31.0 Pedestrian
1094 1632 41 1403.0 724.0 31.0 Pedestrian
1095 1644 41 1403.0 724.0 31.0 Pedestrian
1096 1656 41 1403.0 724.0 31.0 Pedestrian
1097 1668 41 1403.0 724.0 31.0 Pedestrian
1098 1680 41 1404.0 722.0 31.0 Pedestrian
1099 1692 41 1404.0 722.0 31.0 Pedestrian
1100 1500 25 818.0 519.5 19.0 Pedestrian
1101 1512 25 808.0 509.5 19.0 Pedestrian
1102 1524 25 798.0 499.0 19.0 Pedestrian
1103 1536 25 788.0 491.0 19.0 Pedestrian
1104 1548 25 778.0 480.5 19.0 Pedestrian
1105 1560 25 770.0 472.5 19.0 Pedestrian
1106 1572 25 762.0 464.0 19.0 Pedestrian
1107 1584 25 754.0 455.5 19.0 Pedestrian
1108 1596 25 744.0 447.5 19.0 Pedestrian
1109 1608 25 736.0 439.5 19.0 Pedestrian
1110 1620 25 728.5 431.0 19.0 Pedestrian
1111 1632 25 720.5 422.5 19.0 Pedestrian
1112 1644 25 712.5 414.5 19.0 Pedestrian
1113 1656 25 706.5 402.0 19.0 Pedestrian
1114 1668 25 703.0 389.5 19.0 Pedestrian
1115 1680 25 701.0 377.5 19.0 Pedestrian
1116 1692 25 699.0 365.0 19.0 Pedestrian
1117 1704 25 695.0 352.5 19.0 Pedestrian
1118 1716 25 693.0 340.0 19.0 Pedestrian
1119 1728 25 689.0 327.5 19.0 Pedestrian
1120 1500 33 1413.0 749.0 29.0 Pedestrian
1121 1512 33 1413.0 749.0 29.0 Pedestrian
1122 1524 33 1413.0 749.0 29.0 Pedestrian
1123 1536 33 1413.0 749.0 29.0 Pedestrian
1124 1548 33 1413.0 749.0 29.0 Pedestrian
1125 1560 33 1413.0 749.0 29.0 Pedestrian
1126 1572 33 1413.0 749.0 29.0 Pedestrian
1127 1584 33 1413.0 749.0 29.0 Pedestrian
1128 1596 33 1413.0 749.0 29.0 Pedestrian
1129 1608 33 1413.0 749.0 29.0 Pedestrian
1130 1620 33 1413.0 749.0 29.0 Pedestrian
1131 1632 33 1413.0 749.0 29.0 Pedestrian
1132 1644 33 1413.0 749.0 29.0 Pedestrian
1133 1656 33 1413.0 749.0 29.0 Pedestrian
1134 1668 33 1413.0 749.0 29.0 Pedestrian
1135 1680 33 1413.0 749.0 29.0 Pedestrian
1136 1692 33 1413.0 749.0 29.0 Pedestrian
1137 1704 33 1413.0 749.0 29.0 Pedestrian
1138 1716 33 1413.0 749.0 29.0 Pedestrian
1139 1728 33 1413.0 749.0 29.0 Pedestrian
1140 1500 35 1386.0 722.0 30.0 Pedestrian
1141 1512 35 1386.0 722.0 30.0 Pedestrian
1142 1524 35 1386.0 722.0 30.0 Pedestrian
1143 1536 35 1386.0 722.0 30.0 Pedestrian
1144 1548 35 1386.0 722.0 30.0 Pedestrian
1145 1560 35 1386.0 722.0 30.0 Pedestrian
1146 1572 35 1386.0 722.0 30.0 Pedestrian
1147 1584 35 1386.0 722.0 30.0 Pedestrian
1148 1596 35 1386.0 722.0 30.0 Pedestrian
1149 1608 35 1386.0 722.0 30.0 Pedestrian
1150 1620 35 1386.0 722.0 30.0 Pedestrian
1151 1632 35 1386.0 722.0 30.0 Pedestrian
1152 1644 35 1386.0 722.0 30.0 Pedestrian
1153 1656 35 1386.0 722.0 30.0 Pedestrian
1154 1668 35 1386.0 722.0 30.0 Pedestrian
1155 1680 35 1386.0 722.0 30.0 Pedestrian
1156 1692 35 1386.0 722.0 30.0 Pedestrian
1157 1704 35 1386.0 722.0 30.0 Pedestrian
1158 1716 35 1386.0 722.0 30.0 Pedestrian
1159 1728 35 1386.0 722.0 30.0 Pedestrian
1160 1500 77 1275.0 1059.0 77.0 Pedestrian
1161 1512 77 1275.0 1059.0 77.0 Pedestrian
1162 1524 77 1275.0 1059.0 77.0 Pedestrian
1163 1536 77 1275.0 1059.0 77.0 Pedestrian
1164 1548 77 1275.0 1059.0 77.0 Pedestrian
1165 1560 77 1275.0 1059.0 77.0 Pedestrian
1166 1572 77 1275.0 1059.0 77.0 Pedestrian
1167 1584 77 1275.0 1059.0 77.0 Pedestrian
1168 1596 77 1275.0 1059.0 77.0 Pedestrian
1169 1608 77 1275.0 1059.0 77.0 Pedestrian
1170 1620 77 1275.0 1059.0 77.0 Pedestrian
1171 1632 77 1275.0 1059.0 77.0 Pedestrian
1172 1644 77 1275.0 1059.0 77.0 Pedestrian
1173 1656 77 1275.0 1059.0 77.0 Pedestrian
1174 1668 77 1275.0 1059.0 77.0 Pedestrian
1175 1680 77 1275.0 1059.0 77.0 Pedestrian
1176 1692 77 1275.0 1059.0 77.0 Pedestrian
1177 1704 77 1275.0 1059.0 77.0 Pedestrian
1178 1716 77 1275.0 1059.0 77.0 Pedestrian
1179 1728 77 1275.0 1059.0 77.0 Pedestrian
1180 1560 69 1058.0 84.0 69.0 Pedestrian
1181 1572 69 1058.0 92.5 69.0 Pedestrian
1182 1584 69 1058.0 101.0 69.0 Pedestrian
1183 1596 69 1058.0 109.0 69.0 Pedestrian
1184 1608 69 1058.0 117.0 69.0 Pedestrian
1185 1620 69 1058.0 129.5 69.0 Pedestrian
1186 1632 69 1058.0 138.0 69.0 Pedestrian
1187 1644 69 1056.0 146.0 69.0 Pedestrian
1188 1656 69 1052.0 158.5 69.0 Pedestrian
1189 1668 69 1049.0 171.0 69.0 Pedestrian
1190 1680 69 1046.0 179.0 69.0 Pedestrian
1191 1692 69 1043.0 191.5 69.0 Pedestrian
1192 1704 69 1039.0 200.0 69.0 Pedestrian
1193 1716 69 1035.0 212.0 69.0 Pedestrian
1194 1728 69 1027.0 220.5 69.0 Pedestrian
1195 1740 69 1019.0 229.0 69.0 Pedestrian
1196 1752 69 1011.0 237.0 69.0 Pedestrian
1197 1764 69 1007.0 249.0 69.0 Pedestrian
1198 1776 69 1003.0 262.0 69.0 Pedestrian
1199 1788 69 999.0 274.0 69.0 Pedestrian
1200 1572 24 677.0 730.5 18.0 Pedestrian
1201 1584 24 661.0 734.5 18.0 Pedestrian
1202 1596 24 647.0 742.5 18.0 Pedestrian
1203 1608 24 635.0 751.0 18.0 Pedestrian
1204 1620 24 625.0 759.5 18.0 Pedestrian
1205 1632 24 613.0 763.5 18.0 Pedestrian
1206 1644 24 601.0 771.5 18.0 Pedestrian
1207 1656 24 589.0 779.5 18.0 Pedestrian
1208 1668 24 575.0 792.5 18.0 Pedestrian
1209 1680 24 561.0 804.5 18.0 Pedestrian
1210 1692 24 545.0 817.0 18.0 Pedestrian
1211 1704 24 531.0 829.5 18.0 Pedestrian
1212 1716 24 519.0 841.5 18.0 Pedestrian
1213 1728 24 505.0 854.5 18.0 Pedestrian
1214 1740 24 493.5 862.5 18.0 Pedestrian
1215 1752 24 481.5 870.5 18.0 Pedestrian
1216 1764 24 469.5 879.0 18.0 Pedestrian
1217 1776 24 458.0 879.0 18.0 Pedestrian
1218 1788 24 442.0 883.5 18.0 Pedestrian
1219 1800 24 426.0 887.5 18.0 Pedestrian
1220 1584 32 933.0 30.5 26.0 Pedestrian
1221 1596 32 933.0 43.0 26.0 Pedestrian
1222 1608 32 931.0 55.0 26.0 Pedestrian
1223 1620 32 930.0 66.0 26.0 Pedestrian
1224 1632 32 930.0 74.0 26.0 Pedestrian
1225 1644 32 933.0 74.0 26.0 Pedestrian
1226 1656 32 936.0 82.0 26.0 Pedestrian
1227 1668 32 939.5 99.0 26.0 Pedestrian
1228 1680 32 943.5 115.0 26.0 Pedestrian
1229 1692 32 949.5 136.0 26.0 Pedestrian
1230 1704 32 959.5 152.0 26.0 Pedestrian
1231 1716 32 975.0 156.0 26.0 Pedestrian
1232 1728 32 987.0 161.0 26.0 Pedestrian
1233 1740 32 995.0 161.0 26.0 Pedestrian
1234 1752 32 1001.0 177.0 26.0 Pedestrian
1235 1764 32 1009.0 194.0 26.0 Pedestrian
1236 1776 32 1025.0 194.0 26.0 Pedestrian
1237 1788 32 1037.0 202.0 26.0 Pedestrian
1238 1800 32 1047.0 210.0 26.0 Pedestrian
1239 1812 32 1061.0 214.0 26.0 Pedestrian
1240 1656 46 688.0 408.5 40.0 Pedestrian
1241 1668 46 682.0 396.0 40.0 Pedestrian
1242 1680 46 676.0 383.5 40.0 Pedestrian
1243 1692 46 670.0 367.0 40.0 Pedestrian
1244 1704 46 664.0 354.5 40.0 Pedestrian
1245 1716 46 664.0 342.0 40.0 Pedestrian
1246 1728 46 662.0 334.0 40.0 Pedestrian
1247 1740 46 661.0 325.5 40.0 Pedestrian
1248 1752 46 659.0 313.5 40.0 Pedestrian
1249 1764 46 657.0 301.0 40.0 Pedestrian
1250 1776 46 655.0 288.5 40.0 Pedestrian
1251 1788 46 653.0 276.0 40.0 Pedestrian
1252 1800 46 651.0 268.0 40.0 Pedestrian
1253 1812 46 651.0 251.5 40.0 Pedestrian
1254 1824 46 653.0 235.0 40.0 Pedestrian
1255 1836 46 655.0 222.5 40.0 Pedestrian
1256 1848 46 655.0 214.0 40.0 Pedestrian
1257 1860 46 653.0 206.0 40.0 Pedestrian
1258 1872 46 651.0 202.0 40.0 Pedestrian
1259 1884 46 649.0 193.5 40.0 Pedestrian
1260 1656 72 941.0 1938.0 72.0 Pedestrian
1261 1668 72 943.0 1938.0 72.0 Pedestrian
1262 1680 72 943.0 1924.0 72.0 Pedestrian
1263 1692 72 943.0 1907.0 72.0 Pedestrian
1264 1704 72 944.5 1903.0 72.0 Pedestrian
1265 1716 72 945.5 1882.5 72.0 Pedestrian
1266 1728 72 944.5 1868.0 72.0 Pedestrian
1267 1740 72 944.5 1843.0 72.0 Pedestrian
1268 1752 72 943.5 1820.5 72.0 Pedestrian
1269 1764 72 943.5 1800.0 72.0 Pedestrian
1270 1776 72 948.5 1789.5 72.0 Pedestrian
1271 1788 72 950.5 1785.0 72.0 Pedestrian
1272 1800 72 949.5 1775.0 72.0 Pedestrian
1273 1812 72 947.5 1758.5 72.0 Pedestrian
1274 1824 72 947.5 1744.0 72.0 Pedestrian
1275 1836 72 946.5 1727.5 72.0 Pedestrian
1276 1848 72 946.5 1711.0 72.0 Pedestrian
1277 1860 72 944.5 1705.0 72.0 Pedestrian
1278 1872 72 942.0 1699.0 72.0 Pedestrian
1279 1884 72 940.0 1692.5 72.0 Pedestrian
1280 1704 42 1404.0 722.0 31.0 Pedestrian
1281 1716 42 1404.0 720.0 31.0 Pedestrian
1282 1728 42 1404.0 720.0 31.0 Pedestrian
1283 1740 42 1404.0 720.0 31.0 Pedestrian
1284 1752 42 1404.0 720.0 31.0 Pedestrian
1285 1764 42 1404.0 720.0 31.0 Pedestrian
1286 1776 42 1406.0 720.0 31.0 Pedestrian
1287 1788 42 1406.0 720.0 31.0 Pedestrian
1288 1800 42 1406.0 720.0 31.0 Pedestrian
1289 1812 42 1406.0 720.0 31.0 Pedestrian
1290 1824 42 1406.0 718.0 31.0 Pedestrian
1291 1836 42 1406.0 718.0 31.0 Pedestrian
1292 1848 42 1406.0 718.0 31.0 Pedestrian
1293 1860 42 1407.0 716.0 31.0 Pedestrian
1294 1872 42 1407.0 716.0 31.0 Pedestrian
1295 1884 42 1407.0 716.0 31.0 Pedestrian
1296 1896 42 1407.0 716.0 31.0 Pedestrian
1297 1908 42 1407.0 716.0 31.0 Pedestrian
1298 1920 42 1407.0 716.0 31.0 Pedestrian
1299 1932 42 1407.0 714.0 31.0 Pedestrian
1300 1740 26 687.0 315.5 19.0 Pedestrian
1301 1752 26 683.0 303.0 19.0 Pedestrian
1302 1764 26 681.0 286.5 19.0 Pedestrian
1303 1776 26 681.0 274.0 19.0 Pedestrian
1304 1788 26 681.0 261.5 19.0 Pedestrian
1305 1800 26 681.0 247.5 19.0 Pedestrian
1306 1812 26 681.0 235.0 19.0 Pedestrian
1307 1824 26 681.0 226.5 19.0 Pedestrian
1308 1836 26 681.0 214.5 19.0 Pedestrian
1309 1848 26 679.0 201.5 19.0 Pedestrian
1310 1860 26 679.0 193.5 19.0 Pedestrian
1311 1872 26 675.0 181.5 19.0 Pedestrian
1312 1884 26 673.0 168.5 19.0 Pedestrian
1313 1896 26 671.0 156.5 19.0 Pedestrian
1314 1908 26 661.0 148.5 19.0 Pedestrian
1315 1920 26 651.0 140.0 19.0 Pedestrian
1316 1932 26 641.0 131.5 19.0 Pedestrian
1317 1944 26 631.0 131.5 19.0 Pedestrian
1318 1956 26 619.0 131.5 19.0 Pedestrian
1319 1968 26 605.0 131.5 19.0 Pedestrian
1320 1740 34 1413.0 749.0 29.0 Pedestrian
1321 1752 34 1413.0 749.0 29.0 Pedestrian
1322 1764 34 1413.0 749.0 29.0 Pedestrian
1323 1776 34 1413.0 749.0 29.0 Pedestrian
1324 1788 34 1413.0 749.0 29.0 Pedestrian
1325 1800 34 1413.0 749.0 29.0 Pedestrian
1326 1812 34 1413.0 749.0 29.0 Pedestrian
1327 1824 34 1413.0 749.0 29.0 Pedestrian
1328 1836 34 1413.0 749.0 29.0 Pedestrian
1329 1848 34 1413.0 749.0 29.0 Pedestrian
1330 1860 34 1413.0 749.0 29.0 Pedestrian
1331 1872 34 1413.0 749.0 29.0 Pedestrian
1332 1884 34 1413.0 749.0 29.0 Pedestrian
1333 1896 34 1413.0 749.0 29.0 Pedestrian
1334 1908 34 1413.0 749.0 29.0 Pedestrian
1335 1920 34 1413.0 749.0 29.0 Pedestrian
1336 1932 34 1413.0 749.0 29.0 Pedestrian
1337 1944 34 1413.0 749.0 29.0 Pedestrian
1338 1956 34 1413.0 749.0 29.0 Pedestrian
1339 1968 34 1413.0 749.0 29.0 Pedestrian
1340 1740 36 1386.0 722.0 30.0 Pedestrian
1341 1752 36 1386.0 722.0 30.0 Pedestrian
1342 1764 36 1386.0 722.0 30.0 Pedestrian
1343 1776 36 1386.0 722.0 30.0 Pedestrian
1344 1788 36 1386.0 722.0 30.0 Pedestrian
1345 1800 36 1386.0 722.0 30.0 Pedestrian
1346 1812 36 1386.0 722.0 30.0 Pedestrian
1347 1824 36 1386.0 722.0 30.0 Pedestrian
1348 1836 36 1386.0 722.0 30.0 Pedestrian
1349 1848 36 1386.0 722.0 30.0 Pedestrian
1350 1860 36 1386.0 722.0 30.0 Pedestrian
1351 1872 36 1386.0 722.0 30.0 Pedestrian
1352 1884 36 1386.0 722.0 30.0 Pedestrian
1353 1896 36 1386.0 722.0 30.0 Pedestrian
1354 1908 36 1386.0 722.0 30.0 Pedestrian
1355 1920 36 1386.0 722.0 30.0 Pedestrian
1356 1932 36 1386.0 722.0 30.0 Pedestrian
1357 1944 36 1386.0 722.0 30.0 Pedestrian
1358 1956 36 1386.0 722.0 30.0 Pedestrian
1359 1968 36 1386.0 722.0 30.0 Pedestrian
1360 1740 74 946.5 1934.0 73.0 Pedestrian
1361 1752 74 946.5 1922.0 73.0 Pedestrian
1362 1764 74 946.5 1909.0 73.0 Pedestrian
1363 1776 74 946.5 1895.0 73.0 Pedestrian
1364 1788 74 946.5 1880.0 73.0 Pedestrian
1365 1800 74 946.5 1866.0 73.0 Pedestrian
1366 1812 74 946.5 1851.0 73.0 Pedestrian
1367 1824 74 946.5 1837.0 73.0 Pedestrian
1368 1836 74 946.5 1822.5 73.0 Pedestrian
1369 1848 74 944.5 1808.0 73.0 Pedestrian
1370 1860 74 944.5 1796.0 73.0 Pedestrian
1371 1872 74 944.5 1781.0 73.0 Pedestrian
1372 1884 74 944.5 1767.0 73.0 Pedestrian
1373 1896 74 944.5 1752.0 73.0 Pedestrian
1374 1908 74 944.5 1738.0 73.0 Pedestrian
1375 1920 74 944.5 1723.0 73.0 Pedestrian
1376 1932 74 944.5 1709.0 73.0 Pedestrian
1377 1944 74 944.5 1697.0 73.0 Pedestrian
1378 1956 74 944.5 1682.0 73.0 Pedestrian
1379 1968 74 944.5 1670.0 73.0 Pedestrian
1380 1740 78 1275.0 1059.0 77.0 Pedestrian
1381 1752 78 1275.0 1059.0 77.0 Pedestrian
1382 1764 78 1275.0 1059.0 77.0 Pedestrian
1383 1776 78 1275.0 1059.0 77.0 Pedestrian
1384 1788 78 1275.0 1059.0 77.0 Pedestrian
1385 1800 78 1275.0 1059.0 77.0 Pedestrian
1386 1812 78 1275.0 1059.0 77.0 Pedestrian
1387 1824 78 1275.0 1059.0 77.0 Pedestrian
1388 1836 78 1275.0 1059.0 77.0 Pedestrian
1389 1848 78 1275.0 1059.0 77.0 Pedestrian
1390 1860 78 1275.0 1059.0 77.0 Pedestrian
1391 1872 78 1275.0 1059.0 77.0 Pedestrian
1392 1884 78 1275.0 1059.0 77.0 Pedestrian
1393 1896 78 1275.0 1059.0 77.0 Pedestrian
1394 1908 78 1275.0 1059.0 77.0 Pedestrian
1395 1920 78 1275.0 1059.0 77.0 Pedestrian
1396 1932 78 1275.0 1059.0 77.0 Pedestrian
1397 1944 78 1275.0 1059.0 77.0 Pedestrian
1398 1956 78 1275.0 1059.0 77.0 Pedestrian
1399 1968 78 1275.0 1059.0 77.0 Pedestrian
1400 1788 75 980.0 1783.5 74.0 Pedestrian
1401 1800 75 978.0 1770.5 74.0 Pedestrian
1402 1812 75 975.0 1758.5 74.0 Pedestrian
1403 1824 75 973.0 1746.5 74.0 Pedestrian
1404 1836 75 970.5 1729.5 74.0 Pedestrian
1405 1848 75 968.5 1717.5 74.0 Pedestrian
1406 1860 75 966.5 1704.5 74.0 Pedestrian
1407 1872 75 968.5 1688.5 74.0 Pedestrian
1408 1884 75 970.5 1674.0 74.0 Pedestrian
1409 1896 75 971.0 1657.5 74.0 Pedestrian
1410 1908 75 970.5 1647.0 74.0 Pedestrian
1411 1920 75 968.5 1632.5 74.0 Pedestrian
1412 1932 75 961.5 1622.5 74.0 Pedestrian
1413 1944 75 964.5 1618.5 74.0 Pedestrian
1414 1956 75 960.5 1605.5 74.0 Pedestrian
1415 1968 75 964.5 1572.5 74.0 Pedestrian
1416 1980 75 959.5 1568.5 74.0 Pedestrian
1417 1992 75 959.5 1552.0 74.0 Pedestrian
1418 2004 75 959.5 1535.5 74.0 Pedestrian
1419 2016 75 960.5 1519.0 74.0 Pedestrian
1420 1800 70 993.0 284.5 69.0 Pedestrian
1421 1812 70 985.0 293.0 69.0 Pedestrian
1422 1824 70 977.0 301.0 69.0 Pedestrian
1423 1836 70 971.0 309.0 69.0 Pedestrian
1424 1848 70 965.5 313.0 69.0 Pedestrian
1425 1860 70 959.5 321.5 69.0 Pedestrian
1426 1872 70 953.5 330.0 69.0 Pedestrian
1427 1884 70 949.5 340.0 69.0 Pedestrian
1428 1896 70 946.5 352.5 69.0 Pedestrian
1429 1908 70 943.0 363.0 69.0 Pedestrian
1430 1920 70 943.0 367.0 69.0 Pedestrian
1431 1932 70 943.0 367.0 69.0 Pedestrian
1432 1944 70 943.0 367.0 69.0 Pedestrian
1433 1956 70 943.0 367.0 69.0 Pedestrian
1434 1968 70 943.0 392.0 69.0 Pedestrian
1435 1980 70 943.0 437.0 69.0 Pedestrian
1436 1992 70 939.0 450.0 69.0 Pedestrian
1437 2004 70 939.0 462.0 69.0 Pedestrian
1438 2016 70 940.0 468.0 69.0 Pedestrian
1439 2028 70 942.0 472.0 69.0 Pedestrian
1440 1896 73 941.0 1668.0 72.0 Pedestrian
1441 1908 73 941.0 1643.0 72.0 Pedestrian
1442 1920 73 940.0 1647.0 72.0 Pedestrian
1443 1932 73 940.0 1647.0 72.0 Pedestrian
1444 1944 73 940.0 1614.0 72.0 Pedestrian
1445 1956 73 936.0 1614.0 72.0 Pedestrian
1446 1968 73 936.0 1589.0 72.0 Pedestrian
1447 1980 73 938.0 1568.5 72.0 Pedestrian
1448 1992 73 938.0 1556.0 72.0 Pedestrian
1449 2004 73 938.0 1542.0 72.0 Pedestrian
1450 2016 73 938.0 1529.0 72.0 Pedestrian
1451 2028 73 938.0 1517.0 72.0 Pedestrian
1452 2040 73 938.0 1504.5 72.0 Pedestrian
1453 2052 73 938.0 1492.0 72.0 Pedestrian
1454 2064 73 938.0 1480.0 72.0 Pedestrian
1455 2076 73 938.0 1467.5 72.0 Pedestrian
1456 2088 73 938.0 1455.0 72.0 Pedestrian
1457 2100 73 938.0 1443.0 72.0 Pedestrian
1458 2112 73 938.0 1430.0 72.0 Pedestrian
1459 2124 73 942.0 1414.0 72.0 Pedestrian
