0 24 18 1308.0 1457.5 18.0 Pedestrian
1 36 18 1307.0 1445.0 18.0 Pedestrian
2 48 18 1306.0 1426.0 18.0 Pedestrian
3 60 18 1306.0 1409.0 18.0 Pedestrian
4 72 18 1305.0 1388.5 18.0 Pedestrian
5 84 18 1305.0 1371.5 18.0 Pedestrian
6 96 18 1304.5 1355.0 18.0 Pedestrian
7 108 18 1303.5 1336.0 18.0 Pedestrian
8 120 18 1303.5 1319.5 18.0 Pedestrian
9 132 18 1303.5 1302.5 18.0 Pedestrian
10 144 18 1304.5 1285.5 18.0 Pedestrian
11 156 18 1305.5 1273.0 18.0 Pedestrian
12 168 18 1307.0 1256.5 18.0 Pedestrian
13 180 18 1308.0 1239.5 18.0 Pedestrian
14 192 18 1308.0 1227.0 18.0 Pedestrian
15 204 18 1308.0 1210.5 18.0 Pedestrian
16 216 18 1307.0 1193.5 18.0 Pedestrian
17 228 18 1307.0 1176.5 18.0 Pedestrian
18 240 18 1308.0 1164.0 18.0 Pedestrian
19 252 18 1309.0 1156.0 18.0 Pedestrian
20 108 20 252.5 887.5 20.0 Pedestrian
21 120 20 241.5 887.5 20.0 Pedestrian
22 132 20 230.5 892.0 20.0 Pedestrian
23 144 20 219.5 892.0 20.0 Pedestrian
24 156 20 208.5 896.0 20.0 Pedestrian
25 168 20 197.5 900.5 20.0 Pedestrian
26 180 20 193.5 900.5 20.0 Pedestrian
27 192 20 192.0 904.5 20.0 Pedestrian
28 204 20 190.0 904.5 20.0 Pedestrian
29 216 20 188.5 908.5 20.0 Pedestrian
30 228 20 186.5 913.0 20.0 Pedestrian
31 240 20 184.5 913.0 20.0 Pedestrian
32 252 20 182.5 917.0 20.0 Pedestrian
33 264 20 181.0 917.0 20.0 Pedestrian
34 276 20 179.0 921.5 20.0 Pedestrian
35 288 20 177.5 925.5 20.0 Pedestrian
36 300 20 175.5 925.5 20.0 Pedestrian
37 312 20 175.5 929.5 20.0 Pedestrian
38 324 20 175.5 929.5 20.0 Pedestrian
39 336 20 175.5 929.5 20.0 Pedestrian
40 120 21 1304.5 1507.5 21.0 Pedestrian
41 132 21 1296.5 1474.5 21.0 Pedestrian
42 144 21 1291.5 1440.5 21.0 Pedestrian
43 156 21 1285.5 1407.5 21.0 Pedestrian
44 168 21 1280.5 1373.5 21.0 Pedestrian
45 180 21 1273.5 1344.5 21.0 Pedestrian
46 192 21 1267.5 1311.0 21.0 Pedestrian
47 204 21 1261.5 1277.5 21.0 Pedestrian
48 216 21 1260.5 1252.5 21.0 Pedestrian
49 228 21 1260.5 1223.0 21.0 Pedestrian
50 240 21 1260.5 1197.5 21.0 Pedestrian
51 252 21 1260.5 1172.5 21.0 Pedestrian
52 264 21 1256.5 1147.5 21.0 Pedestrian
53 276 21 1238.5 1130.5 21.0 Pedestrian
54 288 21 1219.5 1114.0 21.0 Pedestrian
55 300 21 1201.5 1097.0 21.0 Pedestrian
56 312 21 1171.5 1084.5 21.0 Pedestrian
57 324 21 1127.5 1076.5 21.0 Pedestrian
58 336 21 1096.5 1072.0 21.0 Pedestrian
59 348 21 1072.5 1072.0 21.0 Pedestrian
60 336 2 530.0 1968.5 2.0 Pedestrian
61 348 2 532.0 1952.0 2.0 Pedestrian
62 360 2 533.5 1935.0 2.0 Pedestrian
63 372 2 535.5 1918.5 2.0 Pedestrian
64 384 2 539.0 1901.5 2.0 Pedestrian
65 396 2 541.0 1884.5 2.0 Pedestrian
66 408 2 544.5 1868.0 2.0 Pedestrian
67 420 2 546.5 1851.5 2.0 Pedestrian
68 432 2 550.0 1834.5 2.0 Pedestrian
69 444 2 552.0 1817.5 2.0 Pedestrian
70 456 2 554.0 1801.0 2.0 Pedestrian
71 468 2 557.5 1784.5 2.0 Pedestrian
72 480 2 559.5 1767.5 2.0 Pedestrian
73 492 2 563.0 1750.5 2.0 Pedestrian
74 504 2 565.0 1736.5 2.0 Pedestrian
75 516 2 566.0 1723.5 2.0 Pedestrian
76 528 2 567.0 1711.0 2.0 Pedestrian
77 540 2 568.0 1698.5 2.0 Pedestrian
78 552 2 568.5 1683.5 2.0 Pedestrian
79 564 2 569.5 1673.0 2.0 Pedestrian
80 360 22 1046.5 1068.0 21.0 Pedestrian
81 372 22 1022.5 1068.0 21.0 Pedestrian
82 384 22 996.5 1068.0 21.0 Pedestrian
83 396 22 972.5 1063.5 21.0 Pedestrian
84 408 22 947.5 1063.5 21.0 Pedestrian
85 420 22 923.5 1063.5 21.0 Pedestrian
86 432 22 897.5 1059.5 21.0 Pedestrian
87 444 22 871.5 1059.5 21.0 Pedestrian
88 456 22 847.5 1055.5 21.0 Pedestrian
89 468 22 821.5 1055.5 21.0 Pedestrian
90 480 22 797.5 1055.5 21.0 Pedestrian
91 492 22 777.5 1030.5 21.0 Pedestrian
92 504 22 758.5 1007.0 21.0 Pedestrian
93 516 22 737.0 986.0 21.0 Pedestrian
94 528 22 717.0 965.0 21.0 Pedestrian
95 540 22 696.0 944.0 21.0 Pedestrian
96 552 22 674.0 923.0 21.0 Pedestrian
97 564 22 653.0 902.5 21.0 Pedestrian
98 576 22 629.0 898.0 21.0 Pedestrian
99 588 22 605.0 894.0 21.0 Pedestrian
100 576 3 570.5 1652.5 2.0 Pedestrian
101 588 3 570.5 1631.5 2.0 Pedestrian
102 600 3 572.5 1610.5 2.0 Pedestrian
103 612 3 572.5 1589.5 2.0 Pedestrian
104 624 3 572.5 1564.5 2.0 Pedestrian
105 636 3 574.0 1543.5 2.0 Pedestrian
106 648 3 574.0 1522.5 2.0 Pedestrian
107 660 3 576.0 1501.5 2.0 Pedestrian
108 672 3 576.0 1489.0 2.0 Pedestrian
109 684 3 578.0 1476.5 2.0 Pedestrian
110 696 3 578.0 1464.0 2.0 Pedestrian
111 708 3 579.5 1451.0 2.0 Pedestrian
112 720 3 581.5 1443.0 2.0 Pedestrian
113 732 3 581.5 1426.0 2.0 Pedestrian
114 744 3 583.5 1413.5 2.0 Pedestrian
115 756 3 583.5 1401.0 2.0 Pedestrian
116 768 3 585.0 1388.5 2.0 Pedestrian
117 780 3 585.0 1376.0 2.0 Pedestrian
118 792 3 592.5 1355.0 2.0 Pedestrian
119 804 3 600.0 1329.5 2.0 Pedestrian
120 756 15 1303.5 1459.5 15.0 Pedestrian
121 768 15 1298.0 1459.5 15.0 Pedestrian
122 780 15 1296.0 1459.5 15.0 Pedestrian
123 792 15 1270.5 1451.5 15.0 Pedestrian
124 804 15 1255.5 1447.0 15.0 Pedestrian
125 816 15 1241.0 1442.5 15.0 Pedestrian
126 828 15 1226.0 1436.5 15.0 Pedestrian
127 840 15 1211.5 1432.5 15.0 Pedestrian
128 852 15 1196.5 1428.5 15.0 Pedestrian
129 864 15 1180.0 1419.5 15.0 Pedestrian
130 876 15 1163.5 1411.5 15.0 Pedestrian
131 888 15 1147.0 1403.0 15.0 Pedestrian
132 900 15 1130.5 1394.5 15.0 Pedestrian
133 912 15 1113.5 1390.5 15.0 Pedestrian
134 924 15 1097.0 1390.5 15.0 Pedestrian
135 936 15 1078.5 1390.5 15.0 Pedestrian
136 948 15 1062.0 1386.5 15.0 Pedestrian
137 960 15 1045.5 1386.5 15.0 Pedestrian
138 972 15 1029.0 1386.5 15.0 Pedestrian
139 984 15 1010.5 1386.5 15.0 Pedestrian
140 816 4 609.0 1306.5 2.0 Pedestrian
141 828 4 616.5 1281.5 2.0 Pedestrian
142 840 4 625.5 1256.5 2.0 Pedestrian
143 852 4 635.0 1235.5 2.0 Pedestrian
144 864 4 635.0 1214.5 2.0 Pedestrian
145 876 4 635.0 1193.5 2.0 Pedestrian
146 888 4 635.0 1177.0 2.0 Pedestrian
147 900 4 636.5 1164.0 2.0 Pedestrian
148 912 4 636.5 1147.5 2.0 Pedestrian
149 924 4 638.5 1135.0 2.0 Pedestrian
150 936 4 640.5 1122.0 2.0 Pedestrian
151 948 4 642.5 1105.5 2.0 Pedestrian
152 960 4 642.5 1093.0 2.0 Pedestrian
153 972 4 644.0 1080.5 2.0 Pedestrian
154 984 4 648.0 1063.5 2.0 Pedestrian
155 996 4 653.5 1047.0 2.0 Pedestrian
156 1008 4 655.0 1028.0 2.0 Pedestrian
157 1020 4 657.0 1009.5 2.0 Pedestrian
158 1032 4 658.0 988.5 2.0 Pedestrian
159 1044 4 660.0 971.5 2.0 Pedestrian
160 996 16 992.0 1386.5 15.0 Pedestrian
161 1008 16 974.5 1384.5 15.0 Pedestrian
162 1020 16 958.5 1384.0 15.0 Pedestrian
163 1032 16 941.5 1382.0 15.0 Pedestrian
164 1044 16 926.0 1382.0 15.0 Pedestrian
165 1056 16 909.0 1382.0 15.0 Pedestrian
166 1068 16 892.5 1380.0 15.0 Pedestrian
167 1080 16 876.0 1377.5 15.0 Pedestrian
168 1092 16 859.5 1377.5 15.0 Pedestrian
169 1104 16 843.0 1373.5 15.0 Pedestrian
170 1116 16 828.0 1373.5 15.0 Pedestrian
171 1128 16 811.5 1373.5 15.0 Pedestrian
172 1140 16 793.0 1369.5 15.0 Pedestrian
173 1152 16 776.5 1369.5 15.0 Pedestrian
174 1164 16 758.0 1369.5 15.0 Pedestrian
175 1176 16 740.0 1369.5 15.0 Pedestrian
176 1188 16 721.5 1369.5 15.0 Pedestrian
177 1200 16 703.0 1369.5 15.0 Pedestrian
178 1212 16 686.5 1369.5 15.0 Pedestrian
179 1224 16 668.0 1369.5 15.0 Pedestrian
180 1092 7 354.0 1103.5 4.0 Pedestrian
181 1104 7 352.0 1111.5 4.0 Pedestrian
182 1116 7 350.5 1124.5 4.0 Pedestrian
183 1128 7 348.5 1141.5 4.0 Pedestrian
184 1140 7 346.5 1153.5 4.0 Pedestrian
185 1152 7 345.0 1166.5 4.0 Pedestrian
186 1164 7 343.0 1183.0 4.0 Pedestrian
187 1176 7 345.0 1195.5 4.0 Pedestrian
188 1188 7 348.5 1212.5 4.0 Pedestrian
189 1200 7 352.0 1229.5 4.0 Pedestrian
190 1212 7 356.0 1246.0 4.0 Pedestrian
191 1224 7 359.5 1258.5 4.0 Pedestrian
192 1236 7 365.0 1275.5 4.0 Pedestrian
193 1248 7 368.5 1292.0 4.0 Pedestrian
194 1260 7 368.5 1304.5 4.0 Pedestrian
195 1272 7 368.5 1321.5 4.0 Pedestrian
196 1284 7 368.5 1333.5 4.0 Pedestrian
197 1296 7 368.5 1350.5 4.0 Pedestrian
198 1308 7 372.5 1363.5 4.0 Pedestrian
199 1320 7 383.5 1380.0 4.0 Pedestrian
200 1092 10 1300.5 1507.5 5.0 Pedestrian
201 1104 10 1289.5 1503.5 5.0 Pedestrian
202 1116 10 1277.0 1499.5 5.0 Pedestrian
203 1128 10 1265.5 1491.0 5.0 Pedestrian
204 1140 10 1253.0 1487.0 5.0 Pedestrian
205 1152 10 1238.0 1478.5 5.0 Pedestrian
206 1164 10 1223.0 1470.0 5.0 Pedestrian
207 1176 10 1208.5 1466.0 5.0 Pedestrian
208 1188 10 1195.5 1457.5 5.0 Pedestrian
209 1200 10 1179.0 1453.5 5.0 Pedestrian
210 1212 10 1162.5 1453.5 5.0 Pedestrian
211 1224 10 1144.0 1453.5 5.0 Pedestrian
212 1236 10 1127.5 1453.5 5.0 Pedestrian
213 1248 10 1109.0 1449.0 5.0 Pedestrian
214 1260 10 1092.5 1449.0 5.0 Pedestrian
215 1272 10 1074.0 1449.0 5.0 Pedestrian
216 1284 10 1057.5 1449.0 5.0 Pedestrian
217 1296 10 1041.0 1449.0 5.0 Pedestrian
218 1308 10 1024.5 1449.0 5.0 Pedestrian
219 1320 10 1008.0 1449.0 5.0 Pedestrian
220 1104 5 1304.5 619.5 3.0 Pedestrian
221 1116 5 1298.5 611.0 3.0 Pedestrian
222 1128 5 1293.5 607.0 3.0 Pedestrian
223 1140 5 1287.5 607.0 3.0 Pedestrian
224 1152 5 1284.0 607.0 3.0 Pedestrian
225 1164 5 1284.0 607.0 3.0 Pedestrian
226 1176 5 1284.0 607.0 3.0 Pedestrian
227 1188 5 1284.0 607.0 3.0 Pedestrian
228 1200 5 1284.0 607.0 3.0 Pedestrian
229 1212 5 1284.0 607.0 3.0 Pedestrian
230 1224 5 1284.0 607.0 3.0 Pedestrian
231 1236 5 1284.0 607.0 3.0 Pedestrian
232 1248 5 1284.0 607.0 3.0 Pedestrian
233 1260 5 1284.0 607.0 3.0 Pedestrian
234 1272 5 1284.0 607.0 3.0 Pedestrian
235 1284 5 1284.0 607.0 3.0 Pedestrian
236 1296 5 1284.0 607.0 3.0 Pedestrian
237 1308 5 1284.0 607.0 3.0 Pedestrian
238 1320 5 1284.0 607.0 3.0 Pedestrian
239 1332 5 1284.0 607.0 3.0 Pedestrian
240 1236 17 651.5 1369.5 15.0 Pedestrian
241 1248 17 633.0 1369.5 15.0 Pedestrian
242 1260 17 616.5 1369.5 15.0 Pedestrian
243 1272 17 598.0 1369.5 15.0 Pedestrian
244 1284 17 581.5 1369.5 15.0 Pedestrian
245 1296 17 563.0 1369.5 15.0 Pedestrian
246 1308 17 548.5 1365.5 15.0 Pedestrian
247 1320 17 533.5 1365.5 15.0 Pedestrian
248 1332 17 519.0 1365.5 15.0 Pedestrian
249 1344 17 502.0 1365.5 15.0 Pedestrian
250 1356 17 487.5 1361.5 15.0 Pedestrian
251 1368 17 469.0 1361.5 15.0 Pedestrian
252 1380 17 452.5 1361.5 15.0 Pedestrian
253 1392 17 436.0 1361.5 15.0 Pedestrian
254 1404 17 419.5 1361.5 15.0 Pedestrian
255 1416 17 401.0 1361.5 15.0 Pedestrian
256 1428 17 382.5 1365.5 15.0 Pedestrian
257 1440 17 362.5 1373.5 15.0 Pedestrian
258 1452 17 344.0 1377.5 15.0 Pedestrian
259 1464 17 329.0 1373.5 15.0 Pedestrian
260 1332 8 394.5 1388.5 4.0 Pedestrian
261 1344 8 405.5 1401.0 4.0 Pedestrian
262 1356 8 416.5 1409.5 4.0 Pedestrian
263 1368 8 427.5 1417.5 4.0 Pedestrian
264 1380 8 442.5 1421.5 4.0 Pedestrian
265 1392 8 457.0 1430.5 4.0 Pedestrian
266 1404 8 470.0 1434.5 4.0 Pedestrian
267 1416 8 484.5 1442.5 4.0 Pedestrian
268 1428 8 496.0 1451.5 4.0 Pedestrian
269 1440 8 505.0 1463.5 4.0 Pedestrian
270 1452 8 514.5 1476.5 4.0 Pedestrian
271 1464 8 523.5 1489.0 4.0 Pedestrian
272 1476 8 532.5 1501.5 4.0 Pedestrian
273 1488 8 532.5 1514.0 4.0 Pedestrian
274 1500 8 532.5 1526.5 4.0 Pedestrian
275 1512 8 530.0 1539.5 4.0 Pedestrian
276 1524 8 528.0 1554.0 4.0 Pedestrian
277 1536 8 526.0 1568.5 4.0 Pedestrian
278 1548 8 525.0 1583.0 4.0 Pedestrian
279 1560 8 523.5 1598.0 4.0 Pedestrian
280 1332 11 991.0 1449.0 5.0 Pedestrian
281 1344 11 974.5 1449.0 5.0 Pedestrian
282 1356 11 960.0 1449.0 5.0 Pedestrian
283 1368 11 949.0 1449.0 5.0 Pedestrian
284 1380 11 938.0 1449.0 5.0 Pedestrian
285 1392 11 927.0 1449.0 5.0 Pedestrian
286 1404 11 916.0 1449.0 5.0 Pedestrian
287 1416 11 903.0 1445.0 5.0 Pedestrian
288 1428 11 879.0 1436.5 5.0 Pedestrian
289 1440 11 855.0 1428.0 5.0 Pedestrian
290 1452 11 831.0 1419.5 5.0 Pedestrian
291 1464 11 809.0 1415.5 5.0 Pedestrian
292 1476 11 794.0 1415.5 5.0 Pedestrian
293 1488 11 779.5 1419.5 5.0 Pedestrian
294 1500 11 765.0 1424.0 5.0 Pedestrian
295 1512 11 719.5 1430.5 5.0 Pedestrian
296 1524 11 714.0 1426.0 5.0 Pedestrian
297 1536 11 697.5 1426.0 5.0 Pedestrian
298 1548 11 682.5 1426.0 5.0 Pedestrian
299 1560 11 668.0 1426.0 5.0 Pedestrian
300 1344 6 1294.56 638.99 3.0 Pedestrian
301 1356 6 1295.07 640.92 3.0 Pedestrian
302 1368 6 1295.59 642.85 3.0 Pedestrian
303 1380 6 1296.1 644.78 3.0 Pedestrian
304 1392 6 1296.62 646.7 3.0 Pedestrian
305 1404 6 1297.13 648.63 3.0 Pedestrian
306 1416 6 1297.65 650.56 3.0 Pedestrian
307 1428 6 1298.17 652.49 3.0 Pedestrian
308 1440 6 1298.68 654.42 3.0 Pedestrian
309 1452 6 1299.2 656.35 3.0 Pedestrian
310 1464 6 1299.71 658.28 3.0 Pedestrian
311 1476 6 1300.23 660.21 3.0 Pedestrian
312 1488 6 1300.75 662.14 3.0 Pedestrian
313 1500 6 1301.26 664.07 3.0 Pedestrian
314 1512 6 1301.78 665.99 3.0 Pedestrian
315 1524 6 1302.29 667.92 3.0 Pedestrian
316 1536 6 1302.81 669.85 3.0 Pedestrian
317 1548 6 1303.33 671.78 3.0 Pedestrian
318 1560 6 1303.84 673.71 3.0 Pedestrian
319 1572 6 1304.36 675.64 3.0 Pedestrian
320 1380 13 1308.0 1564.5 13.0 Pedestrian
321 1392 13 1300.5 1551.5 13.0 Pedestrian
322 1404 13 1295.0 1543.5 13.0 Pedestrian
323 1416 13 1288.0 1530.5 13.0 Pedestrian
324 1428 13 1282.0 1518.5 13.0 Pedestrian
325 1440 13 1271.0 1514.0 13.0 Pedestrian
326 1452 13 1262.0 1505.5 13.0 Pedestrian
327 1464 13 1253.0 1501.5 13.0 Pedestrian
328 1476 13 1238.0 1493.5 13.0 Pedestrian
329 1488 13 1229.0 1480.5 13.0 Pedestrian
330 1500 13 1219.5 1472.5 13.0 Pedestrian
331 1512 13 1208.5 1461.5 13.0 Pedestrian
332 1524 13 1197.5 1453.0 13.0 Pedestrian
333 1536 13 1186.5 1445.0 13.0 Pedestrian
334 1548 13 1175.5 1436.5 13.0 Pedestrian
335 1560 13 1165.0 1428.5 13.0 Pedestrian
336 1572 13 1152.0 1423.5 13.0 Pedestrian
337 1584 13 1139.5 1419.5 13.0 Pedestrian
338 1596 13 1128.5 1415.5 13.0 Pedestrian
339 1608 13 1115.5 1411.5 13.0 Pedestrian
340 1572 9 521.5 1612.5 4.0 Pedestrian
341 1584 9 521.0 1627.0 4.0 Pedestrian
342 1596 9 519.0 1642.0 4.0 Pedestrian
343 1608 9 517.0 1656.0 4.0 Pedestrian
344 1620 9 516.0 1671.0 4.0 Pedestrian
345 1632 9 514.0 1686.0 4.0 Pedestrian
346 1644 9 512.0 1700.5 4.0 Pedestrian
347 1656 9 511.5 1717.0 4.0 Pedestrian
348 1668 9 510.0 1730.0 4.0 Pedestrian
349 1680 9 508.0 1744.5 4.0 Pedestrian
350 1692 9 507.0 1759.0 4.0 Pedestrian
351 1704 9 505.0 1774.0 4.0 Pedestrian
352 1716 9 503.0 1788.5 4.0 Pedestrian
353 1728 9 502.5 1803.0 4.0 Pedestrian
354 1740 9 500.5 1818.0 4.0 Pedestrian
355 1752 9 498.5 1832.5 4.0 Pedestrian
356 1764 9 496.5 1849.5 4.0 Pedestrian
357 1776 9 495.0 1870.5 4.0 Pedestrian
358 1788 9 493.0 1887.0 4.0 Pedestrian
359 1800 9 491.0 1903.5 4.0 Pedestrian
360 1572 12 651.5 1421.5 5.0 Pedestrian
361 1584 12 636.5 1421.5 5.0 Pedestrian
362 1596 12 620.0 1421.5 5.0 Pedestrian
363 1608 12 605.5 1421.5 5.0 Pedestrian
364 1620 12 590.5 1417.5 5.0 Pedestrian
365 1632 12 574.0 1417.5 5.0 Pedestrian
366 1644 12 559.5 1417.5 5.0 Pedestrian
367 1656 12 542.5 1417.5 5.0 Pedestrian
368 1668 12 528.0 1413.5 5.0 Pedestrian
369 1680 12 513.5 1413.5 5.0 Pedestrian
370 1692 12 496.5 1413.5 5.0 Pedestrian
371 1704 12 482.0 1413.5 5.0 Pedestrian
372 1716 12 465.5 1409.5 5.0 Pedestrian
373 1728 12 450.5 1409.5 5.0 Pedestrian
374 1740 12 436.0 1409.5 5.0 Pedestrian
375 1752 12 419.5 1409.5 5.0 Pedestrian
376 1764 12 401.0 1411.5 5.0 Pedestrian
377 1776 12 384.5 1413.5 5.0 Pedestrian
378 1788 12 366.0 1417.5 5.0 Pedestrian
379 1800 12 349.5 1421.5 5.0 Pedestrian
380 1620 14 1104.5 1407.5 13.0 Pedestrian
381 1632 14 1092.0 1403.0 13.0 Pedestrian
382 1644 14 1079.0 1403.0 13.0 Pedestrian
383 1656 14 1068.0 1398.5 13.0 Pedestrian
384 1668 14 1055.0 1398.5 13.0 Pedestrian
385 1680 14 1042.0 1398.5 13.0 Pedestrian
386 1692 14 1027.0 1403.0 13.0 Pedestrian
387 1704 14 1014.0 1403.0 13.0 Pedestrian
388 1716 14 1001.0 1407.5 13.0 Pedestrian
389 1728 14 988.5 1407.5 13.0 Pedestrian
390 1740 14 976.0 1407.5 13.0 Pedestrian
391 1752 14 964.5 1407.5 13.0 Pedestrian
392 1764 14 953.5 1407.5 13.0 Pedestrian
393 1776 14 941.0 1407.5 13.0 Pedestrian
394 1788 14 929.5 1407.5 13.0 Pedestrian
395 1800 14 918.5 1407.5 13.0 Pedestrian
396 1812 14 906.0 1407.5 13.0 Pedestrian
397 1824 14 894.5 1403.0 13.0 Pedestrian
398 1836 14 883.5 1403.0 13.0 Pedestrian
399 1848 14 871.0 1403.0 13.0 Pedestrian
