0 60 15 1096.5 85.5 10.0 Pedestrian
1 72 15 1098.0 100.0 10.0 Pedestrian
2 84 15 1101.5 118.5 10.0 Pedestrian
3 96 15 1105.5 140.5 10.0 Pedestrian
4 108 15 1107.0 159.0 10.0 Pedestrian
5 120 15 1110.5 177.0 10.0 Pedestrian
6 132 15 1114.0 195.5 10.0 Pedestrian
7 144 15 1114.0 203.0 10.0 Pedestrian
8 156 15 1114.0 214.0 10.0 Pedestrian
9 168 15 1115.5 225.0 10.0 Pedestrian
10 180 15 1115.5 232.0 10.0 Pedestrian
11 192 15 1117.5 243.0 10.0 Pedestrian
12 204 15 1117.5 254.0 10.0 Pedestrian
13 216 15 1119.5 261.5 10.0 Pedestrian
14 228 15 1119.5 272.5 10.0 Pedestrian
15 240 15 1121.5 283.5 10.0 Pedestrian
16 252 15 1121.5 291.0 10.0 Pedestrian
17 264 15 1121.5 305.5 10.0 Pedestrian
18 276 15 1121.5 325.5 10.0 Pedestrian
19 288 15 1119.5 344.0 10.0 Pedestrian
20 60 39 1103.0 816.5 39.0 Pedestrian
21 72 39 1103.0 816.5 39.0 Pedestrian
22 84 39 1104.0 816.5 39.0 Pedestrian
23 96 39 1105.0 816.5 39.0 Pedestrian
24 108 39 1106.0 816.5 39.0 Pedestrian
25 120 39 1107.0 816.5 39.0 Pedestrian
26 132 39 1108.0 816.5 39.0 Pedestrian
27 144 39 1109.0 816.5 39.0 Pedestrian
28 156 39 1109.5 816.5 39.0 Pedestrian
29 168 39 1109.5 816.5 39.0 Pedestrian
30 180 39 1111.5 813.0 39.0 Pedestrian
31 192 39 1111.5 813.0 39.0 Pedestrian
32 204 39 1111.5 813.0 39.0 Pedestrian
33 216 39 1111.5 813.0 39.0 Pedestrian
34 228 39 1111.5 813.0 39.0 Pedestrian
35 240 39 1111.5 813.0 39.0 Pedestrian
36 252 39 1111.5 813.0 39.0 Pedestrian
37 264 39 1111.5 813.0 39.0 Pedestrian
38 276 39 1113.0 813.0 39.0 Pedestrian
39 288 39 1113.0 813.0 39.0 Pedestrian
40 72 30 1033.5 1044.0 19.0 Pedestrian
41 84 30 1042.5 1044.0 19.0 Pedestrian
42 96 30 1051.5 1042.0 19.0 Pedestrian
43 108 30 1061.5 1042.0 19.0 Pedestrian
44 120 30 1070.5 1038.5 19.0 Pedestrian
45 132 30 1079.5 1038.5 19.0 Pedestrian
46 144 30 1088.5 1036.5 19.0 Pedestrian
47 156 30 1097.5 1036.5 19.0 Pedestrian
48 168 30 1107.5 1033.0 19.0 Pedestrian
49 180 30 1118.5 1033.0 19.0 Pedestrian
50 192 30 1129.5 1033.0 19.0 Pedestrian
51 204 30 1140.0 1029.5 19.0 Pedestrian
52 216 30 1150.5 1029.5 19.0 Pedestrian
53 228 30 1161.5 1029.5 19.0 Pedestrian
54 240 30 1173.5 1029.5 19.0 Pedestrian
55 252 30 1186.5 1029.5 19.0 Pedestrian
56 264 30 1197.0 1029.5 19.0 Pedestrian
57 276 30 1209.5 1029.5 19.0 Pedestrian
58 288 30 1220.5 1029.5 19.0 Pedestrian
59 300 30 1230.5 1025.5 19.0 Pedestrian
60 72 31 999.0 996.0 20.0 Pedestrian
61 84 31 1008.0 996.0 20.0 Pedestrian
62 96 31 1017.0 996.0 20.0 Pedestrian
63 108 31 1025.5 996.0 20.0 Pedestrian
64 120 31 1034.5 996.0 20.0 Pedestrian
65 132 31 1043.5 996.0 20.0 Pedestrian
66 144 31 1052.5 996.0 20.0 Pedestrian
67 156 31 1061.5 996.0 20.0 Pedestrian
68 168 31 1072.5 993.0 20.0 Pedestrian
69 180 31 1083.0 993.0 20.0 Pedestrian
70 192 31 1095.5 993.0 20.0 Pedestrian
71 204 31 1106.0 989.0 20.0 Pedestrian
72 216 31 1118.5 989.0 20.0 Pedestrian
73 228 31 1129.5 989.0 20.0 Pedestrian
74 240 31 1140.0 985.0 20.0 Pedestrian
75 252 31 1148.5 985.0 20.0 Pedestrian
76 264 31 1157.5 985.0 20.0 Pedestrian
77 276 31 1166.5 985.0 20.0 Pedestrian
78 288 31 1175.5 985.0 20.0 Pedestrian
79 300 31 1186.5 982.0 20.0 Pedestrian
80 72 32 1001.5 1027.5 21.0 Pedestrian
81 84 32 1010.5 1027.5 21.0 Pedestrian
82 96 32 1019.5 1027.5 21.0 Pedestrian
83 108 32 1028.5 1027.5 21.0 Pedestrian
84 120 32 1037.5 1024.0 21.0 Pedestrian
85 132 32 1046.5 1024.0 21.0 Pedestrian
86 144 32 1055.5 1024.0 21.0 Pedestrian
87 156 32 1064.5 1024.0 21.0 Pedestrian
88 168 32 1074.5 1020.0 21.0 Pedestrian
89 180 32 1085.5 1020.0 21.0 Pedestrian
90 192 32 1096.5 1016.5 21.0 Pedestrian
91 204 32 1106.5 1016.5 21.0 Pedestrian
92 216 32 1117.5 1013.0 21.0 Pedestrian
93 228 32 1128.5 1013.0 21.0 Pedestrian
94 240 32 1139.5 1013.0 21.0 Pedestrian
95 252 32 1147.5 1013.0 21.0 Pedestrian
96 264 32 1158.5 1013.0 21.0 Pedestrian
97 276 32 1167.5 1013.0 21.0 Pedestrian
98 288 32 1178.5 1013.0 21.0 Pedestrian
99 300 32 1189.0 1009.0 21.0 Pedestrian
100 72 55 1152.5 943.5 48.0 Pedestrian
101 84 55 1145.0 943.5 48.0 Pedestrian
102 96 55 1138.0 943.5 48.0 Pedestrian
103 108 55 1131.0 941.5 48.0 Pedestrian
104 120 55 1124.0 939.5 48.0 Pedestrian
105 132 55 1117.0 937.5 48.0 Pedestrian
106 144 55 1109.5 937.5 48.0 Pedestrian
107 156 55 1102.5 937.5 48.0 Pedestrian
108 168 55 1093.5 934.0 48.0 Pedestrian
109 180 55 1085.0 934.0 48.0 Pedestrian
110 192 55 1076.0 934.0 48.0 Pedestrian
111 204 55 1067.0 934.0 48.0 Pedestrian
112 216 55 1058.0 934.0 48.0 Pedestrian
113 228 55 1049.0 934.0 48.0 Pedestrian
114 240 55 1042.0 930.5 48.0 Pedestrian
115 252 55 1035.0 930.5 48.0 Pedestrian
116 264 55 1027.5 930.5 48.0 Pedestrian
117 276 55 1020.5 930.5 48.0 Pedestrian
118 288 55 1013.0 930.5 48.0 Pedestrian
119 300 55 1007.0 930.5 48.0 Pedestrian
120 72 57 1160.5 906.5 49.0 Pedestrian
121 84 57 1153.0 906.5 49.0 Pedestrian
122 96 57 1146.0 906.5 49.0 Pedestrian
123 108 57 1141.0 902.5 49.0 Pedestrian
124 120 57 1134.0 902.5 49.0 Pedestrian
125 132 57 1128.0 899.5 49.0 Pedestrian
126 144 57 1121.0 899.5 49.0 Pedestrian
127 156 57 1114.0 899.5 49.0 Pedestrian
128 168 57 1107.0 895.5 49.0 Pedestrian
129 180 57 1098.0 895.5 49.0 Pedestrian
130 192 57 1091.0 891.5 49.0 Pedestrian
131 204 57 1082.0 891.5 49.0 Pedestrian
132 216 57 1075.0 888.5 49.0 Pedestrian
133 228 57 1066.0 888.5 49.0 Pedestrian
134 240 57 1059.0 884.5 49.0 Pedestrian
135 252 57 1050.0 884.5 49.0 Pedestrian
136 264 57 1043.0 884.5 49.0 Pedestrian
137 276 57 1036.0 884.5 49.0 Pedestrian
138 288 57 1028.5 884.5 49.0 Pedestrian
139 300 57 1020.0 884.5 49.0 Pedestrian
140 72 67 1028.5 1013.0 58.0 Pedestrian
141 84 67 1037.5 1013.0 58.0 Pedestrian
142 96 67 1046.5 1011.0 58.0 Pedestrian
143 108 67 1055.5 1009.0 58.0 Pedestrian
144 120 67 1064.0 1007.5 58.0 Pedestrian
145 132 67 1071.5 1005.5 58.0 Pedestrian
146 144 67 1080.0 1003.5 58.0 Pedestrian
147 156 67 1089.0 1003.5 58.0 Pedestrian
148 168 67 1100.0 1000.0 58.0 Pedestrian
149 180 67 1112.5 996.5 58.0 Pedestrian
150 192 67 1123.0 992.5 58.0 Pedestrian
151 204 67 1135.5 989.0 58.0 Pedestrian
152 216 67 1148.0 989.0 58.0 Pedestrian
153 228 67 1158.5 985.5 58.0 Pedestrian
154 240 67 1169.5 985.5 58.0 Pedestrian
155 252 67 1180.0 985.5 58.0 Pedestrian
156 264 67 1191.0 985.5 58.0 Pedestrian
157 276 67 1201.5 985.5 58.0 Pedestrian
158 288 67 1212.0 985.5 58.0 Pedestrian
159 300 67 1223.0 985.5 58.0 Pedestrian
160 84 63 1020.5 888.0 55.0 Pedestrian
161 96 63 1020.5 899.0 55.0 Pedestrian
162 108 63 1020.5 910.0 55.0 Pedestrian
163 120 63 1020.5 919.0 55.0 Pedestrian
164 132 63 1020.5 928.5 55.0 Pedestrian
165 144 63 1020.5 938.0 55.0 Pedestrian
166 156 63 1020.5 949.0 55.0 Pedestrian
167 168 63 1020.5 963.0 55.0 Pedestrian
168 180 63 1020.5 978.0 55.0 Pedestrian
169 192 63 1024.0 982.0 55.0 Pedestrian
170 204 63 1027.5 989.0 55.0 Pedestrian
171 216 63 1033.0 996.0 55.0 Pedestrian
172 228 63 1036.5 1004.0 55.0 Pedestrian
173 240 63 1042.0 1011.0 55.0 Pedestrian
174 252 63 1045.5 1015.0 55.0 Pedestrian
175 264 63 1049.0 1022.0 55.0 Pedestrian
176 276 63 1052.5 1033.0 55.0 Pedestrian
177 288 63 1056.0 1044.0 55.0 Pedestrian
178 300 63 1060.0 1051.0 55.0 Pedestrian
179 312 63 1061.5 1062.0 55.0 Pedestrian
180 96 6 609.5 1333.5 6.0 Pedestrian
181 108 6 604.0 1329.5 6.0 Pedestrian
182 120 6 595.0 1329.5 6.0 Pedestrian
183 132 6 588.0 1326.0 6.0 Pedestrian
184 144 6 581.0 1326.0 6.0 Pedestrian
185 156 6 575.5 1322.5 6.0 Pedestrian
186 168 6 575.5 1322.5 6.0 Pedestrian
187 180 6 574.0 1322.5 6.0 Pedestrian
188 192 6 574.0 1322.5 6.0 Pedestrian
189 204 6 572.0 1322.5 6.0 Pedestrian
190 216 6 572.0 1322.5 6.0 Pedestrian
191 228 6 570.0 1322.5 6.0 Pedestrian
192 240 6 570.0 1322.5 6.0 Pedestrian
193 252 6 570.0 1322.5 6.0 Pedestrian
194 264 6 568.5 1322.5 6.0 Pedestrian
195 276 6 568.5 1322.5 6.0 Pedestrian
196 288 6 566.5 1322.5 6.0 Pedestrian
197 300 6 566.5 1322.5 6.0 Pedestrian
198 312 6 565.0 1322.5 6.0 Pedestrian
199 324 6 565.0 1322.5 6.0 Pedestrian
200 108 41 681.5 1326.0 41.0 Pedestrian
201 120 41 676.5 1326.0 41.0 Pedestrian
202 132 41 670.5 1329.5 41.0 Pedestrian
203 144 41 663.5 1329.5 41.0 Pedestrian
204 156 41 660.5 1329.5 41.0 Pedestrian
205 168 41 660.5 1329.5 41.0 Pedestrian
206 180 41 660.5 1329.5 41.0 Pedestrian
207 192 41 658.5 1329.5 41.0 Pedestrian
208 204 41 658.5 1329.5 41.0 Pedestrian
209 216 41 658.5 1329.5 41.0 Pedestrian
210 228 41 656.5 1329.5 41.0 Pedestrian
211 240 41 656.5 1329.5 41.0 Pedestrian
212 252 41 656.5 1326.0 41.0 Pedestrian
213 264 41 656.5 1326.0 41.0 Pedestrian
214 276 41 654.5 1326.0 41.0 Pedestrian
215 288 41 654.5 1326.0 41.0 Pedestrian
216 300 41 654.5 1326.0 41.0 Pedestrian
217 312 41 653.5 1326.0 41.0 Pedestrian
218 324 41 653.5 1326.0 41.0 Pedestrian
219 336 41 653.5 1326.0 41.0 Pedestrian
220 120 24 313.0 1038.5 17.0 Pedestrian
221 132 24 319.0 1035.0 17.0 Pedestrian
222 144 24 326.0 1031.0 17.0 Pedestrian
223 156 24 331.0 1031.0 17.0 Pedestrian
224 168 24 338.0 1027.5 17.0 Pedestrian
225 180 24 345.5 1027.5 17.0 Pedestrian
226 192 24 351.0 1024.0 17.0 Pedestrian
227 204 24 358.0 1024.0 17.0 Pedestrian
228 216 24 367.0 1024.0 17.0 Pedestrian
229 228 24 374.0 1024.0 17.0 Pedestrian
230 240 24 381.0 1020.0 17.0 Pedestrian
231 252 24 388.0 1020.0 17.0 Pedestrian
232 264 24 395.0 1020.0 17.0 Pedestrian
233 276 24 404.0 1020.0 17.0 Pedestrian
234 288 24 411.5 1016.5 17.0 Pedestrian
235 300 24 419.0 1016.5 17.0 Pedestrian
236 312 24 426.0 1016.5 17.0 Pedestrian
237 324 24 433.0 1016.5 17.0 Pedestrian
238 336 24 442.0 1013.0 17.0 Pedestrian
239 348 24 449.0 1013.0 17.0 Pedestrian
240 120 27 316.0 1068.0 18.0 Pedestrian
241 132 27 321.5 1064.0 18.0 Pedestrian
242 144 27 326.5 1060.5 18.0 Pedestrian
243 156 27 332.5 1057.0 18.0 Pedestrian
244 168 27 338.5 1057.0 18.0 Pedestrian
245 180 27 343.5 1053.0 18.0 Pedestrian
246 192 27 349.5 1049.5 18.0 Pedestrian
247 204 27 357.5 1049.5 18.0 Pedestrian
248 216 27 365.5 1049.5 18.0 Pedestrian
249 228 27 372.5 1049.5 18.0 Pedestrian
250 240 27 379.5 1046.0 18.0 Pedestrian
251 252 27 388.5 1046.0 18.0 Pedestrian
252 264 27 395.5 1046.0 18.0 Pedestrian
253 276 27 402.5 1046.0 18.0 Pedestrian
254 288 27 411.5 1042.0 18.0 Pedestrian
255 300 27 418.5 1042.0 18.0 Pedestrian
256 312 27 425.5 1042.0 18.0 Pedestrian
257 324 27 432.5 1042.0 18.0 Pedestrian
258 336 27 441.5 1038.5 18.0 Pedestrian
259 348 27 448.5 1038.5 18.0 Pedestrian
260 120 48 804.0 1212.5 43.0 Pedestrian
261 132 48 800.0 1194.0 43.0 Pedestrian
262 144 48 798.5 1179.5 43.0 Pedestrian
263 156 48 795.0 1161.0 43.0 Pedestrian
264 168 48 793.0 1146.5 43.0 Pedestrian
265 180 48 791.0 1128.5 43.0 Pedestrian
266 192 48 788.0 1113.5 43.0 Pedestrian
267 204 48 786.0 1099.0 43.0 Pedestrian
268 216 48 784.0 1088.0 43.0 Pedestrian
269 228 48 782.5 1077.0 43.0 Pedestrian
270 240 48 780.5 1066.0 43.0 Pedestrian
271 252 48 779.0 1055.0 43.0 Pedestrian
272 264 48 777.0 1044.0 43.0 Pedestrian
273 276 48 775.0 1033.0 43.0 Pedestrian
274 288 48 773.5 1022.0 43.0 Pedestrian
275 300 48 773.5 1014.5 43.0 Pedestrian
276 312 48 770.0 1000.0 43.0 Pedestrian
277 324 48 766.5 985.5 43.0 Pedestrian
278 336 48 763.0 970.5 43.0 Pedestrian
279 348 48 759.0 959.5 43.0 Pedestrian
280 120 49 581.5 947.0 44.0 Pedestrian
281 132 49 589.0 939.5 44.0 Pedestrian
282 144 49 598.0 936.0 44.0 Pedestrian
283 156 49 605.0 932.0 44.0 Pedestrian
284 168 49 614.0 928.5 44.0 Pedestrian
285 180 49 624.5 928.5 44.0 Pedestrian
286 192 49 637.0 928.5 44.0 Pedestrian
287 204 49 647.5 928.5 44.0 Pedestrian
288 216 49 660.5 932.0 44.0 Pedestrian
289 228 49 671.0 932.0 44.0 Pedestrian
290 240 49 683.5 932.0 44.0 Pedestrian
291 252 49 694.0 936.0 44.0 Pedestrian
292 264 49 703.0 936.0 44.0 Pedestrian
293 276 49 713.5 938.0 44.0 Pedestrian
294 288 49 722.5 938.0 44.0 Pedestrian
295 300 49 728.0 934.0 44.0 Pedestrian
296 312 49 733.5 927.0 44.0 Pedestrian
297 324 49 738.5 919.0 44.0 Pedestrian
298 336 49 747.5 919.0 44.0 Pedestrian
299 348 49 756.5 916.0 44.0 Pedestrian
300 120 68 324.5 1084.0 59.0 Pedestrian
301 132 68 329.5 1084.0 59.0 Pedestrian
302 144 68 334.5 1084.0 59.0 Pedestrian
303 156 68 340.5 1084.0 59.0 Pedestrian
304 168 68 345.5 1084.0 59.0 Pedestrian
305 180 68 350.5 1084.0 59.0 Pedestrian
306 192 68 356.5 1081.0 59.0 Pedestrian
307 204 68 365.5 1081.0 59.0 Pedestrian
308 216 68 372.5 1081.0 59.0 Pedestrian
309 228 68 379.5 1077.0 59.0 Pedestrian
310 240 68 388.5 1077.0 59.0 Pedestrian
311 252 68 395.5 1073.0 59.0 Pedestrian
312 264 68 402.5 1073.0 59.0 Pedestrian
313 276 68 411.5 1070.0 59.0 Pedestrian
314 288 68 418.5 1070.0 59.0 Pedestrian
315 300 68 427.5 1070.0 59.0 Pedestrian
316 312 68 434.5 1066.0 59.0 Pedestrian
317 324 68 441.5 1066.0 59.0 Pedestrian
318 336 68 450.5 1062.0 59.0 Pedestrian
319 348 68 457.5 1062.0 59.0 Pedestrian
320 144 21 125.0 1062.5 16.0 Pedestrian
321 156 21 138.0 1062.5 16.0 Pedestrian
322 168 21 150.0 1060.5 16.0 Pedestrian
323 180 21 161.0 1058.5 16.0 Pedestrian
324 192 21 173.0 1055.0 16.0 Pedestrian
325 204 21 186.0 1055.0 16.0 Pedestrian
326 216 21 197.5 1055.0 16.0 Pedestrian
327 228 21 209.0 1055.0 16.0 Pedestrian
328 240 21 221.5 1051.5 16.0 Pedestrian
329 252 21 233.0 1051.5 16.0 Pedestrian
330 264 21 246.0 1051.5 16.0 Pedestrian
331 276 21 258.0 1051.5 16.0 Pedestrian
332 288 21 269.0 1047.5 16.0 Pedestrian
333 300 21 281.0 1047.5 16.0 Pedestrian
334 312 21 294.0 1047.5 16.0 Pedestrian
335 324 21 306.0 1047.5 16.0 Pedestrian
336 336 21 317.0 1047.5 16.0 Pedestrian
337 348 21 329.0 1047.5 16.0 Pedestrian
338 360 21 342.0 1047.5 16.0 Pedestrian
339 372 21 353.0 1047.5 16.0 Pedestrian
340 180 53 1015.5 1294.5 47.0 Pedestrian
341 192 53 1018.5 1302.5 47.0 Pedestrian
342 204 53 1024.5 1313.5 47.0 Pedestrian
343 216 53 1029.5 1324.5 47.0 Pedestrian
344 228 53 1034.5 1331.5 47.0 Pedestrian
345 240 53 1040.5 1342.5 47.0 Pedestrian
346 252 53 1045.5 1353.5 47.0 Pedestrian
347 264 53 1050.5 1360.5 47.0 Pedestrian
348 276 53 1056.5 1371.5 47.0 Pedestrian
349 288 53 1061.5 1382.5 47.0 Pedestrian
350 300 53 1066.5 1390.5 47.0 Pedestrian
351 312 53 1072.5 1401.5 47.0 Pedestrian
352 324 53 1077.5 1412.5 47.0 Pedestrian
353 336 53 1082.5 1419.5 47.0 Pedestrian
354 348 53 1088.5 1430.5 47.0 Pedestrian
355 360 53 1093.5 1441.5 47.0 Pedestrian
356 372 53 1098.5 1448.5 47.0 Pedestrian
357 384 53 1104.5 1459.5 47.0 Pedestrian
358 396 53 1109.5 1470.5 47.0 Pedestrian
359 408 53 1114.5 1481.5 47.0 Pedestrian
360 216 45 882.5 1399.5 42.0 Pedestrian
361 228 45 873.5 1388.5 42.0 Pedestrian
362 240 45 864.5 1377.5 42.0 Pedestrian
363 252 45 855.5 1366.5 42.0 Pedestrian
364 264 45 850.5 1359.0 42.0 Pedestrian
365 276 45 844.5 1351.5 42.0 Pedestrian
366 288 45 839.5 1344.5 42.0 Pedestrian
367 300 45 834.0 1337.0 42.0 Pedestrian
368 312 45 828.5 1329.5 42.0 Pedestrian
369 324 45 821.5 1322.5 42.0 Pedestrian
370 336 45 814.5 1311.5 42.0 Pedestrian
371 348 45 807.5 1300.5 42.0 Pedestrian
372 360 45 800.5 1293.0 42.0 Pedestrian
373 372 45 796.5 1278.5 42.0 Pedestrian
374 384 45 794.5 1267.5 42.0 Pedestrian
375 396 45 793.0 1252.5 42.0 Pedestrian
376 408 45 787.5 1241.5 42.0 Pedestrian
377 420 45 778.5 1234.5 42.0 Pedestrian
378 432 45 770.0 1223.5 42.0 Pedestrian
379 444 45 761.0 1216.0 42.0 Pedestrian
380 228 12 32.5 1007.0 9.0 Pedestrian
381 240 12 32.5 1007.0 9.0 Pedestrian
382 252 12 48.5 1011.0 9.0 Pedestrian
383 264 12 64.5 1015.0 9.0 Pedestrian
384 276 12 71.5 1015.0 9.0 Pedestrian
385 288 12 78.5 1011.0 9.0 Pedestrian
386 300 12 86.0 1007.0 9.0 Pedestrian
387 312 12 93.5 1004.0 9.0 Pedestrian
388 324 12 102.0 1004.0 9.0 Pedestrian
389 336 12 109.5 1000.0 9.0 Pedestrian
390 348 12 116.5 996.0 9.0 Pedestrian
391 360 12 123.5 996.0 9.0 Pedestrian
392 372 12 141.5 996.0 9.0 Pedestrian
393 384 12 160.0 996.0 9.0 Pedestrian
394 396 12 168.5 996.0 9.0 Pedestrian
395 408 12 161.5 989.0 9.0 Pedestrian
396 420 12 167.5 982.0 9.0 Pedestrian
397 432 12 175.5 974.0 9.0 Pedestrian
398 444 12 184.0 974.0 9.0 Pedestrian
399 456 12 194.5 974.0 9.0 Pedestrian
400 228 50 26.0 981.5 45.0 Pedestrian
401 240 50 32.0 981.5 45.0 Pedestrian
402 252 50 42.0 981.5 45.0 Pedestrian
403 264 50 53.0 981.5 45.0 Pedestrian
404 276 50 65.5 981.5 45.0 Pedestrian
405 288 50 76.0 978.0 45.0 Pedestrian
406 300 50 87.0 978.0 45.0 Pedestrian
407 312 50 98.0 978.0 45.0 Pedestrian
408 324 50 108.0 978.0 45.0 Pedestrian
409 336 50 119.0 978.0 45.0 Pedestrian
410 348 50 130.0 974.5 45.0 Pedestrian
411 360 50 142.0 974.5 45.0 Pedestrian
412 372 50 153.0 974.5 45.0 Pedestrian
413 384 50 164.0 974.5 45.0 Pedestrian
414 396 50 169.0 970.5 45.0 Pedestrian
415 408 50 164.0 963.5 45.0 Pedestrian
416 420 50 167.0 959.5 45.0 Pedestrian
417 432 50 174.0 956.0 45.0 Pedestrian
418 444 50 181.0 952.5 45.0 Pedestrian
419 456 50 190.0 948.5 45.0 Pedestrian
420 276 59 1261.0 917.5 51.0 Pedestrian
421 288 59 1254.0 914.0 51.0 Pedestrian
422 300 59 1243.5 910.0 51.0 Pedestrian
423 312 59 1231.0 903.0 51.0 Pedestrian
424 324 59 1220.0 899.0 51.0 Pedestrian
425 336 59 1209.5 899.0 51.0 Pedestrian
426 348 59 1199.0 899.0 51.0 Pedestrian
427 360 59 1186.5 899.0 51.0 Pedestrian
428 372 59 1175.5 899.0 51.0 Pedestrian
429 384 59 1165.0 897.0 51.0 Pedestrian
430 396 59 1152.5 894.0 51.0 Pedestrian
431 408 59 1138.0 890.0 51.0 Pedestrian
432 420 59 1125.5 890.0 51.0 Pedestrian
433 432 59 1111.5 890.0 51.0 Pedestrian
434 444 59 1098.0 890.0 51.0 Pedestrian
435 456 59 1083.5 890.0 51.0 Pedestrian
436 468 59 1069.5 888.0 51.0 Pedestrian
437 480 59 1054.5 884.5 51.0 Pedestrian
438 492 59 1048.0 883.0 51.0 Pedestrian
439 504 59 1037.0 881.0 51.0 Pedestrian
440 276 61 813.5 122.5 52.0 Pedestrian
441 288 61 806.5 111.5 52.0 Pedestrian
442 300 61 801.5 103.5 52.0 Pedestrian
443 312 61 794.0 92.5 52.0 Pedestrian
444 324 61 788.5 87.5 52.0 Pedestrian
445 336 61 781.5 80.0 52.0 Pedestrian
446 348 61 774.5 72.5 52.0 Pedestrian
447 360 61 774.5 72.5 52.0 Pedestrian
448 372 61 774.5 72.5 52.0 Pedestrian
449 384 61 774.5 72.5 52.0 Pedestrian
450 396 61 774.5 72.5 52.0 Pedestrian
451 408 61 774.5 72.5 52.0 Pedestrian
452 420 61 774.5 72.5 52.0 Pedestrian
453 432 61 774.5 72.5 52.0 Pedestrian
454 444 61 774.5 72.5 52.0 Pedestrian
455 456 61 774.5 72.5 52.0 Pedestrian
456 468 61 774.5 72.5 52.0 Pedestrian
457 480 61 774.5 72.5 52.0 Pedestrian
458 492 61 774.5 72.5 52.0 Pedestrian
459 504 61 778.0 76.5 52.0 Pedestrian
460 300 16 1117.5 358.5 10.0 Pedestrian
461 312 16 1117.5 369.5 10.0 Pedestrian
462 324 16 1117.5 384.5 10.0 Pedestrian
463 336 16 1117.5 395.5 10.0 Pedestrian
464 348 16 1117.5 406.5 10.0 Pedestrian
465 360 16 1117.5 417.5 10.0 Pedestrian
466 372 16 1117.5 432.0 10.0 Pedestrian
467 384 16 1117.5 443.0 10.0 Pedestrian
468 396 16 1117.5 454.0 10.0 Pedestrian
469 408 16 1117.5 465.0 10.0 Pedestrian
470 420 16 1117.5 479.5 10.0 Pedestrian
471 432 16 1117.5 490.5 10.0 Pedestrian
472 444 16 1117.5 501.5 10.0 Pedestrian
473 456 16 1117.5 516.5 10.0 Pedestrian
474 468 16 1117.5 527.5 10.0 Pedestrian
475 480 16 1117.5 538.5 10.0 Pedestrian
476 492 16 1117.5 549.0 10.0 Pedestrian
477 504 16 1116.5 562.0 10.0 Pedestrian
478 516 16 1117.5 569.5 10.0 Pedestrian
479 528 16 1118.0 578.5 10.0 Pedestrian
480 300 40 1113.0 813.0 39.0 Pedestrian
481 312 40 1113.0 813.0 39.0 Pedestrian
482 324 40 1113.0 813.0 39.0 Pedestrian
483 336 40 1113.0 813.0 39.0 Pedestrian
484 348 40 1113.0 813.0 39.0 Pedestrian
485 360 40 1113.0 813.0 39.0 Pedestrian
486 372 40 1113.0 813.0 39.0 Pedestrian
487 384 40 1113.0 809.5 39.0 Pedestrian
488 396 40 1111.5 802.0 39.0 Pedestrian
489 408 40 1109.5 798.5 39.0 Pedestrian
490 420 40 1108.0 791.0 39.0 Pedestrian
491 432 40 1105.0 787.5 39.0 Pedestrian
492 444 40 1105.0 787.5 39.0 Pedestrian
493 456 40 1105.0 791.0 39.0 Pedestrian
494 468 40 1103.0 791.0 39.0 Pedestrian
495 480 40 1103.0 791.0 39.0 Pedestrian
496 492 40 1102.0 787.5 39.0 Pedestrian
497 504 40 1102.0 783.5 39.0 Pedestrian
498 516 40 1102.0 783.5 39.0 Pedestrian
499 528 40 1102.0 783.5 39.0 Pedestrian
500 312 56 1000.0 930.5 48.0 Pedestrian
501 324 56 991.0 926.5 48.0 Pedestrian
502 336 56 982.0 926.5 48.0 Pedestrian
503 348 56 973.0 923.0 48.0 Pedestrian
504 360 56 964.0 919.5 48.0 Pedestrian
505 372 56 955.0 919.5 48.0 Pedestrian
506 384 56 945.0 915.5 48.0 Pedestrian
507 396 56 936.0 912.0 48.0 Pedestrian
508 408 56 927.0 912.0 48.0 Pedestrian
509 420 56 918.0 908.5 48.0 Pedestrian
510 432 56 909.0 904.5 48.0 Pedestrian
511 444 56 902.0 901.0 48.0 Pedestrian
512 456 56 893.0 897.5 48.0 Pedestrian
513 468 56 884.0 897.5 48.0 Pedestrian
514 480 56 875.0 893.5 48.0 Pedestrian
515 492 56 866.0 890.0 48.0 Pedestrian
516 504 56 858.0 882.5 48.0 Pedestrian
517 516 56 853.0 873.5 48.0 Pedestrian
518 528 56 848.5 864.0 48.0 Pedestrian
519 540 56 843.5 855.0 48.0 Pedestrian
520 312 58 1012.0 884.5 49.0 Pedestrian
521 324 58 1003.5 880.5 49.0 Pedestrian
522 336 58 995.0 880.5 49.0 Pedestrian
523 348 58 986.0 880.5 49.0 Pedestrian
524 360 58 977.0 877.5 49.0 Pedestrian
525 372 58 968.0 877.5 49.0 Pedestrian
526 384 58 959.0 873.5 49.0 Pedestrian
527 396 58 950.0 873.5 49.0 Pedestrian
528 408 58 941.0 873.5 49.0 Pedestrian
529 420 58 932.0 869.5 49.0 Pedestrian
530 432 58 925.0 866.5 49.0 Pedestrian
531 444 58 916.0 862.5 49.0 Pedestrian
532 456 58 907.0 858.5 49.0 Pedestrian
533 468 58 900.0 857.0 49.0 Pedestrian
534 480 58 891.0 853.5 49.0 Pedestrian
535 492 58 882.0 849.5 49.0 Pedestrian
536 504 58 875.0 846.0 49.0 Pedestrian
537 516 58 871.0 842.5 49.0 Pedestrian
538 528 58 867.0 837.0 49.0 Pedestrian
539 540 58 862.5 833.0 49.0 Pedestrian
540 324 64 1065.0 1070.0 55.0 Pedestrian
541 336 64 1067.0 1077.0 55.0 Pedestrian
542 348 64 1068.5 1084.0 55.0 Pedestrian
543 360 64 1070.5 1092.0 55.0 Pedestrian
544 372 64 1072.0 1099.0 55.0 Pedestrian
545 384 64 1074.0 1106.0 55.0 Pedestrian
546 396 64 1074.0 1110.0 55.0 Pedestrian
547 408 64 1074.0 1110.0 55.0 Pedestrian
548 420 64 1072.0 1110.0 55.0 Pedestrian
549 432 64 1072.0 1110.0 55.0 Pedestrian
550 444 64 1070.5 1110.0 55.0 Pedestrian
551 456 64 1070.5 1106.0 55.0 Pedestrian
552 468 64 1068.5 1106.0 55.0 Pedestrian
553 480 64 1067.0 1106.0 55.0 Pedestrian
554 492 64 1067.0 1106.0 55.0 Pedestrian
555 504 64 1067.0 1103.0 55.0 Pedestrian
556 516 64 1067.0 1103.0 55.0 Pedestrian
557 528 64 1067.0 1103.0 55.0 Pedestrian
558 540 64 1067.0 1103.0 55.0 Pedestrian
559 552 64 1067.0 1103.0 55.0 Pedestrian
560 336 7 566.5 1322.5 6.0 Pedestrian
561 348 7 572.0 1322.5 6.0 Pedestrian
562 360 7 577.0 1322.5 6.0 Pedestrian
563 372 7 582.5 1322.5 6.0 Pedestrian
564 384 7 579.0 1322.5 6.0 Pedestrian
565 396 7 563.0 1311.5 6.0 Pedestrian
566 408 7 546.0 1302.5 6.0 Pedestrian
567 420 7 544.0 1302.5 6.0 Pedestrian
568 432 7 544.0 1302.5 6.0 Pedestrian
569 444 7 544.0 1302.5 6.0 Pedestrian
570 456 7 544.0 1302.5 6.0 Pedestrian
571 468 7 544.0 1302.5 6.0 Pedestrian
572 480 7 544.0 1302.5 6.0 Pedestrian
573 492 7 544.0 1302.5 6.0 Pedestrian
574 504 7 544.0 1298.5 6.0 Pedestrian
575 516 7 550.0 1298.5 6.0 Pedestrian
576 528 7 553.0 1298.5 6.0 Pedestrian
577 540 7 557.0 1298.5 6.0 Pedestrian
578 552 7 561.0 1298.5 6.0 Pedestrian
579 564 7 566.0 1298.5 6.0 Pedestrian
580 348 42 653.5 1322.5 41.0 Pedestrian
581 360 42 654.5 1318.5 41.0 Pedestrian
582 372 42 658.5 1318.5 41.0 Pedestrian
583 384 42 660.5 1315.0 41.0 Pedestrian
584 396 42 654.5 1311.5 41.0 Pedestrian
585 408 42 640.5 1307.5 41.0 Pedestrian
586 420 42 626.5 1304.0 41.0 Pedestrian
587 432 42 624.5 1304.0 41.0 Pedestrian
588 444 42 622.5 1304.0 41.0 Pedestrian
589 456 42 621.0 1304.0 41.0 Pedestrian
590 468 42 619.5 1304.0 41.0 Pedestrian
591 480 42 619.5 1307.5 41.0 Pedestrian
592 492 42 619.5 1307.5 41.0 Pedestrian
593 504 42 619.5 1306.0 41.0 Pedestrian
594 516 42 623.5 1306.0 41.0 Pedestrian
595 528 42 628.5 1306.0 41.0 Pedestrian
596 540 42 631.5 1306.0 41.0 Pedestrian
597 552 42 635.5 1304.0 41.0 Pedestrian
598 564 42 639.5 1304.0 41.0 Pedestrian
599 576 42 643.5 1304.0 41.0 Pedestrian
600 360 25 458.0 1013.0 17.0 Pedestrian
601 372 25 466.0 1009.0 17.0 Pedestrian
602 384 25 474.0 1009.0 17.0 Pedestrian
603 396 25 482.0 1009.0 17.0 Pedestrian
604 408 25 491.0 1005.5 17.0 Pedestrian
605 420 25 498.0 1005.5 17.0 Pedestrian
606 432 25 507.0 1005.5 17.0 Pedestrian
607 444 25 515.0 1002.0 17.0 Pedestrian
608 456 25 523.0 1002.0 17.0 Pedestrian
609 468 25 531.0 998.0 17.0 Pedestrian
610 480 25 540.0 998.0 17.0 Pedestrian
611 492 25 547.0 998.0 17.0 Pedestrian
612 504 25 556.5 994.5 17.0 Pedestrian
613 516 25 567.5 994.5 17.0 Pedestrian
614 528 25 578.5 993.0 17.0 Pedestrian
615 540 25 589.0 991.0 17.0 Pedestrian
616 552 25 599.5 989.0 17.0 Pedestrian
617 564 25 610.5 989.0 17.0 Pedestrian
618 576 25 621.0 985.0 17.0 Pedestrian
619 588 25 631.5 985.0 17.0 Pedestrian
620 360 28 457.5 1038.5 18.0 Pedestrian
621 372 28 464.5 1035.0 18.0 Pedestrian
622 384 28 473.5 1035.0 18.0 Pedestrian
623 396 28 481.0 1035.0 18.0 Pedestrian
624 408 28 488.5 1031.0 18.0 Pedestrian
625 420 28 497.5 1031.0 18.0 Pedestrian
626 432 28 504.5 1031.0 18.0 Pedestrian
627 444 28 513.5 1027.5 18.0 Pedestrian
628 456 28 520.5 1027.5 18.0 Pedestrian
629 468 28 529.5 1024.0 18.0 Pedestrian
630 480 28 536.5 1024.0 18.0 Pedestrian
631 492 28 545.5 1024.0 18.0 Pedestrian
632 504 28 553.5 1020.0 18.0 Pedestrian
633 516 28 564.0 1020.0 18.0 Pedestrian
634 528 28 574.5 1016.5 18.0 Pedestrian
635 540 28 585.5 1016.5 18.0 Pedestrian
636 552 28 596.0 1014.5 18.0 Pedestrian
637 564 28 607.5 1011.0 18.0 Pedestrian
638 576 28 618.5 1011.0 18.0 Pedestrian
639 588 28 629.0 1007.5 18.0 Pedestrian
640 360 62 982.0 483.5 53.0 Pedestrian
641 372 62 980.5 472.5 53.0 Pedestrian
642 384 62 978.5 457.5 53.0 Pedestrian
643 396 62 977.0 446.5 53.0 Pedestrian
644 408 62 975.0 435.5 53.0 Pedestrian
645 420 62 975.0 424.5 53.0 Pedestrian
646 432 62 975.0 413.5 53.0 Pedestrian
647 444 62 975.0 399.0 53.0 Pedestrian
648 456 62 975.0 388.0 53.0 Pedestrian
649 468 62 975.0 377.0 53.0 Pedestrian
650 480 62 975.0 366.0 53.0 Pedestrian
651 492 62 975.0 355.0 53.0 Pedestrian
652 504 62 975.0 340.5 53.0 Pedestrian
653 516 62 975.0 329.5 53.0 Pedestrian
654 528 62 976.0 316.5 53.0 Pedestrian
655 540 62 977.0 305.5 53.0 Pedestrian
656 552 62 978.0 292.5 53.0 Pedestrian
657 564 62 979.0 280.0 53.0 Pedestrian
658 576 62 979.0 267.0 53.0 Pedestrian
659 588 62 979.5 254.0 53.0 Pedestrian
660 360 69 466.5 1059.0 59.0 Pedestrian
661 372 69 473.5 1059.0 59.0 Pedestrian
662 384 69 482.5 1059.0 59.0 Pedestrian
663 396 69 489.5 1055.0 59.0 Pedestrian
664 408 69 497.5 1055.0 59.0 Pedestrian
665 420 69 505.5 1051.0 59.0 Pedestrian
666 432 69 513.5 1051.0 59.0 Pedestrian
667 444 69 522.5 1048.0 59.0 Pedestrian
668 456 69 529.5 1048.0 59.0 Pedestrian
669 468 69 538.5 1048.0 59.0 Pedestrian
670 480 69 545.5 1044.0 59.0 Pedestrian
671 492 69 554.5 1044.0 59.0 Pedestrian
672 504 69 561.5 1040.0 59.0 Pedestrian
673 516 69 571.5 1040.0 59.0 Pedestrian
674 528 69 582.5 1038.5 59.0 Pedestrian
675 540 69 593.5 1038.5 59.0 Pedestrian
676 552 69 603.5 1037.0 59.0 Pedestrian
677 564 69 612.5 1035.0 59.0 Pedestrian
678 576 69 623.5 1035.0 59.0 Pedestrian
679 588 69 633.5 1031.0 59.0 Pedestrian
680 384 22 363.0 1044.0 16.0 Pedestrian
681 396 22 369.0 1040.5 16.0 Pedestrian
682 408 22 374.0 1033.0 16.0 Pedestrian
683 420 22 378.0 1025.5 16.0 Pedestrian
684 432 22 383.0 1022.0 16.0 Pedestrian
685 444 22 388.0 1014.5 16.0 Pedestrian
686 456 22 395.0 1011.0 16.0 Pedestrian
687 468 22 408.0 1011.0 16.0 Pedestrian
688 480 22 420.0 1011.0 16.0 Pedestrian
689 492 22 433.0 1011.0 16.0 Pedestrian
690 504 22 445.0 1011.0 16.0 Pedestrian
691 516 22 458.0 1011.0 16.0 Pedestrian
692 528 22 470.0 1011.0 16.0 Pedestrian
693 540 22 483.0 1011.0 16.0 Pedestrian
694 552 22 495.0 1011.0 16.0 Pedestrian
695 564 22 508.0 1011.0 16.0 Pedestrian
696 576 22 520.0 1011.0 16.0 Pedestrian
697 588 22 533.0 1011.0 16.0 Pedestrian
698 600 22 545.0 1011.0 16.0 Pedestrian
699 612 22 558.0 1011.0 16.0 Pedestrian
700 420 54 1118.5 1492.5 47.0 Pedestrian
701 432 54 1123.5 1503.5 47.0 Pedestrian
702 444 54 1129.5 1514.5 47.0 Pedestrian
703 456 54 1134.5 1525.5 47.0 Pedestrian
704 468 54 1138.5 1536.5 47.0 Pedestrian
705 480 54 1143.5 1547.5 47.0 Pedestrian
706 492 54 1148.5 1558.5 47.0 Pedestrian
707 504 54 1156.0 1562.5 47.0 Pedestrian
708 516 54 1164.0 1571.5 47.0 Pedestrian
709 528 54 1172.0 1581.0 47.0 Pedestrian
710 540 54 1181.0 1590.0 47.0 Pedestrian
711 552 54 1189.0 1599.0 47.0 Pedestrian
712 564 54 1197.0 1606.5 47.0 Pedestrian
713 576 54 1205.0 1616.0 47.0 Pedestrian
714 588 54 1214.0 1625.0 47.0 Pedestrian
715 600 54 1222.0 1632.0 47.0 Pedestrian
716 612 54 1230.0 1641.5 47.0 Pedestrian
717 624 54 1238.0 1648.5 47.0 Pedestrian
718 636 54 1247.0 1659.5 47.0 Pedestrian
719 648 54 1254.5 1668.5 47.0 Pedestrian
720 456 46 752.0 1205.0 42.0 Pedestrian
721 468 46 741.5 1198.0 42.0 Pedestrian
722 480 46 730.5 1190.5 42.0 Pedestrian
723 492 46 720.0 1179.5 42.0 Pedestrian
724 504 46 707.5 1172.0 42.0 Pedestrian
725 516 46 696.5 1168.5 42.0 Pedestrian
726 528 46 686.0 1165.0 42.0 Pedestrian
727 540 46 674.5 1161.0 42.0 Pedestrian
728 552 46 664.0 1157.5 42.0 Pedestrian
729 564 46 653.0 1154.0 42.0 Pedestrian
730 576 46 640.5 1150.5 42.0 Pedestrian
731 588 46 630.0 1146.5 42.0 Pedestrian
732 600 46 619.0 1143.0 42.0 Pedestrian
733 612 46 607.5 1139.5 42.0 Pedestrian
734 624 46 597.0 1135.5 42.0 Pedestrian
735 636 46 586.0 1132.0 42.0 Pedestrian
736 648 46 579.0 1128.5 42.0 Pedestrian
737 660 46 575.5 1124.5 42.0 Pedestrian
738 672 46 572.0 1124.5 42.0 Pedestrian
739 684 46 568.5 1121.0 42.0 Pedestrian
740 468 13 203.5 974.0 9.0 Pedestrian
741 480 13 214.5 974.0 9.0 Pedestrian
742 492 13 223.5 972.5 9.0 Pedestrian
743 504 13 234.0 971.0 9.0 Pedestrian
744 516 13 244.5 971.0 9.0 Pedestrian
745 528 13 255.5 971.0 9.0 Pedestrian
746 540 13 266.5 971.0 9.0 Pedestrian
747 552 13 277.5 971.0 9.0 Pedestrian
748 564 13 288.5 969.0 9.0 Pedestrian
749 576 13 300.0 969.0 9.0 Pedestrian
750 588 13 310.5 969.0 9.0 Pedestrian
751 600 13 322.5 969.0 9.0 Pedestrian
752 612 13 333.0 967.0 9.0 Pedestrian
753 624 13 347.5 967.0 9.0 Pedestrian
754 636 13 359.5 967.0 9.0 Pedestrian
755 648 13 374.0 967.0 9.0 Pedestrian
756 660 13 386.5 967.0 9.0 Pedestrian
757 672 13 400.5 967.0 9.0 Pedestrian
758 684 13 413.5 967.0 9.0 Pedestrian
759 696 13 427.5 967.0 9.0 Pedestrian
760 468 51 200.0 948.5 45.0 Pedestrian
761 480 51 211.0 946.5 45.0 Pedestrian
762 492 51 221.5 946.5 45.0 Pedestrian
763 504 51 232.0 946.5 45.0 Pedestrian
764 516 51 243.0 946.5 45.0 Pedestrian
765 528 51 254.5 946.5 45.0 Pedestrian
766 540 51 265.0 946.5 45.0 Pedestrian
767 552 51 276.5 946.5 45.0 Pedestrian
768 564 51 287.5 948.5 45.0 Pedestrian
769 576 51 299.5 948.5 45.0 Pedestrian
770 588 51 309.5 948.5 45.0 Pedestrian
771 600 51 321.5 948.5 45.0 Pedestrian
772 612 51 332.5 952.5 45.0 Pedestrian
773 624 51 346.5 952.5 45.0 Pedestrian
774 636 51 360.5 952.5 45.0 Pedestrian
775 648 51 374.0 952.5 45.0 Pedestrian
776 660 51 387.5 956.0 45.0 Pedestrian
777 672 51 401.5 956.0 45.0 Pedestrian
778 684 51 415.5 956.0 45.0 Pedestrian
779 696 51 429.5 956.0 45.0 Pedestrian
780 516 60 1021.5 881.0 51.0 Pedestrian
781 528 60 1008.5 881.0 51.0 Pedestrian
782 540 60 996.5 881.0 51.0 Pedestrian
783 552 60 983.0 877.0 51.0 Pedestrian
784 564 60 972.5 877.0 51.0 Pedestrian
785 576 60 961.5 875.0 51.0 Pedestrian
786 588 60 950.5 873.5 51.0 Pedestrian
787 600 60 939.5 872.0 51.0 Pedestrian
788 612 60 928.5 868.0 51.0 Pedestrian
789 624 60 917.5 868.0 51.0 Pedestrian
790 636 60 907.5 866.0 51.0 Pedestrian
791 648 60 896.5 864.0 51.0 Pedestrian
792 660 60 885.5 862.5 51.0 Pedestrian
793 672 60 875.5 862.5 51.0 Pedestrian
794 684 60 868.0 862.5 51.0 Pedestrian
795 696 60 862.5 864.0 51.0 Pedestrian
796 708 60 857.5 866.0 51.0 Pedestrian
797 720 60 851.5 866.0 51.0 Pedestrian
798 732 60 844.5 866.0 51.0 Pedestrian
799 744 60 839.5 864.0 51.0 Pedestrian
800 540 17 1117.5 586.0 10.0 Pedestrian
801 552 17 1116.5 596.5 10.0 Pedestrian
802 564 17 1113.5 607.5 10.0 Pedestrian
803 576 17 1107.5 618.5 10.0 Pedestrian
804 588 17 1102.5 629.5 10.0 Pedestrian
805 600 17 1097.5 637.0 10.0 Pedestrian
806 612 17 1088.5 644.5 10.0 Pedestrian
807 624 17 1077.5 651.5 10.0 Pedestrian
808 636 17 1068.5 659.0 10.0 Pedestrian
809 648 17 1059.5 666.5 10.0 Pedestrian
810 660 17 1052.5 677.5 10.0 Pedestrian
811 672 17 1047.5 692.0 10.0 Pedestrian
812 684 17 1040.0 703.0 10.0 Pedestrian
813 696 17 1034.5 717.5 10.0 Pedestrian
814 708 17 1028.5 728.5 10.0 Pedestrian
815 720 17 1021.5 743.5 10.0 Pedestrian
816 732 17 1014.5 758.0 10.0 Pedestrian
817 744 17 1007.5 769.0 10.0 Pedestrian
818 756 17 1005.5 783.5 10.0 Pedestrian
819 768 17 1002.5 794.5 10.0 Pedestrian
820 564 65 1067.0 1101.0 55.0 Pedestrian
821 576 65 1067.0 1101.0 55.0 Pedestrian
822 588 65 1067.0 1101.0 55.0 Pedestrian
823 600 65 1068.5 1099.0 55.0 Pedestrian
824 612 65 1068.5 1097.0 55.0 Pedestrian
825 624 65 1068.5 1097.0 55.0 Pedestrian
826 636 65 1068.5 1097.0 55.0 Pedestrian
827 648 65 1068.5 1097.0 55.0 Pedestrian
828 660 65 1068.5 1097.0 55.0 Pedestrian
829 672 65 1068.5 1095.5 55.0 Pedestrian
830 684 65 1068.5 1095.5 55.0 Pedestrian
831 696 65 1070.5 1093.5 55.0 Pedestrian
832 708 65 1070.5 1093.5 55.0 Pedestrian
833 720 65 1070.5 1091.5 55.0 Pedestrian
834 732 65 1070.5 1091.5 55.0 Pedestrian
835 744 65 1070.5 1091.5 55.0 Pedestrian
836 756 65 1070.5 1091.5 55.0 Pedestrian
837 768 65 1070.5 1089.5 55.0 Pedestrian
838 780 65 1070.5 1089.5 55.0 Pedestrian
839 792 65 1072.0 1088.0 55.0 Pedestrian
840 576 8 569.0 1298.5 6.0 Pedestrian
841 588 8 574.0 1298.5 6.0 Pedestrian
842 600 8 578.0 1298.5 6.0 Pedestrian
843 612 8 582.0 1298.5 6.0 Pedestrian
844 624 8 586.0 1296.5 6.0 Pedestrian
845 636 8 591.0 1296.5 6.0 Pedestrian
846 648 8 594.0 1296.5 6.0 Pedestrian
847 660 8 599.0 1296.5 6.0 Pedestrian
848 672 8 602.0 1296.5 6.0 Pedestrian
849 684 8 607.5 1296.5 6.0 Pedestrian
850 696 8 611.0 1296.5 6.0 Pedestrian
851 708 8 615.0 1296.5 6.0 Pedestrian
852 720 8 620.0 1296.5 6.0 Pedestrian
853 732 8 624.0 1296.5 6.0 Pedestrian
854 744 8 629.0 1296.5 6.0 Pedestrian
855 756 8 636.0 1296.5 6.0 Pedestrian
856 768 8 645.0 1296.5 6.0 Pedestrian
857 780 8 647.0 1296.5 6.0 Pedestrian
858 792 8 648.5 1296.5 6.0 Pedestrian
859 804 8 650.5 1296.5 6.0 Pedestrian
860 588 43 646.5 1302.0 41.0 Pedestrian
861 600 43 650.5 1302.0 41.0 Pedestrian
862 612 43 655.5 1302.0 41.0 Pedestrian
863 624 43 659.5 1300.5 41.0 Pedestrian
864 636 43 663.0 1300.5 41.0 Pedestrian
865 648 43 666.5 1300.5 41.0 Pedestrian
866 660 43 671.0 1300.5 41.0 Pedestrian
867 672 43 674.5 1298.5 41.0 Pedestrian
868 684 43 678.0 1298.5 41.0 Pedestrian
869 696 43 682.5 1298.5 41.0 Pedestrian
870 708 43 687.0 1296.5 41.0 Pedestrian
871 720 43 690.5 1296.5 41.0 Pedestrian
872 732 43 694.0 1296.5 41.0 Pedestrian
873 744 43 699.5 1295.0 41.0 Pedestrian
874 756 43 706.5 1295.0 41.0 Pedestrian
875 768 43 715.5 1295.0 41.0 Pedestrian
876 780 43 717.5 1293.0 41.0 Pedestrian
877 792 43 719.0 1293.0 41.0 Pedestrian
878 804 43 719.0 1293.0 41.0 Pedestrian
879 816 43 721.0 1293.0 41.0 Pedestrian
880 600 26 642.5 982.0 17.0 Pedestrian
881 612 26 653.0 982.0 17.0 Pedestrian
882 624 26 664.0 980.0 17.0 Pedestrian
883 636 26 674.5 978.0 17.0 Pedestrian
884 648 26 685.0 976.0 17.0 Pedestrian
885 660 26 697.0 976.0 17.0 Pedestrian
886 672 26 709.0 980.0 17.0 Pedestrian
887 684 26 722.0 987.0 17.0 Pedestrian
888 696 26 738.0 993.0 17.0 Pedestrian
889 708 26 759.0 1000.0 17.0 Pedestrian
890 720 26 781.0 1009.0 17.0 Pedestrian
891 732 26 791.0 1009.0 17.0 Pedestrian
892 744 26 802.0 1009.0 17.0 Pedestrian
893 756 26 813.0 1011.0 17.0 Pedestrian
894 768 26 823.0 1011.0 17.0 Pedestrian
895 780 26 836.0 1014.5 17.0 Pedestrian
896 792 26 847.0 1011.0 17.0 Pedestrian
897 804 26 857.0 1007.5 17.0 Pedestrian
898 816 26 868.0 1007.5 17.0 Pedestrian
899 828 26 879.0 1003.5 17.0 Pedestrian
900 600 29 639.5 1007.5 18.0 Pedestrian
901 612 29 651.5 1003.5 18.0 Pedestrian
902 624 29 662.0 1001.5 18.0 Pedestrian
903 636 29 673.0 1000.0 18.0 Pedestrian
904 648 29 683.5 998.5 18.0 Pedestrian
905 660 29 695.0 998.5 18.0 Pedestrian
906 672 29 706.0 1001.5 18.0 Pedestrian
907 684 29 718.0 1009.5 18.0 Pedestrian
908 696 29 735.0 1016.5 18.0 Pedestrian
909 708 29 756.5 1023.5 18.0 Pedestrian
910 720 29 779.0 1031.5 18.0 Pedestrian
911 732 29 789.5 1031.5 18.0 Pedestrian
912 744 29 801.5 1031.5 18.0 Pedestrian
913 756 29 813.5 1034.5 18.0 Pedestrian
914 768 29 825.5 1034.5 18.0 Pedestrian
915 780 29 837.5 1038.5 18.0 Pedestrian
916 792 29 848.5 1034.5 18.0 Pedestrian
917 804 29 859.5 1031.5 18.0 Pedestrian
918 816 29 869.5 1027.5 18.0 Pedestrian
919 828 29 880.5 1023.5 18.0 Pedestrian
920 600 70 644.5 1031.0 59.0 Pedestrian
921 612 70 654.0 1029.5 59.0 Pedestrian
922 624 70 663.5 1027.5 59.0 Pedestrian
923 636 70 674.5 1025.5 59.0 Pedestrian
924 648 70 685.5 1025.5 59.0 Pedestrian
925 660 70 696.0 1025.5 59.0 Pedestrian
926 672 70 708.5 1031.0 59.0 Pedestrian
927 684 70 720.5 1038.5 59.0 Pedestrian
928 696 70 738.5 1044.0 59.0 Pedestrian
929 708 70 760.0 1048.0 59.0 Pedestrian
930 720 70 781.5 1051.0 59.0 Pedestrian
931 732 70 792.5 1051.0 59.0 Pedestrian
932 744 70 803.0 1051.0 59.0 Pedestrian
933 756 70 813.5 1055.0 59.0 Pedestrian
934 768 70 824.5 1055.0 59.0 Pedestrian
935 780 70 836.5 1059.0 59.0 Pedestrian
936 792 70 847.5 1055.0 59.0 Pedestrian
937 804 70 858.5 1053.0 59.0 Pedestrian
938 816 70 869.0 1049.5 59.0 Pedestrian
939 828 70 879.5 1047.5 59.0 Pedestrian
940 624 23 570.0 1011.0 16.0 Pedestrian
941 636 23 583.0 1011.0 16.0 Pedestrian
942 648 23 595.0 1011.0 16.0 Pedestrian
943 660 23 608.0 1011.0 16.0 Pedestrian
944 672 23 621.0 1014.5 16.0 Pedestrian
945 684 23 642.5 1018.5 16.0 Pedestrian
946 696 23 664.5 1022.0 16.0 Pedestrian
947 708 23 686.0 1025.5 16.0 Pedestrian
948 720 23 704.0 1029.5 16.0 Pedestrian
949 732 23 721.5 1033.0 16.0 Pedestrian
950 744 23 739.0 1036.5 16.0 Pedestrian
951 756 23 754.0 1036.5 16.0 Pedestrian
952 768 23 765.0 1036.5 16.0 Pedestrian
953 780 23 775.0 1033.0 16.0 Pedestrian
954 792 23 786.0 1029.5 16.0 Pedestrian
955 804 23 797.0 1029.5 16.0 Pedestrian
956 816 23 807.0 1025.5 16.0 Pedestrian
957 828 23 820.0 1025.5 16.0 Pedestrian
958 840 23 830.5 1022.0 16.0 Pedestrian
959 852 23 841.0 1018.5 16.0 Pedestrian
960 660 11 14.0 908.5 8.0 Pedestrian
961 672 11 22.5 910.5 8.0 Pedestrian
962 684 11 38.5 913.5 8.0 Pedestrian
963 696 11 75.5 924.5 8.0 Pedestrian
964 708 11 112.5 935.5 8.0 Pedestrian
965 720 11 150.5 945.0 8.0 Pedestrian
966 732 11 176.0 945.0 8.0 Pedestrian
967 744 11 201.0 945.0 8.0 Pedestrian
968 756 11 221.0 941.5 8.0 Pedestrian
969 768 11 238.5 941.5 8.0 Pedestrian
970 780 11 256.0 937.5 8.0 Pedestrian
971 792 11 272.0 937.5 8.0 Pedestrian
972 804 11 290.0 934.0 8.0 Pedestrian
973 816 11 308.0 934.0 8.0 Pedestrian
974 828 11 326.0 934.0 8.0 Pedestrian
975 840 11 340.0 930.5 8.0 Pedestrian
976 852 11 352.0 926.5 8.0 Pedestrian
977 864 11 364.0 926.5 8.0 Pedestrian
978 876 11 377.0 923.0 8.0 Pedestrian
979 888 11 388.0 923.0 8.0 Pedestrian
980 672 19 1267.5 478.0 11.0 Pedestrian
981 684 19 1256.5 474.0 11.0 Pedestrian
982 696 19 1244.5 467.0 11.0 Pedestrian
983 708 19 1233.5 461.5 11.0 Pedestrian
984 720 19 1222.5 454.0 11.0 Pedestrian
985 732 19 1212.5 446.5 11.0 Pedestrian
986 744 19 1201.5 435.5 11.0 Pedestrian
987 756 19 1192.5 428.5 11.0 Pedestrian
988 768 19 1183.5 417.5 11.0 Pedestrian
989 780 19 1172.5 410.0 11.0 Pedestrian
990 792 19 1164.5 399.0 11.0 Pedestrian
991 804 19 1155.5 388.0 11.0 Pedestrian
992 816 19 1149.5 373.5 11.0 Pedestrian
993 828 19 1144.5 358.5 11.0 Pedestrian
994 840 19 1137.5 344.0 11.0 Pedestrian
995 852 19 1131.5 329.5 11.0 Pedestrian
996 864 19 1126.5 314.5 11.0 Pedestrian
997 876 19 1124.5 300.0 11.0 Pedestrian
998 888 19 1124.5 285.5 11.0 Pedestrian
999 900 19 1124.5 274.5 11.0 Pedestrian
1000 672 20 976.0 670.0 12.0 Pedestrian
1001 684 20 990.5 670.0 12.0 Pedestrian
1002 696 20 1004.5 670.0 12.0 Pedestrian
1003 708 20 1018.5 670.0 12.0 Pedestrian
1004 720 20 1029.5 670.0 12.0 Pedestrian
1005 732 20 1040.0 670.0 12.0 Pedestrian
1006 744 20 1050.5 670.0 12.0 Pedestrian
1007 756 20 1061.5 668.5 12.0 Pedestrian
1008 768 20 1072.5 668.5 12.0 Pedestrian
1009 780 20 1083.0 668.5 12.0 Pedestrian
1010 792 20 1094.5 668.5 12.0 Pedestrian
1011 804 20 1102.5 657.5 12.0 Pedestrian
1012 816 20 1111.5 648.0 12.0 Pedestrian
1013 828 20 1116.5 633.5 12.0 Pedestrian
1014 840 20 1118.5 618.5 12.0 Pedestrian
1015 852 20 1121.5 604.5 12.0 Pedestrian
1016 864 20 1123.0 589.5 12.0 Pedestrian
1017 876 20 1124.5 574.5 12.0 Pedestrian
1018 888 20 1124.5 560.5 12.0 Pedestrian
1019 900 20 1124.5 545.5 12.0 Pedestrian
1020 696 10 17.5 919.5 7.0 Pedestrian
1021 708 10 25.5 923.0 7.0 Pedestrian
1022 720 10 52.5 930.5 7.0 Pedestrian
1023 732 10 78.5 941.5 7.0 Pedestrian
1024 744 10 103.5 947.0 7.0 Pedestrian
1025 756 10 124.5 947.0 7.0 Pedestrian
1026 768 10 144.0 947.0 7.0 Pedestrian
1027 780 10 164.5 947.0 7.0 Pedestrian
1028 792 10 180.5 943.0 7.0 Pedestrian
1029 804 10 194.0 943.0 7.0 Pedestrian
1030 816 10 206.5 943.0 7.0 Pedestrian
1031 828 10 220.5 939.5 7.0 Pedestrian
1032 840 10 233.0 939.5 7.0 Pedestrian
1033 852 10 246.5 939.5 7.0 Pedestrian
1034 864 10 260.5 939.5 7.0 Pedestrian
1035 876 10 273.5 939.5 7.0 Pedestrian
1036 888 10 284.0 939.5 7.0 Pedestrian
1037 900 10 296.5 943.0 7.0 Pedestrian
1038 912 10 309.0 943.0 7.0 Pedestrian
1039 924 10 319.5 947.0 7.0 Pedestrian
1040 696 47 570.0 1117.5 42.0 Pedestrian
1041 708 47 581.0 1113.5 42.0 Pedestrian
1042 720 47 591.5 1113.5 42.0 Pedestrian
1043 732 47 590.0 1106.5 42.0 Pedestrian
1044 744 47 588.0 1099.0 42.0 Pedestrian
1045 756 47 586.0 1091.5 42.0 Pedestrian
1046 768 47 584.5 1084.5 42.0 Pedestrian
1047 780 47 583.5 1080.5 42.0 Pedestrian
1048 792 47 575.0 1077.0 42.0 Pedestrian
1049 804 47 567.5 1073.5 42.0 Pedestrian
1050 816 47 560.0 1069.5 42.0 Pedestrian
1051 828 47 553.0 1066.0 42.0 Pedestrian
1052 840 47 546.0 1062.5 42.0 Pedestrian
1053 852 47 539.0 1058.5 42.0 Pedestrian
1054 864 47 530.0 1058.5 42.0 Pedestrian
1055 876 47 519.0 1058.5 42.0 Pedestrian
1056 888 47 509.0 1058.5 42.0 Pedestrian
1057 900 47 498.0 1062.5 42.0 Pedestrian
1058 912 47 487.0 1062.5 42.0 Pedestrian
1059 924 47 476.5 1062.5 42.0 Pedestrian
1060 696 71 1260.5 901.0 60.0 Pedestrian
1061 708 71 1245.5 904.5 60.0 Pedestrian
1062 720 71 1230.0 908.5 60.0 Pedestrian
1063 732 71 1214.5 912.0 60.0 Pedestrian
1064 744 71 1200.5 915.5 60.0 Pedestrian
1065 756 71 1184.5 919.5 60.0 Pedestrian
1066 768 71 1170.5 923.0 60.0 Pedestrian
1067 780 71 1163.5 923.0 60.0 Pedestrian
1068 792 71 1154.5 923.0 60.0 Pedestrian
1069 804 71 1147.0 923.0 60.0 Pedestrian
1070 816 71 1140.0 923.0 60.0 Pedestrian
1071 828 71 1131.0 923.0 60.0 Pedestrian
1072 840 71 1124.0 923.0 60.0 Pedestrian
1073 852 71 1115.0 923.0 60.0 Pedestrian
1074 864 71 1107.5 923.0 60.0 Pedestrian
1075 876 71 1099.0 919.5 60.0 Pedestrian
1076 888 71 1090.0 919.5 60.0 Pedestrian
1077 900 71 1081.0 919.5 60.0 Pedestrian
1078 912 71 1072.5 919.5 60.0 Pedestrian
1079 924 71 1063.5 919.5 60.0 Pedestrian
1080 696 72 1257.5 872.0 61.0 Pedestrian
1081 708 72 1243.5 879.0 61.0 Pedestrian
1082 720 72 1229.0 883.0 61.0 Pedestrian
1083 732 72 1215.5 888.0 61.0 Pedestrian
1084 744 72 1201.5 894.0 61.0 Pedestrian
1085 756 72 1187.0 899.0 61.0 Pedestrian
1086 768 72 1173.0 903.0 61.0 Pedestrian
1087 780 72 1164.0 903.0 61.0 Pedestrian
1088 792 72 1156.0 901.0 61.0 Pedestrian
1089 804 72 1147.0 901.0 61.0 Pedestrian
1090 816 72 1139.0 899.0 61.0 Pedestrian
1091 828 72 1130.0 895.5 61.0 Pedestrian
1092 840 72 1122.0 895.5 61.0 Pedestrian
1093 852 72 1113.5 893.5 61.0 Pedestrian
1094 864 72 1104.5 893.5 61.0 Pedestrian
1095 876 72 1095.5 890.0 61.0 Pedestrian
1096 888 72 1086.5 890.0 61.0 Pedestrian
1097 900 72 1079.5 890.0 61.0 Pedestrian
1098 912 72 1070.5 890.0 61.0 Pedestrian
1099 924 72 1061.5 886.5 61.0 Pedestrian
1100 708 14 461.5 972.5 9.0 Pedestrian
1101 720 14 483.5 976.0 9.0 Pedestrian
1102 732 14 498.0 980.0 9.0 Pedestrian
1103 744 14 512.5 983.5 9.0 Pedestrian
1104 756 14 526.5 987.0 9.0 Pedestrian
1105 768 14 541.5 991.0 9.0 Pedestrian
1106 780 14 555.5 994.5 9.0 Pedestrian
1107 792 14 570.5 994.5 9.0 Pedestrian
1108 804 14 584.5 998.0 9.0 Pedestrian
1109 816 14 599.5 1002.0 9.0 Pedestrian
1110 828 14 610.5 1002.0 9.0 Pedestrian
1111 840 14 619.5 1002.0 9.0 Pedestrian
1112 852 14 628.5 1002.0 9.0 Pedestrian
1113 864 14 637.0 998.0 9.0 Pedestrian
1114 876 14 646.0 998.0 9.0 Pedestrian
1115 888 14 656.5 998.0 9.0 Pedestrian
1116 900 14 665.5 994.5 9.0 Pedestrian
1117 912 14 674.5 994.5 9.0 Pedestrian
1118 924 14 683.5 994.5 9.0 Pedestrian
1119 936 14 692.5 991.0 9.0 Pedestrian
1120 708 52 453.5 959.5 45.0 Pedestrian
1121 720 52 473.0 959.5 45.0 Pedestrian
1122 732 52 487.5 963.5 45.0 Pedestrian
1123 744 52 503.5 967.0 45.0 Pedestrian
1124 756 52 517.5 970.5 45.0 Pedestrian
1125 768 52 532.5 974.5 45.0 Pedestrian
1126 780 52 547.5 978.0 45.0 Pedestrian
1127 792 52 563.5 978.0 45.0 Pedestrian
1128 804 52 577.5 981.5 45.0 Pedestrian
1129 816 52 593.5 985.5 45.0 Pedestrian
1130 828 52 604.5 985.5 45.0 Pedestrian
1131 840 52 614.5 985.5 45.0 Pedestrian
1132 852 52 623.5 981.5 45.0 Pedestrian
1133 864 52 634.5 981.5 45.0 Pedestrian
1134 876 52 643.5 978.0 45.0 Pedestrian
1135 888 52 654.0 974.5 45.0 Pedestrian
1136 900 52 664.5 974.5 45.0 Pedestrian
1137 912 52 673.5 970.5 45.0 Pedestrian
1138 924 52 684.5 970.5 45.0 Pedestrian
1139 936 52 693.5 967.0 45.0 Pedestrian
1140 720 73 1269.5 1575.5 62.0 Pedestrian
1141 732 73 1253.5 1557.0 62.0 Pedestrian
1142 744 73 1237.5 1538.5 62.0 Pedestrian
1143 756 73 1221.5 1520.5 62.0 Pedestrian
1144 768 73 1213.5 1509.5 62.0 Pedestrian
1145 780 73 1213.0 1502.0 62.0 Pedestrian
1146 792 73 1209.5 1494.5 62.0 Pedestrian
1147 804 73 1206.0 1487.5 62.0 Pedestrian
1148 816 73 1203.5 1480.0 62.0 Pedestrian
1149 828 73 1200.5 1474.5 62.0 Pedestrian
1150 840 73 1197.0 1469.0 62.0 Pedestrian
1151 852 73 1194.5 1461.5 62.0 Pedestrian
1152 864 73 1191.5 1456.5 62.0 Pedestrian
1153 876 73 1188.0 1448.5 62.0 Pedestrian
1154 888 73 1185.5 1443.5 62.0 Pedestrian
1155 900 73 1181.5 1436.0 62.0 Pedestrian
1156 912 73 1179.5 1430.5 62.0 Pedestrian
1157 924 73 1176.5 1423.5 62.0 Pedestrian
1158 936 73 1172.5 1417.5 62.0 Pedestrian
1159 948 73 1171.5 1412.5 62.0 Pedestrian
1160 756 33 1258.5 886.5 22.0 Pedestrian
1161 768 33 1244.5 890.0 22.0 Pedestrian
1162 780 33 1231.5 893.5 22.0 Pedestrian
1163 792 33 1221.5 893.5 22.0 Pedestrian
1164 804 33 1210.5 890.0 22.0 Pedestrian
1165 816 33 1201.5 890.0 22.0 Pedestrian
1166 828 33 1190.5 886.5 22.0 Pedestrian
1167 840 33 1180.5 886.5 22.0 Pedestrian
1168 852 33 1169.5 882.5 22.0 Pedestrian
1169 864 33 1160.5 879.0 22.0 Pedestrian
1170 876 33 1149.5 879.0 22.0 Pedestrian
1171 888 33 1139.5 875.5 22.0 Pedestrian
1172 900 33 1128.5 875.5 22.0 Pedestrian
1173 912 33 1119.5 871.5 22.0 Pedestrian
1174 924 33 1108.5 868.0 22.0 Pedestrian
1175 936 33 1098.5 868.0 22.0 Pedestrian
1176 948 33 1087.5 864.5 22.0 Pedestrian
1177 960 33 1078.5 864.5 22.0 Pedestrian
1178 972 33 1067.5 860.5 22.0 Pedestrian
1179 984 33 1057.5 857.0 22.0 Pedestrian
1180 780 18 999.5 805.5 10.0 Pedestrian
1181 792 18 998.5 816.5 10.0 Pedestrian
1182 804 18 995.5 831.5 10.0 Pedestrian
1183 816 18 993.5 842.5 10.0 Pedestrian
1184 828 18 992.0 853.5 10.0 Pedestrian
1185 840 18 988.5 864.5 10.0 Pedestrian
1186 852 18 984.5 875.5 10.0 Pedestrian
1187 864 18 977.5 886.5 10.0 Pedestrian
1188 876 18 972.5 893.5 10.0 Pedestrian
1189 888 18 965.5 902.5 10.0 Pedestrian
1190 900 18 958.0 912.0 10.0 Pedestrian
1191 912 18 951.0 921.5 10.0 Pedestrian
1192 924 18 943.5 928.5 10.0 Pedestrian
1193 936 18 936.5 937.5 10.0 Pedestrian
1194 948 18 931.5 946.5 10.0 Pedestrian
1195 960 18 924.5 954.5 10.0 Pedestrian
1196 972 18 924.5 961.5 10.0 Pedestrian
1197 984 18 926.0 967.0 10.0 Pedestrian
1198 996 18 924.5 978.0 10.0 Pedestrian
1199 1008 18 921.5 989.0 10.0 Pedestrian
1200 804 66 1072.0 1088.0 55.0 Pedestrian
1201 816 66 1072.0 1088.0 55.0 Pedestrian
1202 828 66 1072.0 1086.5 55.0 Pedestrian
1203 840 66 1072.0 1086.5 55.0 Pedestrian
1204 852 66 1072.0 1086.5 55.0 Pedestrian
1205 864 66 1072.0 1086.5 55.0 Pedestrian
1206 876 66 1072.0 1084.5 55.0 Pedestrian
1207 888 66 1074.0 1082.5 55.0 Pedestrian
1208 900 66 1074.0 1082.5 55.0 Pedestrian
1209 912 66 1074.0 1082.5 55.0 Pedestrian
1210 924 66 1074.0 1082.5 55.0 Pedestrian
1211 936 66 1074.0 1080.5 55.0 Pedestrian
1212 948 66 1074.0 1080.5 55.0 Pedestrian
1213 960 66 1074.0 1080.5 55.0 Pedestrian
1214 972 66 1074.0 1080.5 55.0 Pedestrian
1215 984 66 1076.0 1080.5 55.0 Pedestrian
1216 996 66 1076.0 1080.5 55.0 Pedestrian
1217 1008 66 1077.5 1084.5 55.0 Pedestrian
1218 1020 66 1079.0 1084.5 55.0 Pedestrian
1219 1032 66 1083.0 1091.5 55.0 Pedestrian
1220 816 9 652.0 1296.5 6.0 Pedestrian
1221 828 9 654.0 1296.5 6.0 Pedestrian
1222 840 9 655.0 1296.5 6.0 Pedestrian
1223 852 9 657.0 1296.5 6.0 Pedestrian
1224 864 9 658.5 1296.5 6.0 Pedestrian
1225 876 9 660.0 1296.5 6.0 Pedestrian
1226 888 9 662.0 1296.5 6.0 Pedestrian
1227 900 9 664.0 1298.5 6.0 Pedestrian
1228 912 9 669.0 1295.0 6.0 Pedestrian
1229 924 9 671.0 1295.0 6.0 Pedestrian
1230 936 9 666.0 1295.0 6.0 Pedestrian
1231 948 9 657.0 1291.0 6.0 Pedestrian
1232 960 9 646.0 1287.5 6.0 Pedestrian
1233 972 9 674.5 1291.0 6.0 Pedestrian
1234 984 9 669.0 1291.0 6.0 Pedestrian
1235 996 9 664.0 1295.0 6.0 Pedestrian
1236 1008 9 658.5 1295.0 6.0 Pedestrian
1237 1020 9 653.5 1297.0 6.0 Pedestrian
1238 1032 9 647.0 1300.0 6.0 Pedestrian
1239 1044 9 640.5 1302.0 6.0 Pedestrian
1240 828 44 722.0 1293.0 41.0 Pedestrian
1241 840 44 722.5 1293.0 41.0 Pedestrian
1242 852 44 723.5 1293.0 41.0 Pedestrian
1243 864 44 725.0 1293.0 41.0 Pedestrian
1244 876 44 725.0 1293.0 41.0 Pedestrian
1245 888 44 727.0 1293.0 41.0 Pedestrian
1246 900 44 729.0 1294.5 41.0 Pedestrian
1247 912 44 731.0 1291.5 41.0 Pedestrian
1248 924 44 732.5 1291.5 41.0 Pedestrian
1249 936 44 727.0 1291.5 41.0 Pedestrian
1250 948 44 722.0 1291.5 41.0 Pedestrian
1251 960 44 716.5 1291.5 41.0 Pedestrian
1252 972 44 747.0 1276.5 41.0 Pedestrian
1253 984 44 741.5 1283.5 41.0 Pedestrian
1254 996 44 736.0 1291.5 41.0 Pedestrian
1255 1008 44 732.5 1291.5 41.0 Pedestrian
1256 1020 44 727.0 1293.0 41.0 Pedestrian
1257 1032 44 722.0 1295.0 41.0 Pedestrian
1258 1044 44 716.5 1295.0 41.0 Pedestrian
1259 1056 44 712.0 1297.0 41.0 Pedestrian
