0 70.0 21.392 19.605
12 70.0 20.732 19.165
24 70.0 20.072 18.89
36 70.0 19.412 18.67
48 70.0 18.972 18.67
60 70.0 18.862 18.67
72 70.0 18.642 18.89
84 70.0 18.092 19.165
0 75.0 -18.917 -24.224
12 75.0 -18.697 -24.224
24 75.0 -18.477 -24.087
36 75.0 -18.147 -23.867
48 75.0 -17.927 -23.757
60 75.0 -17.707 -23.069
72 75.0 -17.488 -22.602
84 75.0 -17.268 -22.134
0 117.0 7.314 31.428
12 117.0 6.819 30.383
24 117.0 7.149 29.448
36 117.0 7.369 28.568
48 117.0 7.424 28.074
60 117.0 7.259 27.854
72 117.0 7.039 27.634
84 117.0 6.874 27.414
0 119.0 -37.945 -0.715
12 119.0 -38.055 -0.22
24 119.0 -38.055 0.22
36 119.0 -38.055 0.66
48 119.0 -38.055 1.155
60 119.0 -38.165 1.595
72 119.0 -38.165 2.282
84 119.0 -38.165 2.75
0 120.0 -32.555 16.855
12 120.0 -32.555 16.635
24 120.0 -32.555 16.635
36 120.0 -32.445 16.635
48 120.0 -32.445 16.635
60 120.0 -32.445 16.635
72 120.0 -32.335 16.498
84 120.0 -32.335 16.498
0 122.0 -30.246 17.405
12 122.0 -29.916 17.515
24 122.0 -29.586 17.653
36 122.0 -29.366 17.762
48 122.0 -29.366 17.762
60 122.0 -29.366 17.762
72 122.0 -29.256 17.762
84 122.0 -29.256 17.762
12 414.0 8.056 30.026
24 414.0 8.056 29.806
36 414.0 8.056 29.476
48 414.0 8.056 29.008
60 414.0 8.056 28.761
72 414.0 8.056 28.321
84 414.0 8.056 27.634
96 414.0 8.056 26.946
240 71.0 13.913 24.884
252 71.0 13.693 25.324
264 71.0 13.363 25.791
276 71.0 13.033 26.259
288 71.0 12.923 26.699
300 71.0 12.813 27.414
312 71.0 12.703 27.854
324 71.0 12.373 28.074
240 76.0 -2.31 -16.883
252 76.0 -0.88 -16.883
264 76.0 0.66 -16.883
276 76.0 2.31 -16.883
288 76.0 3.849 -17.103
300 76.0 5.499 -17.103
312 76.0 7.286 -17.103
324 76.0 9.046 -17.103
240 118.0 6.379 21.914
252 118.0 6.379 21.419
264 118.0 6.379 20.76
276 118.0 6.489 19.825
288 118.0 6.489 19.165
300 118.0 6.489 18.67
312 118.0 6.379 18.45
324 118.0 6.269 18.23
240 121.0 -30.026 17.543
252 121.0 -30.026 17.543
264 121.0 -30.026 17.543
276 121.0 -30.026 17.543
288 121.0 -30.026 17.543
300 121.0 -30.026 17.543
312 121.0 -30.026 17.543
324 121.0 -30.026 17.543
240 123.0 -28.761 18.45
252 123.0 -28.761 18.45
264 123.0 -28.706 18.45
276 123.0 -28.706 18.45
288 123.0 -28.651 18.45
300 123.0 -28.651 18.45
312 123.0 -28.596 18.45
324 123.0 -28.596 18.45
252 415.0 7.836 20.732
264 415.0 7.836 20.292
276 415.0 7.836 19.605
288 415.0 7.836 19.137
300 415.0 7.699 18.697
312 415.0 7.589 18.23
324 415.0 7.479 17.762
336 415.0 7.479 17.295
480 72.0 9.046 34.948
492 72.0 8.606 35.195
504 72.0 8.221 35.662
516 72.0 7.946 35.882
528 72.0 7.726 36.102
540 72.0 7.451 36.35
552 72.0 7.149 36.68
564 72.0 6.819 37.147
492 416.0 7.836 11.576
504 416.0 7.946 11.328
516 416.0 8.001 10.668
528 416.0 8.001 9.954
540 416.0 8.056 9.404
552 416.0 8.111 8.826
564 416.0 8.166 8.249
576 416.0 8.166 7.561
504 79.0 6.434 10.311
516 79.0 6.434 9.734
528 79.0 6.489 9.404
540 79.0 6.544 8.936
552 79.0 6.599 8.359
564 79.0 6.599 8.001
576 79.0 6.654 7.561
588 79.0 6.709 6.984
540 272.0 -7.561 78.831
552 272.0 -8.221 77.512
564 272.0 -8.221 77.512
576 272.0 -8.359 77.292
588 272.0 -8.359 77.044
600 272.0 -8.359 77.044
612 272.0 -8.359 76.824
624 272.0 -8.359 76.824
552 77.0 -7.176 78.529
564 77.0 -7.176 78.089
576 77.0 -7.176 78.089
588 77.0 -7.176 77.869
600 77.0 -7.176 77.869
612 77.0 -7.176 77.402
624 77.0 -7.176 76.934
636 77.0 -7.176 76.494
720 73.0 6.159 44.049
732 73.0 6.159 44.489
744 73.0 6.159 44.929
756 73.0 6.159 45.644
768 73.0 6.159 46.083
780 73.0 6.049 46.798
792 73.0 6.049 47.238
804 73.0 6.049 47.926
732 417.0 8.441 1.127
744 417.0 8.441 0.687
756 417.0 8.441 0.0
768 417.0 8.331 -0.467
780 417.0 8.221 -1.155
792 417.0 8.221 -1.622
804 417.0 8.111 -2.31
816 417.0 8.001 -2.997
744 80.0 7.149 0.357
756 80.0 7.039 -0.247
768 80.0 7.039 -0.687
780 80.0 7.039 -1.155
792 80.0 6.929 -1.622
804 80.0 6.929 -2.062
816 80.0 6.929 -2.53
828 80.0 6.929 -2.997
780 273.0 -7.891 76.357
792 273.0 -7.891 76.357
804 273.0 -7.781 76.357
816 273.0 -7.781 76.357
828 273.0 -7.781 76.357
840 273.0 -7.781 76.357
852 273.0 -7.781 76.357
864 273.0 -7.781 76.357
792 78.0 -7.451 73.387
804 78.0 -7.451 73.14
816 78.0 -7.451 73.14
828 78.0 -7.451 72.92
840 78.0 -7.451 72.7
852 78.0 -7.451 72.7
864 78.0 -7.451 72.7
876 78.0 -7.341 72.7
960 74.0 6.159 55.267
972 74.0 6.159 55.955
984 74.0 6.049 56.642
996 74.0 6.049 57.329
1008 74.0 6.049 58.127
1020 74.0 6.159 59.172
1032 74.0 6.214 60.079
1044 74.0 6.324 60.876
972 418.0 8.221 -8.964
984 418.0 8.111 -9.404
996 418.0 8.001 -9.871
1008 418.0 7.946 -10.339
1020 418.0 7.946 -10.668
1032 418.0 7.891 -11.136
1044 418.0 7.891 -11.466
1056 418.0 7.836 -11.823
984 81.0 6.984 -8.964
996 81.0 6.874 -9.404
1008 81.0 6.764 -9.871
1020 81.0 6.764 -10.449
1032 81.0 6.764 -10.806
1044 81.0 6.654 -11.356
1056 81.0 6.654 -11.823
1068 81.0 6.544 -12.401
996 420.0 -37.01 13.281
1008 420.0 -37.615 13.748
1020 420.0 -37.725 14.435
1032 420.0 -37.89 15.15
1044 420.0 -38.0 15.81
1056 420.0 -38.165 16.525
1068 420.0 -38.165 16.965
1080 420.0 -38.165 16.965
1020 274.0 -8.799 74.185
1032 274.0 -8.661 73.965
1044 274.0 -8.496 73.745
1056 274.0 -8.331 73.497
1068 274.0 -8.221 73.277
1080 274.0 -8.056 73.277
1092 274.0 -7.891 73.03
1104 274.0 -7.726 72.81
1200 255.0 -6.847 74.349
1212 255.0 -6.847 73.25
1224 255.0 -6.737 73.03
1236 255.0 -6.599 73.03
1248 255.0 -6.489 72.81
1260 255.0 -6.379 72.81
1272 255.0 -6.379 72.59
1284 255.0 -6.379 72.122
1212 419.0 8.001 -19.165
1224 419.0 8.111 -19.632
1236 419.0 8.111 -20.072
1248 419.0 8.111 -20.32
1260 419.0 8.111 -20.76
1272 419.0 8.111 -21.227
1284 419.0 8.111 -21.694
1296 419.0 8.111 -21.914
1224 82.0 6.324 -18.917
1236 82.0 6.324 -19.412
1248 82.0 6.434 -19.852
1260 82.0 6.434 -20.292
1272 82.0 6.434 -20.787
1284 82.0 6.434 -21.227
1296 82.0 6.434 -21.667
1308 82.0 6.434 -22.382
1236 421.0 -38.165 16.965
1248 421.0 -38.165 16.965
1260 421.0 -38.165 16.965
1272 421.0 -38.165 16.965
1284 421.0 -38.165 16.965
1296 421.0 -38.165 16.965
1308 421.0 -38.165 16.965
1320 421.0 -38.165 16.965
1260 275.0 -7.616 71.545
1272 275.0 -7.616 71.545
1284 275.0 -7.726 71.545
1296 275.0 -7.726 71.545
1308 275.0 -7.726 71.545
1320 275.0 -7.726 71.545
1332 275.0 -7.726 71.765
1344 275.0 -7.726 71.765
1308 111.0 -31.841 18.092
1320 111.0 -32.28 17.433
1332 111.0 -32.555 17.075
1344 111.0 -32.775 16.855
1356 111.0 -33.105 16.388
1368 111.0 -33.325 15.92
1380 111.0 -33.435 15.7
1392 111.0 -33.435 15.48
1440 256.0 -6.737 70.28
1452 256.0 -6.737 70.28
1464 256.0 -6.737 70.28
1476 256.0 -6.737 70.28
1488 256.0 -6.737 70.28
1500 256.0 -6.737 70.28
1512 256.0 -6.847 70.17
1524 256.0 -6.902 70.17
1500 276.0 -7.616 72.26
1512 276.0 -7.506 72.26
1524 276.0 -7.286 72.26
1536 276.0 -7.121 72.37
1548 276.0 -6.902 72.37
1560 276.0 -6.682 72.48
1572 276.0 -6.517 72.48
1584 276.0 -6.297 72.59
1680 257.0 -7.616 69.483
1692 257.0 -7.671 69.483
1704 257.0 -7.726 69.373
1716 257.0 -7.781 69.373
1728 257.0 -7.836 69.263
1740 257.0 -7.891 69.263
1752 257.0 -7.891 69.263
1764 257.0 -7.781 69.263
1740 277.0 -5.664 71.545
1752 277.0 -5.664 71.545
1764 277.0 -5.664 71.545
1776 277.0 -5.664 71.325
1788 277.0 -5.664 71.325
1800 277.0 -5.664 71.325
1812 277.0 -5.554 71.077
1824 277.0 -5.554 71.077
1920 258.0 -5.004 66.293
1932 258.0 -4.894 66.046
1944 258.0 -4.674 65.798
1956 258.0 -4.564 65.578
1968 258.0 -4.344 65.578
1980 258.0 -4.234 64.918
1992 258.0 -4.014 64.203
2004 258.0 -3.904 63.873
1980 278.0 -3.465 68.575
1992 278.0 -3.465 68.108
2004 278.0 -3.465 67.64
2016 278.0 -3.245 67.31
2028 278.0 -2.97 66.871
2040 278.0 -2.75 66.376
2052 278.0 -2.475 66.046
2064 278.0 -2.31 65.716
2004 65.0 -5.499 66.733
2016 65.0 -5.499 66.733
2028 65.0 -5.499 66.733
2040 65.0 -5.499 66.733
2052 65.0 -5.499 66.733
2064 65.0 -5.499 66.733
2076 65.0 -5.499 66.733
2088 65.0 -5.499 66.733
2004 67.0 -4.894 69.84
2016 67.0 -4.894 69.84
2028 67.0 -4.894 69.84
2040 67.0 -4.894 69.84
2052 67.0 -4.894 69.84
2064 67.0 -4.894 69.84
2076 67.0 -4.894 69.84
2088 67.0 -4.894 69.84
2160 259.0 -1.32 60.189
2172 259.0 -1.1 59.722
2184 259.0 -0.88 59.282
2196 259.0 -0.66 58.814
2208 259.0 -0.44 58.347
2220 259.0 -0.11 58.127
2232 259.0 0.33 58.127
2244 259.0 0.77 58.127
2220 279.0 0.11 60.436
2232 279.0 0.66 60.436
2244 279.0 1.1 60.436
2256 279.0 1.65 60.436
2268 279.0 2.09 60.189
2280 279.0 2.53 60.189
2292 279.0 3.08 60.189
2304 279.0 3.52 60.189
2244 66.0 -5.499 66.733
2256 66.0 -5.499 66.733
2268 66.0 -5.499 66.733
2280 66.0 -5.499 66.733
2292 66.0 -5.499 66.733
2304 66.0 -5.499 66.733
2316 66.0 -5.499 66.733
2328 66.0 -5.499 66.733
2244 68.0 -4.894 69.84
2256 68.0 -4.894 69.84
2268 68.0 -4.894 69.84
2280 68.0 -4.894 69.84
2292 68.0 -4.894 69.84
2304 68.0 -4.894 69.84
2316 68.0 -4.894 69.84
2328 68.0 -4.894 69.84
2400 260.0 6.489 58.594
2412 260.0 6.929 58.594
2424 260.0 7.369 58.594
2436 260.0 7.809 58.594
2448 260.0 8.276 58.594
2460 260.0 8.716 58.594
2472 260.0 9.184 58.594
2484 260.0 9.624 58.814
2460 280.0 9.844 59.502
2472 280.0 10.394 59.502
2484 280.0 10.614 59.722
2496 280.0 10.833 60.079
2508 280.0 10.888 60.079
2520 280.0 10.998 60.216
2532 280.0 11.108 60.216
2544 280.0 11.218 60.216
2640 261.0 14.243 63.983
2652 261.0 14.683 64.231
2664 261.0 15.013 64.671
2676 261.0 15.343 64.891
2688 261.0 15.453 65.111
2700 261.0 15.673 65.358
2712 261.0 15.783 65.606
2724 261.0 15.783 65.606
2664 302.0 38.935 73.855
2676 302.0 38.275 73.855
2688 302.0 38.275 73.855
2700 302.0 38.275 73.855
2712 302.0 38.275 73.855
2724 302.0 38.275 73.855
2736 302.0 38.165 73.855
2748 302.0 38.165 73.855
2664 309.0 12.538 77.842
2676 309.0 12.538 77.402
2688 309.0 12.428 76.714
2700 309.0 12.428 75.807
2712 309.0 12.318 74.872
2724 309.0 12.318 74.432
2736 309.0 12.318 73.717
2748 309.0 12.208 73.277
2700 281.0 15.178 64.561
2712 281.0 15.618 64.781
2724 281.0 15.728 65.001
2736 281.0 15.728 65.001
2748 281.0 15.728 65.001
2760 281.0 15.728 65.001
2772 281.0 15.728 65.001
2784 281.0 15.728 65.001
2880 262.0 15.783 65.606
2892 262.0 15.783 65.606
2904 262.0 15.783 65.606
2916 262.0 15.783 65.606
2928 262.0 15.783 65.606
2940 262.0 15.783 65.606
2952 262.0 15.783 65.606
2964 262.0 15.783 65.606
2904 303.0 37.945 73.855
2916 303.0 37.835 73.855
2928 303.0 37.835 73.855
2940 303.0 37.835 73.855
2952 303.0 37.835 73.855
2964 303.0 37.835 73.855
2976 303.0 37.725 73.855
2988 303.0 37.505 73.855
2904 310.0 12.208 65.936
2916 310.0 12.208 65.248
2928 310.0 12.208 64.781
2940 310.0 12.208 64.093
2952 310.0 12.208 63.406
2964 310.0 12.208 62.939
2976 310.0 12.208 62.031
2988 310.0 12.208 61.344
2940 282.0 15.728 65.001
2952 282.0 15.728 65.001
2964 282.0 15.728 65.001
2976 282.0 15.728 65.001
2988 282.0 15.728 65.001
3000 282.0 15.728 65.001
3012 282.0 15.728 65.358
3024 282.0 15.728 65.358
3120 263.0 15.783 65.111
3132 263.0 15.783 65.111
3144 263.0 15.893 65.111
3156 263.0 15.893 64.891
3168 263.0 15.893 64.891
3180 263.0 15.893 64.891
3192 263.0 15.893 64.891
3204 263.0 15.893 64.891
3144 304.0 36.295 74.652
3156 304.0 36.295 74.652
3168 304.0 36.295 74.652
3180 304.0 36.295 74.652
3192 304.0 36.295 74.652
3204 304.0 36.405 74.404
3216 304.0 36.405 74.404
3228 304.0 36.405 74.404
3144 311.0 12.263 54.69
3156 311.0 12.263 54.002
3168 311.0 12.263 53.315
3180 311.0 12.263 52.628
3192 311.0 12.373 51.94
3204 311.0 12.373 51.253
3216 311.0 12.373 50.565
3228 311.0 12.373 49.85
3180 283.0 15.728 65.358
3192 283.0 15.728 65.358
3204 283.0 15.728 65.358
3216 283.0 15.728 65.358
3228 283.0 15.728 65.358
3240 283.0 15.728 65.358
3252 283.0 15.728 65.358
3264 283.0 15.728 65.358
3384 312.0 12.483 42.536
3396 312.0 12.483 41.849
3408 312.0 12.483 41.162
3420 312.0 12.483 40.722
3432 312.0 12.483 40.007
3444 312.0 12.373 39.567
3456 312.0 12.373 38.852
3468 312.0 12.373 38.192
3384 319.0 -37.945 23.619
3396 319.0 -37.285 23.729
3408 319.0 -36.515 23.949
3420 319.0 -35.635 23.949
3432 319.0 -34.865 23.949
3444 319.0 -34.095 23.949
3456 319.0 -33.325 23.949
3468 319.0 -32.665 23.949
3420 284.0 15.728 65.358
3432 284.0 15.728 65.358
3444 284.0 15.728 65.358
3456 284.0 15.728 65.358
3468 284.0 15.728 65.358
3480 284.0 15.728 65.358
3492 284.0 15.728 65.358
3504 284.0 15.673 65.358
3480 339.0 12.263 -28.321
3492 339.0 12.043 -28.101
3504 339.0 11.933 -27.661
3516 339.0 11.823 -27.056
3528 339.0 11.713 -26.506
3540 339.0 11.603 -25.929
3552 339.0 11.438 -25.351
3564 339.0 11.438 -24.911
3504 96.0 -37.45 21.777
3516 96.0 -37.01 21.777
3528 96.0 -36.57 21.777
3540 96.0 -36.13 21.777
3552 96.0 -35.635 21.777
3564 96.0 -35.195 21.777
3576 96.0 -34.755 21.777
3588 96.0 -34.315 21.777
3504 329.0 10.998 -27.881
3516 329.0 10.943 -27.166
3528 329.0 10.833 -26.616
3540 329.0 10.778 -26.039
3552 329.0 10.723 -25.571
3564 329.0 10.614 -24.911
3576 329.0 10.559 -24.334
3588 329.0 10.559 -23.757
3504 359.0 37.615 73.745
3516 359.0 37.945 73.745
3528 359.0 38.22 73.745
3540 359.0 38.44 73.745
3552 359.0 38.66 73.745
3564 359.0 38.88 73.745
3576 359.0 39.099 73.965
3588 359.0 39.209 73.965
3516 349.0 -38.66 22.602
3528 349.0 -38.275 22.712
3540 349.0 -37.89 22.932
3552 349.0 -37.56 22.932
3564 349.0 -37.12 22.932
3576 349.0 -36.79 22.932
3588 349.0 -36.35 22.932
3600 349.0 -35.91 22.932
3552 353.0 -37.23 23.592
3564 353.0 -36.79 23.592
3576 353.0 -36.46 23.592
3588 353.0 -36.02 23.592
3600 353.0 -35.58 23.592
3612 353.0 -35.25 23.592
3624 353.0 -34.81 23.592
3636 353.0 -34.48 23.867
3624 234.0 -34.205 22.244
3636 234.0 -33.875 22.244
3648 234.0 -33.545 22.244
3660 234.0 -33.105 22.244
3672 234.0 -32.775 22.244
3684 234.0 -32.335 22.464
3696 234.0 -31.895 22.464
3708 234.0 -31.456 22.464
3624 313.0 12.373 31.868
3636 313.0 12.373 31.181
3648 313.0 12.373 30.493
3660 313.0 12.373 30.053
3672 313.0 12.373 29.338
3684 313.0 12.373 28.898
3696 313.0 12.373 28.431
3708 313.0 12.373 27.744
3624 320.0 -23.344 23.152
3636 320.0 -22.464 23.152
3648 320.0 -21.557 23.152
3660 320.0 -20.677 23.152
3672 320.0 -19.907 23.152
3684 320.0 -19.137 23.152
3696 320.0 -18.697 23.152
3708 320.0 -18.147 23.152
3624 346.0 -38.66 22.574
3636 346.0 -38.33 22.712
3648 346.0 -38.055 22.822
3660 346.0 -37.67 23.042
3672 346.0 -37.23 23.042
3684 346.0 -36.68 23.042
3696 346.0 -36.13 23.042
3708 346.0 -35.69 23.262
3660 285.0 14.738 67.31
3672 285.0 14.408 67.31
3684 285.0 14.188 67.31
3696 285.0 13.858 67.31
3708 285.0 13.528 67.31
3720 285.0 13.198 67.091
3732 285.0 12.868 67.091
3744 285.0 12.538 67.091
3720 340.0 11.548 -16.168
3732 340.0 11.438 -15.508
3744 340.0 11.328 -15.04
3756 340.0 11.218 -14.353
3768 340.0 11.108 -13.886
3780 340.0 10.998 -13.198
3792 340.0 10.888 -12.758
3804 340.0 10.778 -12.043
3732 17.0 39.594 63.296
3744 17.0 39.594 63.296
3756 17.0 39.594 63.296
3768 17.0 39.594 63.296
3780 17.0 39.539 63.296
3792 17.0 39.484 63.296
3804 17.0 39.374 63.296
3816 17.0 39.044 63.296
3744 97.0 -29.256 22.217
3756 97.0 -28.706 22.217
3768 97.0 -28.266 22.217
3780 97.0 -27.716 22.217
3792 97.0 -27.386 22.217
3804 97.0 -26.946 22.217
3816 97.0 -26.506 22.217
3828 97.0 -26.066 22.217
3744 330.0 10.394 -15.398
3756 330.0 10.284 -14.683
3768 330.0 10.174 -14.243
3780 330.0 10.174 -13.528
3792 330.0 10.064 -13.088
3804 330.0 10.064 -12.373
3816 330.0 9.954 -11.713
3828 330.0 9.954 -10.998
3744 360.0 38.385 73.745
3756 360.0 38.165 73.745
3768 360.0 37.945 73.745
3780 360.0 37.835 73.745
3792 360.0 37.285 73.745
3804 360.0 36.955 73.745
3816 360.0 36.735 73.965
3828 360.0 36.625 74.185
3756 350.0 -30.741 22.712
3768 350.0 -30.301 22.712
3780 350.0 -29.861 22.712
3792 350.0 -29.421 22.712
3804 350.0 -28.981 22.712
3816 350.0 -28.431 22.712
3828 350.0 -27.991 22.932
3840 350.0 -27.551 22.932
3780 343.0 39.264 64.341
3792 343.0 38.989 64.341
3804 343.0 38.715 64.341
3816 343.0 38.44 64.341
3828 343.0 38.22 64.341
3840 343.0 38.0 64.341
3852 343.0 37.78 64.093
3864 343.0 37.56 64.093
3792 354.0 -29.091 24.087
3804 354.0 -28.651 24.087
3816 354.0 -28.211 24.087
3828 354.0 -27.771 24.087
3840 354.0 -27.331 24.307
3852 354.0 -27.001 24.307
3864 354.0 -26.561 24.307
3876 354.0 -26.121 24.307
3864 314.0 13.143 20.65
3876 314.0 13.143 20.155
3888 314.0 13.143 19.715
3900 314.0 13.253 19.275
3912 314.0 13.253 18.56
3924 314.0 13.253 18.12
3936 314.0 13.253 17.625
3948 314.0 13.253 17.185
3864 321.0 -8.221 23.839
3876 321.0 -7.561 23.839
3888 321.0 -6.792 23.839
3900 321.0 -5.884 23.839
3912 321.0 -5.114 23.839
3924 321.0 -4.344 23.839
3936 321.0 -3.574 23.839
3948 321.0 -2.805 23.839
3864 347.0 -29.311 23.949
3876 347.0 -28.871 23.949
3888 347.0 -28.431 24.197
3900 347.0 -27.881 24.197
3912 347.0 -27.441 24.197
3924 347.0 -27.001 24.197
3936 347.0 -26.451 23.949
3948 347.0 -26.011 23.949
3900 286.0 10.668 62.031
3912 286.0 10.559 61.591
3924 286.0 10.559 61.096
3936 286.0 10.668 60.656
3948 286.0 10.778 60.189
3960 286.0 10.888 59.969
3972 286.0 10.998 59.502
3984 286.0 11.108 59.062
3960 341.0 10.229 -3.574
3972 341.0 10.119 -2.86
3984 341.0 10.119 -2.2
3996 341.0 10.009 -1.732
4008 341.0 9.899 -1.155
4020 341.0 9.899 -0.467
4032 341.0 9.844 0.22
4044 341.0 9.789 0.907
3972 18.0 35.965 63.763
3984 18.0 35.745 63.763
3996 18.0 35.415 63.983
4008 18.0 35.085 63.873
4020 18.0 34.81 63.873
4032 18.0 34.535 63.736
4044 18.0 34.205 63.736
4056 18.0 33.93 63.736
3984 98.0 -21.282 22.217
3996 98.0 -20.952 21.997
4008 98.0 -20.402 21.997
4020 98.0 -19.852 21.997
4032 98.0 -19.302 21.997
4044 98.0 -18.862 22.107
4056 98.0 -18.532 22.327
4068 98.0 -18.312 22.327
3984 331.0 9.294 -2.97
3996 331.0 9.239 -2.31
4008 331.0 9.239 -1.622
4020 331.0 9.321 -0.935
4032 331.0 9.376 -0.357
4044 331.0 9.321 0.33
4056 331.0 9.046 1.017
4068 331.0 8.771 1.705
3984 361.0 36.625 74.404
3996 361.0 36.625 74.404
4008 361.0 36.625 74.185
4020 361.0 36.735 74.185
4032 361.0 36.79 74.075
4044 361.0 36.9 73.965
4056 361.0 36.955 73.965
4068 361.0 37.065 73.827
3996 243.0 12.538 59.007
4008 243.0 12.153 58.374
4020 243.0 11.933 58.347
4032 243.0 12.373 57.549
4044 243.0 12.868 56.999
4056 243.0 13.143 56.532
4068 243.0 13.253 56.065
4080 243.0 13.363 55.597
3996 351.0 -22.547 22.712
4008 351.0 -22.107 22.712
4020 351.0 -21.722 22.712
4032 351.0 -21.392 22.712
4044 351.0 -21.007 22.464
4056 351.0 -20.622 22.217
4068 351.0 -20.182 22.217
4080 351.0 -19.742 22.217
3996 357.0 -21.062 24.142
4008 357.0 -20.842 23.042
4020 357.0 -20.402 22.822
4032 357.0 -19.962 22.574
4044 357.0 -19.632 22.574
4056 357.0 -19.412 22.574
4068 357.0 -19.302 22.574
4080 357.0 -18.862 22.574
4020 344.0 34.205 64.781
4032 344.0 33.93 64.781
4044 344.0 33.71 64.781
4056 344.0 33.435 64.781
4068 344.0 33.105 64.781
4080 344.0 32.775 64.781
4092 344.0 32.445 64.781
4104 344.0 32.005 64.781
4032 355.0 -20.457 24.087
4044 355.0 -20.072 23.977
4056 355.0 -19.632 23.977
4068 355.0 -19.192 23.977
4080 355.0 -18.752 23.729
4092 355.0 -18.312 23.729
4104 355.0 -17.872 23.729
4116 355.0 -17.543 23.977
4104 315.0 13.253 9.734
4116 315.0 13.253 9.294
4128 315.0 13.253 9.074
4140 315.0 13.253 8.579
4152 315.0 13.253 8.139
4164 315.0 13.253 7.671
4176 315.0 13.363 6.984
4188 315.0 13.363 6.049
4104 322.0 5.609 23.949
4116 322.0 6.159 23.949
4128 322.0 6.819 24.197
4140 322.0 7.369 24.197
4152 322.0 8.056 24.197
4164 322.0 8.826 24.197
4176 322.0 9.734 24.197
4188 322.0 10.504 23.949
4104 348.0 -19.907 23.482
4116 348.0 -19.467 23.482
4128 348.0 -18.917 23.482
4140 348.0 -18.862 23.262
4152 348.0 -18.862 23.152
4164 348.0 -18.862 23.042
4176 348.0 -18.807 23.042
4188 348.0 -17.048 23.042
4140 287.0 12.373 53.205
4152 287.0 12.263 52.518
4164 287.0 12.153 52.05
4176 287.0 12.043 51.363
4188 287.0 11.933 50.895
4200 287.0 11.823 50.455
4212 287.0 11.823 50.098
4224 287.0 11.713 49.658
4200 342.0 9.184 9.954
4212 342.0 9.184 10.668
4224 342.0 9.184 11.108
4236 342.0 9.184 11.796
4248 342.0 9.184 12.263
4260 342.0 9.184 12.951
4272 342.0 9.184 13.638
4284 342.0 9.294 14.078
4212 19.0 29.476 63.516
4224 19.0 29.146 63.296
4236 19.0 28.816 63.296
4248 19.0 28.596 63.296
4260 19.0 28.376 63.076
4272 19.0 28.046 63.076
4284 19.0 27.826 63.076
4296 19.0 27.606 62.856
4224 99.0 -13.033 22.107
4236 99.0 -12.703 22.107
4248 99.0 -12.263 22.107
4260 99.0 -11.823 22.107
4272 99.0 -11.493 22.107
4284 99.0 -11.053 22.107
4296 99.0 -10.723 22.107
4308 99.0 -10.284 22.107
4224 332.0 8.056 10.201
4236 332.0 8.056 10.888
4248 332.0 8.056 11.328
4260 332.0 8.056 12.043
4272 332.0 8.056 12.703
4284 332.0 8.056 13.418
4296 332.0 8.056 14.078
4308 332.0 8.056 14.793
4224 362.0 38.495 72.81
4236 362.0 38.495 72.81
4248 362.0 38.605 72.81
4260 362.0 38.605 72.81
4272 362.0 38.605 72.81
4284 362.0 38.715 72.81
4296 362.0 38.715 73.03
4308 362.0 38.715 73.277
4236 244.0 13.088 49.411
4248 244.0 13.088 48.943
4260 244.0 12.978 48.283
4272 244.0 12.868 47.816
4284 244.0 12.868 47.348
4296 244.0 12.868 46.908
4308 244.0 12.868 46.441
4320 244.0 12.758 45.974
4236 352.0 -14.133 23.262
4248 352.0 -13.693 23.262
4260 352.0 -13.143 23.482
4272 352.0 -12.593 23.482
4284 352.0 -12.043 23.482
4296 352.0 -11.603 23.482
4308 352.0 -11.053 23.729
4320 352.0 -10.504 23.729
4236 358.0 -14.353 21.887
4248 358.0 -14.023 22.107
4260 358.0 -13.583 22.107
4272 358.0 -13.143 22.107
4284 358.0 -12.703 22.354
4296 358.0 -12.263 22.354
4308 358.0 -11.933 22.574
4320 358.0 -11.493 22.574
4260 345.0 27.276 64.093
4272 345.0 26.836 64.093
4284 345.0 26.506 63.873
4296 345.0 26.286 63.626
4308 345.0 26.176 63.626
4320 345.0 26.066 63.406
4332 345.0 25.956 63.186
4344 345.0 25.846 63.186
4272 356.0 -13.143 23.729
4284 356.0 -12.923 23.729
4296 356.0 -12.703 23.729
4308 356.0 -12.483 23.729
4320 356.0 -12.263 23.729
4332 356.0 -12.043 23.729
4344 356.0 -11.823 23.482
4356 356.0 -11.713 23.482
4296 112.0 38.935 20.292
4308 112.0 38.385 20.072
4320 112.0 37.725 20.072
4332 112.0 37.065 20.072
4344 112.0 36.405 19.825
4356 112.0 35.635 19.825
4368 112.0 34.865 19.825
4380 112.0 34.095 19.825
4344 316.0 13.913 -1.265
4356 316.0 13.913 -1.732
4368 316.0 13.913 -2.2
4380 316.0 13.913 -2.86
4392 316.0 13.913 -3.355
4404 316.0 13.913 -4.014
4416 316.0 13.913 -4.509
4428 316.0 13.913 -5.169
4344 323.0 20.402 24.417
4356 323.0 21.172 24.417
4368 323.0 22.052 25.104
4380 323.0 22.712 25.791
4392 323.0 23.317 26.479
4404 323.0 23.949 26.726
4416 323.0 23.894 27.166
4428 323.0 24.114 27.854
4380 288.0 11.603 43.691
4392 288.0 11.603 43.224
4404 288.0 11.603 42.536
4416 288.0 11.603 41.849
4428 288.0 11.603 41.382
4440 288.0 11.603 40.914
4452 288.0 11.603 40.474
4464 288.0 11.603 40.007
4452 20.0 27.386 60.986
4464 20.0 27.386 60.766
4476 20.0 27.386 60.546
4488 20.0 27.386 60.326
4500 20.0 27.386 60.326
4512 20.0 27.276 60.079
4524 20.0 27.276 59.832
4536 20.0 27.276 59.612
4464 100.0 -5.059 21.887
4476 100.0 -4.729 21.887
4488 100.0 -4.289 21.887
4500 100.0 -3.849 21.887
4512 100.0 -3.52 21.887
4524 100.0 -3.08 21.887
4536 100.0 -2.75 21.887
4548 100.0 -2.31 21.887
4464 333.0 8.001 23.042
4476 333.0 8.111 23.509
4488 333.0 8.221 24.197
4500 333.0 8.331 24.884
4512 333.0 8.331 25.324
4524 333.0 8.331 26.011
4536 333.0 8.331 26.726
4548 333.0 8.386 27.386
4476 245.0 12.978 39.787
4488 245.0 12.978 39.319
4500 245.0 13.088 38.88
4512 245.0 13.088 38.165
4524 245.0 13.088 37.725
4536 245.0 13.088 37.257
4548 245.0 13.088 36.79
4560 245.0 13.088 36.35
4536 113.0 24.719 20.512
4548 113.0 24.004 20.512
4560 113.0 23.399 20.402
4572 113.0 22.712 20.182
4584 113.0 22.052 19.962
4596 113.0 21.502 19.715
4608 113.0 20.842 19.715
4620 113.0 20.182 19.467
4548 106.0 38.77 20.65
4560 106.0 38.0 20.65
4572 106.0 37.23 20.402
4584 106.0 36.46 20.155
4596 106.0 35.69 19.935
4608 106.0 34.865 19.935
4620 106.0 34.095 19.935
4632 106.0 33.325 19.935
4584 317.0 15.563 -12.621
4596 317.0 15.838 -13.061
4608 317.0 16.113 -13.666
4620 317.0 16.388 -14.106
4632 317.0 16.608 -14.71
4644 317.0 17.158 -14.71
4656 317.0 17.707 -14.93
4668 317.0 18.257 -14.93
4584 324.0 24.829 35.992
4596 324.0 24.829 36.46
4608 324.0 24.829 37.037
4620 324.0 24.829 37.615
4632 324.0 24.884 38.192
4644 324.0 24.884 38.632
4656 324.0 24.884 39.319
4668 324.0 24.884 39.787
4620 289.0 12.043 33.71
4632 289.0 12.098 33.243
4644 289.0 12.098 32.775
4656 289.0 12.153 32.335
4668 289.0 12.153 31.758
4680 289.0 12.263 31.291
4692 289.0 12.263 30.851
4704 289.0 12.318 30.246
4692 21.0 27.221 56.972
4704 21.0 27.166 56.862
4716 21.0 27.166 56.642
4728 21.0 27.166 56.422
4740 21.0 27.166 56.202
4752 21.0 27.166 55.955
4764 21.0 27.166 55.845
4776 21.0 27.166 55.597
4704 101.0 2.53 22.107
4716 101.0 2.97 22.107
4728 101.0 3.3 22.327
4740 101.0 3.629 22.327
4752 101.0 3.959 22.327
4764 101.0 4.289 22.327
4776 101.0 4.619 22.327
4788 101.0 4.949 22.327
4704 334.0 8.716 36.24
4716 334.0 8.716 36.927
4728 334.0 8.716 37.615
4740 334.0 8.771 38.302
4752 334.0 8.771 38.852
4764 334.0 8.826 39.567
4776 334.0 8.881 40.227
4788 334.0 8.881 40.804
4716 246.0 13.198 30.026
4728 246.0 13.198 29.586
4740 246.0 13.253 29.118
4752 246.0 13.253 28.651
4764 246.0 13.308 28.211
4776 246.0 13.308 27.744
4788 246.0 13.363 27.276
4800 246.0 13.363 26.836
4776 114.0 13.583 16.498
4788 114.0 13.583 16.058
4800 114.0 13.473 15.838
4812 114.0 13.473 15.343
4824 114.0 13.473 15.123
4836 114.0 13.473 14.683
4848 114.0 13.473 14.435
4860 114.0 12.978 11.218
4788 107.0 22.712 20.402
4800 107.0 21.832 20.155
4812 107.0 21.062 20.155
4824 107.0 20.237 19.935
4836 107.0 19.412 19.935
4848 107.0 18.587 19.935
4860 107.0 17.707 19.935
4872 107.0 16.938 19.715
4800 83.0 12.923 76.467
4812 83.0 12.923 75.559
4824 83.0 12.923 74.872
4836 83.0 12.923 74.185
4848 83.0 12.923 73.497
4860 83.0 12.923 72.562
4872 83.0 12.923 71.902
4884 83.0 12.923 71.187
4824 318.0 26.121 -16.745
4836 318.0 26.781 -16.745
4848 318.0 27.331 -16.745
4860 318.0 27.771 -16.745
4872 318.0 28.321 -16.745
4884 318.0 28.871 -16.745
4896 318.0 29.311 -16.745
4908 318.0 29.861 -16.525
4824 325.0 24.664 46.441
4836 325.0 24.664 46.881
4848 325.0 24.554 47.596
4860 325.0 24.554 48.036
4872 325.0 24.554 48.476
4884 325.0 24.444 48.971
4896 325.0 24.444 49.411
4908 325.0 24.334 49.85
4848 265.0 -38.44 24.527
4860 265.0 -38.0 24.197
4872 265.0 -37.505 24.197
4884 265.0 -36.845 24.197
4896 265.0 -36.185 24.197
4908 265.0 -35.525 24.197
4920 265.0 -34.975 24.197
4932 265.0 -34.315 24.197
4860 290.0 12.538 24.087
4872 290.0 12.538 23.619
4884 290.0 12.538 23.152
4896 290.0 12.538 22.712
4908 290.0 12.538 22.217
4920 290.0 12.538 21.777
4932 290.0 12.428 21.337
4944 290.0 12.428 20.842
4932 22.0 27.056 52.985
4944 22.0 27.056 52.738
4956 22.0 27.056 52.518
4968 22.0 27.056 52.38
4980 22.0 27.056 52.16
4992 22.0 27.056 51.94
5004 22.0 27.056 51.72
5016 22.0 27.056 51.5
4944 102.0 9.184 22.602
4956 102.0 9.514 22.602
4968 102.0 9.734 22.602
4980 102.0 10.064 22.602
4992 102.0 10.394 22.602
5004 102.0 10.833 22.712
5016 102.0 11.163 22.712
5028 102.0 11.493 22.712
4944 335.0 9.211 49.63
4956 335.0 9.211 50.345
4968 335.0 9.211 51.005
4980 335.0 9.211 51.72
4992 335.0 9.211 52.38
5004 335.0 9.211 53.095
5016 335.0 9.211 53.755
5028 335.0 9.211 54.47
4956 247.0 13.528 20.87
4968 247.0 13.528 20.402
4980 247.0 13.528 19.935
4992 247.0 13.528 19.495
5004 247.0 13.418 19.027
5016 247.0 13.418 18.45
5028 247.0 13.418 17.982
5040 247.0 13.418 17.405
5004 88.0 5.719 24.059
5016 88.0 6.049 24.059
5028 88.0 6.489 24.059
5040 88.0 6.929 24.059
5052 88.0 7.259 24.059
5064 88.0 7.726 24.059
5076 88.0 8.056 24.059
5088 88.0 8.386 24.059
5004 92.0 9.514 21.777
5016 92.0 9.844 21.777
5028 92.0 10.174 21.777
5040 92.0 10.504 21.777
5052 92.0 10.833 21.777
5064 92.0 11.218 21.777
5076 92.0 11.548 21.777
5088 92.0 11.878 21.997
5004 235.0 9.679 24.197
5016 235.0 9.789 24.197
5028 235.0 10.119 24.197
5040 235.0 10.449 24.197
5052 235.0 10.778 24.197
5064 235.0 11.108 24.197
5076 235.0 11.328 24.197
5088 235.0 11.713 24.417
5004 239.0 10.009 25.351
5016 239.0 10.339 25.351
5028 239.0 10.668 25.351
5040 239.0 10.998 25.351
5052 239.0 11.218 25.351
5064 239.0 11.548 25.351
5076 239.0 11.878 25.351
5088 239.0 12.208 25.461
5004 328.0 8.496 53.095
5016 328.0 8.496 53.755
5028 328.0 8.496 54.47
5040 328.0 8.496 55.157
5052 328.0 8.496 55.845
5064 328.0 8.496 56.532
5076 328.0 8.496 57.219
5088 328.0 8.496 58.017
5004 337.0 12.098 63.516
5016 337.0 12.098 62.829
5028 337.0 12.098 62.141
5040 337.0 12.098 61.234
5052 337.0 12.098 60.546
5064 337.0 12.098 59.832
5076 337.0 12.098 58.952
5088 337.0 12.098 58.237
5016 115.0 13.418 1.925
5028 115.0 13.473 1.265
5040 115.0 13.528 0.687
5052 115.0 13.583 -0.137
5064 115.0 13.583 -0.687
5076 115.0 13.638 -1.512
5088 115.0 13.693 -2.062
5100 115.0 13.748 -2.75
5028 108.0 6.049 19.605
5040 108.0 5.389 19.715
5052 108.0 4.729 19.605
5064 108.0 4.124 19.715
5076 108.0 3.41 19.852
5088 108.0 2.53 19.852
5100 108.0 1.76 19.852
5112 108.0 0.88 19.852
5040 84.0 12.868 61.454
5052 84.0 12.868 60.766
5064 84.0 12.923 59.859
5076 84.0 12.923 59.172
5088 84.0 12.923 58.484
5100 84.0 12.923 57.687
5112 84.0 12.868 56.862
5124 84.0 12.923 56.175
5064 326.0 25.406 56.642
5076 326.0 25.461 57.329
5088 326.0 25.516 57.769
5100 326.0 25.736 58.484
5112 326.0 25.846 58.924
5124 326.0 26.066 59.392
5136 326.0 26.176 60.079
5148 326.0 26.396 60.519
5088 266.0 -26.341 23.949
5100 266.0 -25.681 23.949
5112 266.0 -25.021 23.949
5124 266.0 -24.334 23.949
5136 266.0 -23.674 23.949
5148 266.0 -23.014 23.949
5160 266.0 -22.464 23.949
5172 266.0 -21.777 23.949
5100 291.0 12.428 15.013
5112 291.0 12.428 14.435
5124 291.0 12.428 13.968
5136 291.0 12.428 13.528
5148 291.0 12.428 13.061
5160 291.0 12.428 12.593
5172 291.0 12.428 12.043
5184 291.0 12.428 11.548
5172 23.0 27.221 48.256
5184 23.0 27.221 47.816
5196 23.0 27.276 47.596
5208 23.0 27.276 47.348
5220 23.0 27.276 47.128
5232 23.0 27.276 46.881
5244 23.0 27.276 46.661
5256 23.0 27.331 46.441
5184 103.0 16.223 22.464
5196 103.0 16.663 22.217
5208 103.0 16.993 22.217
5220 103.0 17.323 22.217
5232 103.0 17.653 22.107
5244 103.0 18.092 21.997
5256 103.0 18.422 21.997
5268 103.0 18.752 21.887
5184 336.0 9.569 63.983
5196 336.0 9.569 64.671
5208 336.0 9.569 65.358
5220 336.0 9.624 66.266
5232 336.0 9.624 66.953
5244 336.0 9.624 67.64
5256 336.0 9.734 68.328
5268 336.0 9.734 69.015
5196 248.0 13.143 10.888
5208 248.0 13.033 10.449
5220 248.0 13.033 9.954
5232 248.0 12.923 9.404
5244 248.0 12.923 8.936
5256 248.0 12.813 8.469
5268 248.0 12.813 8.029
5280 248.0 12.813 7.534
5244 89.0 13.803 24.059
5256 89.0 14.133 24.059
5268 89.0 14.573 24.059
5280 89.0 14.903 24.059
5292 89.0 15.343 24.307
5304 89.0 15.673 24.307
5316 89.0 16.113 24.307
5328 89.0 16.443 24.527
5244 93.0 16.388 22.464
5256 93.0 16.718 22.464
5268 93.0 17.048 22.464
5280 93.0 17.378 22.464
5292 93.0 17.707 22.464
5304 93.0 18.037 22.464
5316 93.0 18.477 22.464
5328 93.0 18.807 22.464
5244 236.0 15.893 24.417
5256 236.0 16.223 24.417
5268 236.0 16.553 24.417
5280 236.0 16.993 24.417
5292 236.0 17.323 24.417
5304 236.0 17.762 24.417
5316 236.0 17.982 24.417
5328 236.0 18.312 24.417
5244 240.0 16.663 25.461
5256 240.0 16.993 25.461
5268 240.0 17.433 25.461
5280 240.0 17.762 25.461
5292 240.0 18.092 25.461
5304 240.0 18.532 25.461
5316 240.0 18.862 25.461
5328 240.0 19.192 25.461
5244 338.0 11.988 48.173
5256 338.0 11.988 47.458
5268 338.0 11.988 46.798
5280 338.0 11.988 46.083
5292 338.0 11.988 45.176
5304 338.0 11.988 44.489
5316 338.0 11.933 43.801
5328 338.0 11.933 43.114
5256 116.0 14.078 -12.153
5268 116.0 14.078 -12.978
5280 116.0 14.188 -13.666
5292 116.0 14.188 -14.353
5304 116.0 14.188 -14.82
5316 116.0 14.188 -15.48
5328 116.0 14.188 -15.948
5340 116.0 14.188 -16.415
5268 109.0 -9.294 19.852
5280 109.0 -9.954 20.072
5292 109.0 -10.723 20.072
5304 109.0 -11.493 20.072
5316 109.0 -12.153 20.072
5328 109.0 -12.923 20.072
5340 109.0 -13.583 20.072
5352 109.0 -14.353 20.072
5280 85.0 12.978 46.303
5292 85.0 12.978 45.534
5304 85.0 12.923 44.819
5316 85.0 12.923 44.159
5328 85.0 12.923 43.224
5340 85.0 12.923 42.536
5352 85.0 12.923 41.739
5364 85.0 12.923 41.024
5304 327.0 29.146 67.668
5316 327.0 29.366 68.328
5328 327.0 29.586 69.043
5340 327.0 29.916 69.703
5352 327.0 30.136 70.418
5364 327.0 30.356 70.857
5376 327.0 30.356 71.077
5388 327.0 30.466 71.572
5328 267.0 -13.748 23.949
5340 267.0 -13.088 24.169
5352 267.0 -12.428 24.417
5364 267.0 -11.768 24.417
5376 267.0 -11.108 24.664
5388 267.0 -10.449 24.664
5400 267.0 -9.789 24.664
5412 267.0 -9.129 24.664
5340 292.0 11.988 4.894
5352 292.0 11.878 4.454
5364 292.0 11.878 3.794
5376 292.0 11.768 3.3
5388 292.0 11.768 2.86
5400 292.0 11.768 2.145
5412 292.0 11.768 1.705
5424 292.0 11.768 1.265
5412 24.0 27.496 42.976
5424 24.0 27.496 42.756
5436 24.0 27.606 42.536
5448 24.0 27.606 42.207
5460 24.0 27.606 41.959
5472 24.0 27.716 41.602
5484 24.0 27.716 41.272
5496 24.0 27.716 41.052
5424 104.0 23.949 21.667
5436 104.0 24.279 21.667
5448 104.0 24.609 21.667
5460 104.0 24.939 21.667
5472 104.0 25.296 21.667
5484 104.0 25.736 21.887
5496 104.0 26.066 21.887
5508 104.0 26.396 21.997
5436 249.0 12.483 1.155
5448 249.0 12.483 0.66
5460 249.0 12.483 0.22
5472 249.0 12.483 -0.22
5484 249.0 12.483 -0.935
5496 249.0 12.483 -1.375
5508 249.0 12.373 -1.87
5520 249.0 12.318 -2.31
5484 90.0 21.502 25.434
5496 90.0 21.832 25.681
5508 90.0 22.162 25.544
5520 90.0 22.547 25.544
5532 90.0 22.932 25.544
5544 90.0 23.344 25.544
5556 90.0 23.784 25.544
5568 90.0 24.114 25.434
5484 94.0 23.784 22.464
5496 94.0 24.114 22.217
5508 94.0 24.554 21.997
5520 94.0 24.994 21.997
5532 94.0 25.461 21.997
5544 94.0 25.956 21.777
5556 94.0 26.396 21.777
5568 94.0 26.836 21.777
5484 237.0 22.932 24.197
5496 237.0 23.372 24.197
5508 237.0 23.784 23.949
5520 237.0 24.224 23.839
5532 237.0 24.719 23.729
5544 237.0 25.159 23.619
5556 237.0 25.681 23.619
5568 237.0 26.121 23.399
5484 241.0 23.839 25.241
5496 241.0 24.169 25.241
5508 241.0 24.609 24.966
5520 241.0 25.131 24.966
5532 241.0 25.571 24.747
5544 241.0 26.011 24.747
5556 241.0 26.451 24.637
5568 241.0 26.891 24.527
5496 1.0 26.891 42.262
5508 1.0 26.891 41.024
5520 1.0 26.891 40.584
5532 1.0 26.891 40.364
5544 1.0 26.891 39.897
5556 1.0 26.891 39.649
5568 1.0 26.891 39.209
5580 1.0 27.001 38.989
5496 230.0 15.508 74.13
5508 230.0 15.508 73.03
5520 230.0 15.508 73.03
5532 230.0 15.508 73.03
5544 230.0 15.508 73.03
5556 230.0 15.508 73.03
5568 230.0 15.508 73.03
5580 230.0 15.508 73.03
5508 54.0 12.373 79.326
5520 54.0 12.208 78.419
5532 54.0 12.043 77.759
5544 54.0 12.043 77.044
5556 54.0 12.043 76.137
5568 54.0 12.043 75.449
5580 54.0 12.043 74.514
5592 54.0 12.043 73.855
5508 110.0 -24.417 20.182
5520 110.0 -25.186 20.182
5532 110.0 -25.901 20.182
5544 110.0 -26.726 20.072
5556 110.0 -27.496 20.072
5568 110.0 -28.211 19.935
5580 110.0 -28.981 19.935
5592 110.0 -29.696 19.935
5520 86.0 12.703 30.851
5532 86.0 12.703 30.136
5544 86.0 12.648 29.476
5556 86.0 12.648 28.651
5568 86.0 12.648 27.964
5580 86.0 12.648 27.276
5592 86.0 12.593 26.589
5604 86.0 12.593 25.791
5568 268.0 -0.275 24.637
5580 268.0 0.385 24.884
5592 268.0 0.935 24.884
5604 268.0 1.595 24.994
5616 268.0 2.255 24.994
5628 268.0 2.915 25.214
5640 268.0 3.574 25.351
5652 268.0 4.234 25.351
5580 293.0 11.438 -3.465
5592 293.0 11.438 -3.904
5604 293.0 11.328 -4.372
5616 293.0 11.218 -5.059
5628 293.0 11.218 -5.499
5640 293.0 11.108 -5.747
5652 293.0 10.998 -6.214
5664 293.0 10.888 -6.434
5652 25.0 27.881 37.615
5664 25.0 27.881 37.395
5676 25.0 27.881 37.147
5688 25.0 27.881 36.79
5700 25.0 27.936 36.46
5712 25.0 27.936 36.24
5724 25.0 27.936 36.02
5736 25.0 27.936 35.772
5664 105.0 31.456 22.244
5676 105.0 31.786 22.244
5688 105.0 32.115 22.244
5700 105.0 32.555 22.244
5712 105.0 32.885 22.244
5724 105.0 33.215 22.244
5736 105.0 33.655 22.244
5748 105.0 33.985 22.244
5676 250.0 11.713 -8.139
5688 250.0 11.713 -8.634
5700 250.0 11.713 -8.854
5712 250.0 11.713 -9.294
5724 250.0 11.713 -9.514
5736 250.0 11.713 -9.734
5748 250.0 11.713 -10.009
5760 250.0 11.713 -10.229
5688 384.0 15.398 72.095
5700 384.0 15.398 71.215
5712 384.0 15.398 70.5
5724 384.0 15.398 70.06
5736 384.0 15.398 69.345
5748 384.0 15.398 68.905
5760 384.0 15.398 68.465
5772 384.0 15.398 67.75
5724 91.0 29.586 25.324
5736 91.0 30.026 25.324
5748 91.0 30.466 25.324
5760 91.0 30.906 25.324
5772 91.0 31.346 25.324
5784 91.0 31.786 25.324
5796 91.0 32.115 25.104
5808 91.0 32.555 24.884
5724 95.0 31.895 21.997
5736 95.0 32.225 21.997
5748 95.0 32.665 21.997
5760 95.0 32.995 22.217
5772 95.0 33.325 22.217
5784 95.0 33.765 22.217
5796 95.0 34.095 22.217
5808 95.0 34.425 22.464
5724 238.0 30.961 23.179
5736 238.0 31.291 23.179
5748 238.0 31.621 23.179
5760 238.0 32.06 23.179
5772 238.0 32.39 23.179
5784 238.0 32.72 23.179
5796 238.0 33.16 23.179
5808 238.0 33.49 23.289
5724 242.0 31.895 24.197
5736 242.0 32.335 24.197
5748 242.0 32.665 24.197
5760 242.0 32.995 24.197
5772 242.0 33.325 24.197
5784 242.0 33.765 24.197
5796 242.0 34.095 24.197
5808 242.0 34.425 24.197
5736 2.0 27.001 36.02
5748 2.0 27.001 35.772
5760 2.0 27.001 35.525
5772 2.0 27.001 35.305
5784 2.0 27.001 35.085
5796 2.0 27.001 34.865
5808 2.0 27.001 34.618
5820 2.0 27.001 34.398
5736 231.0 15.508 73.03
5748 231.0 15.288 72.59
5760 231.0 15.068 72.37
5772 231.0 14.848 71.875
5784 231.0 14.628 71.435
5796 231.0 14.408 70.748
5808 231.0 14.188 70.06
5820 231.0 13.968 69.62
5748 55.0 12.813 65.826
5760 55.0 12.813 65.358
5772 55.0 12.813 64.671
5784 55.0 12.813 64.231
5796 55.0 12.813 63.736
5808 55.0 12.813 63.296
5820 55.0 12.703 62.829
5832 55.0 12.703 62.141
5760 87.0 12.373 16.498
5772 87.0 12.373 15.81
5784 87.0 12.373 15.013
5796 87.0 12.318 14.325
5808 87.0 12.318 13.638
5820 87.0 12.318 12.951
5832 87.0 12.263 12.153
5844 87.0 12.263 11.466
5808 269.0 6.764 32.693
5820 269.0 6.764 33.353
5832 269.0 6.764 34.068
5844 269.0 6.764 34.728
5856 269.0 6.764 35.195
5868 269.0 6.874 35.882
5880 269.0 6.874 36.57
5892 269.0 6.874 37.257
5820 294.0 10.778 -10.559
5832 294.0 10.778 -10.778
5844 294.0 10.778 -11.026
5856 294.0 10.888 -11.493
5868 294.0 10.998 -11.933
5880 294.0 11.108 -12.401
5892 294.0 11.108 -12.868
5904 294.0 11.218 -13.308
5892 26.0 27.606 32.115
5904 26.0 27.606 31.731
5916 26.0 27.606 31.401
5928 26.0 27.606 31.071
5940 26.0 27.606 30.631
5952 26.0 27.606 30.356
5964 26.0 27.606 29.916
5976 26.0 27.606 29.696
5916 251.0 12.153 -13.418
5928 251.0 12.263 -13.913
5940 251.0 12.483 -14.353
5952 251.0 12.703 -14.793
5964 251.0 12.923 -15.288
5976 251.0 13.143 -15.728
5988 251.0 13.363 -16.168
6000 251.0 13.583 -16.388
5928 385.0 14.078 58.567
5940 385.0 14.078 57.907
5952 385.0 14.078 56.972
5964 385.0 14.188 56.312
5976 385.0 14.188 55.377
5988 385.0 14.188 54.717
6000 385.0 14.298 54.002
6012 385.0 14.243 53.205
5976 3.0 26.726 30.136
5988 3.0 26.726 29.696
6000 3.0 26.726 29.476
6012 3.0 26.561 29.696
6024 3.0 26.561 29.228
6036 3.0 26.561 29.008
6048 3.0 26.561 28.541
6060 3.0 26.561 28.101
5976 232.0 13.418 60.656
5988 232.0 13.308 59.722
6000 232.0 13.088 59.062
6012 232.0 12.923 58.237
6024 232.0 12.758 57.687
6036 232.0 12.648 56.972
6048 232.0 12.483 56.285
6060 232.0 12.373 55.735
5988 56.0 12.703 60.766
6000 56.0 12.703 60.766
6012 56.0 12.703 60.656
6024 56.0 12.703 60.656
6036 56.0 12.758 60.656
6048 56.0 12.758 60.656
6060 56.0 12.758 60.766
6072 56.0 12.813 60.766
6048 270.0 6.929 45.864
6060 270.0 6.929 46.441
6072 270.0 6.874 47.238
6084 270.0 6.874 47.816
6096 270.0 6.874 48.503
6108 270.0 6.874 49.191
6120 270.0 6.874 49.878
6132 270.0 6.874 50.565
6060 295.0 13.803 -12.621
6072 295.0 14.188 -12.291
6084 295.0 14.573 -12.181
6096 295.0 14.683 -12.181
6108 295.0 14.903 -12.181
6120 295.0 15.013 -12.181
6132 295.0 15.123 -12.401
6144 295.0 15.233 -12.401
6132 27.0 27.441 26.011
6144 27.0 27.441 26.011
6156 27.0 27.331 25.791
6168 27.0 27.331 25.791
6180 27.0 27.331 25.791
6192 27.0 27.221 25.571
6204 27.0 27.221 25.571
6216 27.0 27.221 25.324
6156 252.0 14.573 -21.584
6168 252.0 14.683 -21.584
6180 252.0 14.903 -21.804
6192 252.0 15.123 -21.804
6204 252.0 15.343 -22.024
6216 252.0 15.563 -22.024
6228 252.0 15.563 -22.024
6240 252.0 15.563 -21.804
6168 386.0 14.353 43.664
6180 386.0 14.353 43.004
6192 386.0 14.463 42.289
6204 386.0 14.463 41.629
6216 386.0 14.463 40.914
6228 386.0 14.463 40.007
6240 386.0 14.463 39.319
6252 386.0 14.463 38.412
6216 4.0 26.121 26.726
6228 4.0 26.121 26.726
6240 4.0 26.121 26.726
6252 4.0 26.011 26.479
6264 4.0 26.011 26.479
6276 4.0 26.011 26.479
6288 4.0 26.011 26.259
6300 4.0 26.011 26.259
6216 233.0 11.218 47.706
6228 233.0 11.218 46.991
6240 233.0 11.218 46.331
6252 233.0 11.218 45.616
6264 233.0 11.218 44.956
6276 233.0 11.218 44.241
6288 233.0 11.108 43.581
6300 233.0 11.108 42.866
6228 57.0 13.143 60.766
6240 57.0 13.363 60.299
6252 57.0 13.473 60.079
6264 57.0 13.583 59.639
6276 57.0 13.693 59.392
6288 57.0 13.693 59.144
6300 57.0 13.693 58.924
6312 57.0 13.693 58.704
6288 271.0 6.984 59.502
6300 271.0 7.094 60.216
6312 271.0 7.094 60.876
6324 271.0 7.094 61.591
6336 271.0 7.094 62.251
6348 271.0 7.204 62.966
6360 271.0 7.204 63.626
6372 271.0 7.204 64.341
6300 296.0 16.003 -12.621
6312 296.0 16.003 -12.621
6324 296.0 16.003 -12.621
6336 296.0 16.003 -12.621
6348 296.0 16.003 -12.621
6360 296.0 16.003 -12.621
6372 296.0 16.003 -12.621
6384 296.0 16.003 -12.621
6372 28.0 26.506 23.839
6384 28.0 26.286 23.619
6396 28.0 26.121 23.399
6408 28.0 25.901 23.289
6420 28.0 25.736 23.042
6432 28.0 25.516 22.904
6444 28.0 25.159 22.904
6456 28.0 24.939 22.904
6396 253.0 16.443 -18.34
6408 253.0 16.553 -18.12
6420 253.0 16.773 -17.68
6432 253.0 16.663 -17.9
6444 253.0 16.663 -17.9
6456 253.0 16.553 -17.9
6468 253.0 16.553 -17.9
6480 253.0 16.553 -17.9
6408 387.0 14.463 28.101
6420 387.0 14.573 26.946
6432 387.0 14.573 26.479
6444 387.0 14.683 26.231
6456 387.0 15.233 25.571
6468 387.0 15.783 25.104
6480 387.0 16.553 26.011
6492 387.0 17.323 25.351
6456 5.0 24.444 24.637
6468 5.0 23.894 24.417
6480 5.0 23.344 24.417
6492 5.0 22.877 24.197
6504 5.0 22.492 23.949
6516 5.0 22.162 23.949
6528 5.0 21.887 23.729
6540 5.0 21.502 23.729
6468 58.0 13.913 56.642
6480 58.0 14.023 56.642
6492 58.0 14.023 56.175
6504 58.0 13.968 55.735
6516 58.0 13.968 55.13
6528 58.0 13.968 54.69
6540 58.0 13.968 54.112
6552 58.0 13.968 53.535
6504 264.0 7.286 43.114
6516 264.0 6.847 44.709
6528 264.0 6.709 46.551
6540 264.0 6.599 48.503
6552 264.0 6.489 50.428
6564 264.0 6.379 52.298
6576 264.0 6.269 54.222
6588 264.0 6.159 56.065
6540 297.0 15.783 -12.731
6552 297.0 15.673 -12.731
6564 297.0 15.563 -12.731
6576 297.0 15.563 -12.731
6588 297.0 15.453 -12.731
6600 297.0 15.453 -12.621
6612 297.0 15.343 -12.621
6624 297.0 15.343 -12.621
6612 29.0 19.412 21.557
6624 29.0 19.027 21.557
6636 29.0 18.587 21.309
6648 29.0 18.147 21.309
6660 29.0 17.762 21.2
6672 29.0 17.323 21.2
6684 29.0 16.993 21.2
6696 29.0 16.663 21.447
6636 254.0 16.663 -19.055
6648 254.0 16.663 -19.055
6660 254.0 16.773 -19.275
6672 254.0 16.773 -19.495
6684 254.0 16.773 -19.715
6696 254.0 16.773 -19.99
6708 254.0 16.773 -20.21
6720 254.0 16.663 -20.43
6648 388.0 24.829 29.118
6660 388.0 24.829 29.586
6672 388.0 24.829 30.246
6684 388.0 24.829 30.741
6696 388.0 24.829 31.181
6708 388.0 24.829 31.868
6720 388.0 24.829 32.335
6732 388.0 24.829 32.775
6696 6.0 17.323 22.822
6708 6.0 16.993 22.822
6720 6.0 16.663 22.822
6732 6.0 16.333 22.822
6744 6.0 16.113 22.822
6756 6.0 15.893 23.042
6768 6.0 15.783 23.262
6780 6.0 15.563 23.509
6708 59.0 13.968 47.018
6720 59.0 13.968 46.441
6732 59.0 13.968 45.974
6744 59.0 13.968 45.534
6756 59.0 13.913 45.066
6768 59.0 13.913 45.066
6780 59.0 13.913 45.066
6792 59.0 13.913 44.819
6780 298.0 13.913 -16.168
6792 298.0 14.023 -16.883
6804 298.0 14.133 -17.543
6816 298.0 14.133 -18.257
6828 298.0 14.133 -19.165
6840 298.0 14.243 -19.852
6852 298.0 14.023 -20.072
6864 298.0 13.913 -20.072
6852 30.0 13.143 24.417
6864 30.0 12.923 24.637
6876 30.0 12.593 24.884
6888 30.0 12.373 25.104
6900 30.0 12.153 25.324
6912 30.0 11.933 25.571
6924 30.0 11.823 25.791
6936 30.0 11.713 26.259
6888 389.0 24.389 39.429
6900 389.0 24.389 40.007
6912 389.0 24.279 40.474
6924 389.0 24.279 40.914
6936 389.0 24.169 41.382
6948 389.0 24.169 41.849
6960 389.0 24.169 42.317
6972 389.0 24.169 42.756
6936 7.0 13.253 26.726
6948 7.0 13.033 26.946
6960 7.0 12.923 27.386
6972 7.0 12.703 27.634
6984 7.0 12.593 28.101
6996 7.0 12.373 28.541
7008 7.0 12.263 28.761
7020 7.0 12.263 29.228
6948 60.0 13.913 41.629
6960 60.0 13.913 41.162
6972 60.0 13.913 40.474
6984 60.0 13.913 40.007
6996 60.0 13.913 39.319
7008 60.0 13.913 38.88
7020 60.0 13.913 38.302
7032 60.0 13.913 37.615
6996 51.0 -32.72 14.793
7008 51.0 -32.72 14.793
7020 51.0 -32.665 15.013
7032 51.0 -32.61 15.013
7044 51.0 -32.5 15.233
7056 51.0 -32.445 15.48
7068 51.0 -32.39 15.48
7080 51.0 -32.335 15.7
6996 63.0 13.858 3.052
7008 63.0 13.308 1.595
7020 63.0 13.308 0.907
7032 63.0 13.308 0.44
7044 63.0 13.198 -0.247
7056 63.0 13.198 -0.935
7068 63.0 13.198 -1.375
7080 63.0 13.198 -2.09
7092 31.0 10.614 30.136
7104 31.0 10.504 30.603
7116 31.0 10.394 30.851
7128 31.0 10.394 31.291
7140 31.0 10.394 31.511
7152 31.0 10.284 31.978
7164 31.0 10.284 32.225
7176 31.0 10.174 32.665
7128 390.0 24.719 49.878
7140 390.0 24.774 50.565
7152 390.0 24.829 51.033
7164 390.0 24.884 51.473
7176 390.0 24.939 52.16
7188 390.0 24.994 52.628
7200 390.0 25.104 53.315
7212 390.0 25.104 53.782
7176 8.0 11.603 33.353
7188 8.0 11.603 33.6
7200 8.0 11.603 33.82
7212 8.0 11.493 34.288
7224 8.0 11.493 34.508
7236 8.0 11.383 34.975
7248 8.0 11.383 35.195
7260 8.0 11.273 35.415
7188 61.0 14.188 29.916
7200 61.0 14.188 29.338
7212 61.0 14.188 28.651
7224 61.0 14.243 28.101
7236 61.0 14.243 27.524
7248 61.0 14.243 26.946
7260 61.0 14.243 26.341
7272 61.0 14.353 25.681
7236 52.0 -29.806 17.075
7248 52.0 -29.806 17.075
7260 52.0 -29.916 17.075
7272 52.0 -30.026 17.075
7284 52.0 -30.026 17.075
7296 52.0 -30.136 17.075
7308 52.0 -30.246 17.075
7320 52.0 -30.246 17.075
7236 64.0 13.968 -11.603
7248 64.0 14.023 -12.263
7260 64.0 14.078 -12.978
7272 64.0 14.133 -13.638
7284 64.0 14.188 -14.353
7296 64.0 14.243 -15.15
7308 64.0 14.298 -15.838
7320 64.0 14.298 -16.525
7332 32.0 9.624 37.257
7344 32.0 9.624 37.505
7356 32.0 9.624 37.725
7368 32.0 9.624 37.945
7380 32.0 9.624 38.412
7392 32.0 9.624 38.632
7404 32.0 9.624 38.88
7416 32.0 9.624 39.099
7368 391.0 25.846 60.876
7380 391.0 25.956 61.564
7392 391.0 25.956 62.031
7404 391.0 26.286 62.499
7416 391.0 26.946 62.939
7428 391.0 27.606 63.186
7440 391.0 28.266 63.626
7452 391.0 28.926 63.873
7416 9.0 10.943 39.539
7428 9.0 10.943 39.787
7440 9.0 10.943 40.007
7452 9.0 10.943 40.254
7464 9.0 10.943 40.474
7476 9.0 10.943 40.694
7488 9.0 10.943 40.914
7500 9.0 10.943 41.382
7428 62.0 22.712 23.152
7440 62.0 23.317 22.932
7452 62.0 24.004 22.712
7464 62.0 24.664 22.492
7476 62.0 25.351 22.217
7488 62.0 26.011 21.997
7500 62.0 26.671 21.997
7512 62.0 27.386 21.667
7476 53.0 -28.156 18.45
7488 53.0 -27.826 18.917
7500 53.0 -27.496 19.137
7512 53.0 -27.331 20.292
7524 53.0 -27.056 21.309
7536 53.0 -26.726 21.777
7548 53.0 -26.286 22.024
7560 53.0 -25.901 22.464
7572 33.0 9.679 42.866
7584 33.0 9.679 43.114
7596 33.0 9.679 43.334
7608 33.0 9.789 43.581
7620 33.0 9.789 44.021
7632 33.0 9.899 44.241
7644 33.0 9.899 44.489
7656 33.0 10.009 44.709
7608 392.0 38.385 66.843
7620 392.0 38.88 67.063
7632 392.0 38.88 67.063
7644 392.0 38.88 67.063
7656 392.0 38.883 67.07
7668 392.0 38.888 67.079
7680 392.0 38.892 67.088
7692 392.0 38.896 67.097
7656 10.0 11.163 44.241
7668 10.0 11.273 44.489
7680 10.0 11.383 44.956
7692 10.0 11.493 45.176
7704 10.0 11.493 45.396
7716 10.0 11.493 45.616
7728 10.0 11.493 45.864
7740 10.0 11.493 46.331
7812 34.0 10.229 48.613
7824 34.0 10.229 48.833
7836 34.0 10.229 49.081
7848 34.0 10.229 49.301
7860 34.0 10.229 49.521
7872 34.0 10.229 49.768
7884 34.0 10.229 49.988
7896 34.0 10.229 50.208
7848 393.0 38.953 67.21
7860 393.0 38.958 67.219
7872 393.0 38.962 67.227
7884 393.0 38.966 67.236
7896 393.0 38.97 67.245
7908 393.0 38.975 67.254
7920 393.0 38.979 67.263
7932 393.0 38.983 67.271
7872 366.0 9.844 -27.991
7884 366.0 9.844 -27.524
7896 366.0 9.844 -27.084
7908 366.0 9.844 -26.616
7920 366.0 9.954 -26.149
7932 366.0 9.954 -25.709
7944 366.0 9.954 -25.241
7956 366.0 10.064 -24.774
7872 375.0 11.493 -28.541
7884 375.0 11.493 -28.101
7896 375.0 11.493 -27.661
7908 375.0 11.493 -27.166
7920 375.0 11.603 -26.726
7932 375.0 11.603 -26.286
7944 375.0 11.603 -25.791
7956 375.0 11.713 -25.351
7896 11.0 11.603 50.455
7908 11.0 11.603 50.675
7920 11.0 11.713 51.143
7932 11.0 11.713 51.363
7944 11.0 11.713 51.83
7956 11.0 11.823 52.05
7968 11.0 11.823 52.518
7980 11.0 11.823 52.738
8040 192.0 -35.415 60.189
8052 192.0 -35.195 60.546
8064 192.0 -34.865 61.206
8076 192.0 -34.425 61.921
8088 192.0 -34.095 62.581
8100 192.0 -33.875 63.296
8112 192.0 -33.655 63.736
8124 192.0 -33.435 64.231
8040 422.0 -34.095 60.436
8052 422.0 -34.095 60.436
8064 422.0 -33.875 60.656
8076 422.0 -33.655 61.124
8088 422.0 -33.325 61.564
8100 422.0 -33.105 62.251
8112 422.0 -32.775 62.719
8124 422.0 -32.445 63.186
8052 35.0 10.559 54.25
8064 35.0 10.614 54.47
8076 35.0 10.668 54.91
8088 35.0 10.668 55.157
8100 35.0 10.723 55.377
8112 35.0 10.723 55.625
8124 35.0 10.778 55.955
8136 35.0 10.833 56.175
8088 394.0 39.041 67.385
8100 394.0 39.044 67.394
8112 394.0 39.049 67.402
8124 394.0 39.053 67.411
8136 394.0 39.058 67.42
8148 394.0 39.062 67.429
8160 394.0 39.066 67.437
8172 394.0 39.071 67.446
8112 367.0 10.614 -17.653
8124 367.0 10.614 -17.213
8136 367.0 10.614 -16.525
8148 367.0 10.614 -16.058
8160 367.0 10.723 -15.398
8172 367.0 10.723 -14.903
8184 367.0 10.723 -14.463
8196 367.0 10.723 -13.776
8112 376.0 11.603 -17.653
8124 376.0 11.603 -17.213
8136 376.0 11.603 -16.525
8148 376.0 11.713 -16.058
8160 376.0 11.713 -15.398
8172 376.0 11.713 -14.903
8184 376.0 11.823 -14.463
8196 376.0 11.823 -13.776
8136 12.0 11.933 56.312
8148 12.0 11.933 56.532
8160 12.0 11.933 56.972
8172 12.0 11.933 57.192
8184 12.0 11.933 57.467
8196 12.0 11.823 57.687
8208 12.0 11.823 57.907
8220 12.0 11.823 58.347
8280 193.0 -31.346 70.17
8292 193.0 -31.236 70.39
8304 193.0 -31.126 70.885
8316 193.0 -31.126 70.885
8328 193.0 -31.126 70.885
8340 193.0 -31.126 70.885
8352 193.0 -31.126 70.885
8364 193.0 -31.016 70.885
8280 423.0 -30.466 69.84
8292 423.0 -30.356 70.06
8304 423.0 -30.356 70.28
8316 423.0 -30.246 70.528
8328 423.0 -30.246 70.528
8340 423.0 -30.136 70.528
8352 423.0 -30.136 70.528
8364 423.0 -30.136 70.748
8292 36.0 10.778 60.519
8304 36.0 10.778 60.794
8316 36.0 10.778 61.234
8328 36.0 10.778 61.454
8340 36.0 10.668 61.894
8352 36.0 10.668 62.169
8364 36.0 10.668 62.609
8376 36.0 10.668 62.829
8328 395.0 39.128 67.56
8340 395.0 39.132 67.568
8352 395.0 39.136 67.577
8364 395.0 39.141 67.585
8376 395.0 39.145 67.594
8388 395.0 39.15 67.603
8400 395.0 39.154 67.612
8412 395.0 39.158 67.621
8352 368.0 10.833 -6.434
8364 368.0 10.833 -5.747
8376 368.0 10.833 -5.279
8388 368.0 10.833 -5.059
8400 368.0 10.833 -4.839
8412 368.0 10.833 -4.124
8424 368.0 10.833 -3.684
8436 368.0 10.833 -3.245
8352 377.0 11.713 -6.434
8364 377.0 11.713 -5.994
8376 377.0 11.713 -5.499
8388 377.0 11.713 -5.059
8400 377.0 11.713 -4.619
8412 377.0 11.713 -4.124
8424 377.0 11.713 -3.684
8436 377.0 11.713 -2.97
8376 13.0 11.603 62.719
8388 13.0 11.603 62.966
8400 13.0 11.603 63.406
8412 13.0 11.603 63.846
8424 13.0 11.603 64.121
8436 13.0 11.603 64.341
8448 13.0 11.603 64.341
8460 13.0 11.603 64.561
8484 412.0 8.056 -28.431
8496 412.0 8.001 -28.321
8508 412.0 8.001 -27.771
8520 412.0 7.836 -27.304
8532 412.0 7.561 -26.616
8544 412.0 7.561 -25.929
8556 412.0 7.561 -24.994
8568 412.0 7.314 -24.994
8508 403.0 39.209 -16.635
8520 403.0 38.44 -16.525
8532 403.0 38.055 -16.195
8544 403.0 37.175 -15.948
8556 403.0 36.515 -15.728
8568 403.0 36.075 -15.48
8580 403.0 35.195 -15.728
8592 403.0 34.645 -15.728
8520 194.0 -30.796 71.215
8532 194.0 -30.796 71.215
8544 194.0 -30.796 71.215
8556 194.0 -30.796 71.215
8568 194.0 -30.796 71.215
8580 194.0 -30.796 71.215
8592 194.0 -30.796 71.215
8604 194.0 -30.796 71.215
8520 424.0 -29.916 70.967
8532 424.0 -29.916 70.967
8544 424.0 -29.916 70.967
8556 424.0 -29.916 70.967
8568 424.0 -29.916 70.967
8580 424.0 -29.916 70.967
8592 424.0 -29.861 70.967
8604 424.0 -29.861 70.967
8532 37.0 10.394 66.623
8544 37.0 10.394 66.843
8556 37.0 10.339 67.201
8568 37.0 10.284 67.42
8580 37.0 10.229 67.888
8592 37.0 10.284 68.108
8604 37.0 10.284 68.328
8616 37.0 10.284 68.575
8568 396.0 34.865 66.843
8580 396.0 34.095 67.063
8592 396.0 33.105 66.403
8604 396.0 32.445 66.403
8616 396.0 31.676 66.403
8628 396.0 31.016 66.403
8640 396.0 30.356 66.403
8652 396.0 29.696 66.156
8592 369.0 10.723 4.234
8604 369.0 10.723 4.702
8616 369.0 10.723 5.609
8628 369.0 10.723 5.857
8640 369.0 10.723 6.077
8652 369.0 10.723 6.517
8664 369.0 10.614 7.451
8676 369.0 10.394 8.111
8592 378.0 12.043 4.482
8604 378.0 12.043 4.922
8616 378.0 12.153 5.142
8628 378.0 12.153 5.362
8640 378.0 12.043 5.609
8652 378.0 11.933 6.984
8664 378.0 11.933 7.231
8676 378.0 11.933 7.451
8604 305.0 7.341 -28.321
8616 305.0 7.341 -27.661
8628 305.0 7.204 -26.369
8640 305.0 7.149 -25.131
8652 305.0 7.094 -23.757
8664 305.0 7.039 -22.244
8676 305.0 6.929 -21.337
8688 305.0 6.929 -19.962
8616 14.0 11.383 68.575
8628 14.0 11.548 68.905
8640 14.0 11.713 68.905
8652 14.0 11.933 69.483
8664 14.0 11.988 69.703
8676 14.0 12.098 69.84
8688 14.0 12.043 70.857
8700 14.0 11.658 70.17
8628 299.0 8.826 -25.709
8640 299.0 8.826 -24.224
8652 299.0 8.496 -21.694
8664 299.0 8.716 -21.227
8676 299.0 8.386 -19.852
8688 299.0 8.496 -18.697
8700 299.0 8.496 -17.103
8712 299.0 8.606 -15.948
8688 45.0 -33.93 -26.754
8700 45.0 -33.765 -26.479
8712 45.0 -33.435 -26.039
8724 45.0 -33.105 -25.599
8736 45.0 -32.775 -24.884
8748 45.0 -32.665 -24.004
8760 45.0 -32.005 -23.399
8772 45.0 -31.895 -23.427
8724 413.0 2.75 -16.058
8736 413.0 2.09 -16.058
8748 413.0 1.43 -16.058
8760 413.0 0.935 -16.058
8772 413.0 0.44 -15.838
8784 413.0 -0.22 -15.838
8796 413.0 -0.88 -15.618
8808 413.0 -1.54 -15.508
8748 404.0 26.946 -13.666
8760 404.0 26.396 -13.666
8772 404.0 25.846 -13.886
8784 404.0 25.269 -13.886
8796 404.0 24.609 -13.886
8808 404.0 23.729 -13.886
8820 404.0 23.042 -14.106
8832 404.0 22.712 -14.573
8760 195.0 -30.741 71.105
8772 195.0 -30.741 71.105
8784 195.0 -30.741 71.105
8796 195.0 -30.741 71.105
8808 195.0 -30.741 71.105
8820 195.0 -30.741 71.105
8832 195.0 -30.741 71.105
8844 195.0 -30.686 71.105
8760 425.0 -29.751 71.215
8772 425.0 -29.696 71.325
8784 425.0 -29.696 71.325
8796 425.0 -29.696 71.325
8808 425.0 -29.696 71.325
8820 425.0 -29.696 71.325
8832 425.0 -29.696 71.325
8844 425.0 -29.696 71.325
8772 38.0 10.284 71.655
8784 38.0 10.339 72.012
8796 38.0 10.449 72.342
8808 38.0 10.559 72.562
8820 38.0 10.668 72.81
8832 38.0 10.668 72.81
8844 38.0 10.668 72.81
8856 38.0 10.668 72.81
8808 397.0 26.066 59.282
8820 397.0 26.066 58.814
8832 397.0 25.956 58.127
8844 397.0 25.736 56.999
8856 397.0 25.736 56.285
8868 397.0 25.736 55.845
8880 397.0 25.736 55.157
8892 397.0 25.599 54.47
8832 370.0 10.614 15.233
8844 370.0 10.614 15.948
8856 370.0 10.614 16.388
8868 370.0 10.614 17.075
8880 370.0 10.614 17.762
8892 370.0 10.614 18.697
8904 370.0 10.504 19.137
8916 370.0 10.394 19.605
8832 379.0 11.933 15.7
8844 379.0 11.933 16.278
8856 379.0 11.933 16.498
8868 379.0 11.933 16.965
8880 379.0 11.933 17.185
8892 379.0 11.823 17.762
8904 379.0 11.823 18.45
8916 379.0 11.823 19.137
8844 306.0 6.434 -1.402
8856 306.0 6.324 -0.467
8868 306.0 6.214 0.44
8880 306.0 6.214 1.375
8892 306.0 6.214 3.19
8904 306.0 6.214 5.032
8916 306.0 6.214 6.764
8928 306.0 6.049 6.077
8856 15.0 12.208 73.607
8868 15.0 12.208 73.607
8880 15.0 12.208 73.607
8892 15.0 12.208 73.717
8904 15.0 12.208 73.717
8916 15.0 12.208 73.937
8928 15.0 12.208 73.937
8940 15.0 12.208 73.937
8868 300.0 7.204 0.687
8880 300.0 7.314 1.732
8892 300.0 7.259 3.08
8904 300.0 7.259 4.344
8916 300.0 7.259 5.939
8928 300.0 7.259 7.094
8940 300.0 7.259 8.029
8952 300.0 7.506 9.734
8928 46.0 -33.435 -15.26
8940 46.0 -33.765 -14.793
8952 46.0 -34.095 -14.106
8964 46.0 -34.315 -13.666
8976 46.0 -34.535 -12.978
8988 46.0 -35.195 -12.291
9000 46.0 -35.855 -11.603
9012 46.0 -35.91 -11.136
8988 405.0 15.563 -14.573
9000 405.0 15.013 -14.353
9012 405.0 14.463 -14.106
9024 405.0 13.968 -13.886
9036 405.0 13.473 -13.528
9048 405.0 12.978 -13.308
9060 405.0 12.483 -12.951
9072 405.0 11.988 -12.731
9000 41.0 -13.583 -16.525
9012 41.0 -14.243 -16.525
9024 41.0 -14.903 -16.305
9036 41.0 -15.563 -16.195
9048 41.0 -16.223 -15.975
9060 41.0 -16.883 -15.7
9072 41.0 -17.323 -15.48
9084 41.0 -18.422 -15.04
9000 196.0 -30.631 71.105
9012 196.0 -30.631 70.995
9024 196.0 -30.631 70.995
9036 196.0 -30.631 70.995
9048 196.0 -30.631 70.995
9060 196.0 -30.631 70.995
9072 196.0 -30.631 70.995
9084 196.0 -30.631 70.995
9012 39.0 10.614 72.81
9024 39.0 10.614 72.92
9036 39.0 10.614 73.167
9048 39.0 10.614 73.167
9060 39.0 10.614 73.277
9072 39.0 10.614 73.497
9084 39.0 10.614 73.497
9096 39.0 10.614 73.717
9048 398.0 25.269 47.128
9060 398.0 25.269 46.551
9072 398.0 25.214 45.864
9084 398.0 25.214 45.176
9096 398.0 25.269 44.599
9108 398.0 25.269 44.131
9120 398.0 25.269 43.691
9132 398.0 25.269 43.224
9072 371.0 10.778 25.571
9084 371.0 10.833 25.901
9096 371.0 10.888 26.231
9108 371.0 10.943 26.726
9120 371.0 11.053 27.166
9132 371.0 11.163 27.606
9144 371.0 11.273 28.101
9156 371.0 11.383 28.541
9072 380.0 12.373 25.241
9084 380.0 12.428 25.681
9096 380.0 12.483 26.121
9108 380.0 12.593 26.616
9120 380.0 12.593 27.276
9132 380.0 12.703 27.744
9144 380.0 12.703 28.211
9156 380.0 12.813 28.871
9084 307.0 6.709 22.134
9096 307.0 6.764 23.289
9108 307.0 6.874 24.664
9120 307.0 6.874 26.259
9132 307.0 6.874 27.854
9144 307.0 6.874 29.448
9156 307.0 6.874 31.071
9168 307.0 6.874 32.913
9096 16.0 12.153 74.432
9108 16.0 12.153 74.432
9120 16.0 12.153 74.432
9132 16.0 12.153 74.652
9144 16.0 12.153 74.652
9156 16.0 12.153 74.652
9168 16.0 12.153 74.652
9180 16.0 12.153 74.872
9108 301.0 7.836 26.259
9120 301.0 7.836 27.634
9132 301.0 7.726 29.008
9144 301.0 7.726 30.603
9156 301.0 7.726 31.978
9168 301.0 7.726 33.573
9180 301.0 7.726 35.195
9192 301.0 7.836 36.597
9168 47.0 -36.295 -3.574
9180 47.0 -36.405 -2.887
9192 47.0 -36.515 -1.952
9204 47.0 -36.515 -0.825
9216 47.0 -36.625 0.11
9228 47.0 -36.735 1.017
9240 47.0 -36.845 2.172
9252 47.0 -36.845 3.08
9228 406.0 7.506 -5.609
9240 406.0 7.506 -4.729
9252 406.0 7.506 -4.014
9264 406.0 7.506 -3.355
9276 406.0 7.396 -2.64
9288 406.0 7.176 -2.2
9300 406.0 6.957 -1.485
9312 406.0 6.709 -0.825
9240 42.0 -26.506 -14.325
9252 42.0 -27.386 -14.106
9264 42.0 -28.486 -13.886
9276 42.0 -29.806 -13.666
9288 42.0 -30.466 -13.446
9300 42.0 -30.906 -13.446
9312 42.0 -31.346 -13.446
9324 42.0 -31.895 -13.666
9240 197.0 -30.631 70.885
9252 197.0 -30.576 70.748
9264 197.0 -30.576 70.748
9276 197.0 -30.576 70.748
9288 197.0 -30.576 70.748
9300 197.0 -30.576 70.748
9312 197.0 -30.576 70.748
9324 197.0 -30.576 70.748
9288 399.0 24.279 35.662
9300 399.0 24.279 34.948
9312 399.0 24.279 34.068
9324 399.0 24.279 33.133
9336 399.0 24.169 32.445
9348 399.0 23.949 31.758
9360 399.0 23.839 31.071
9372 399.0 23.619 30.163
9312 372.0 12.043 36.35
9324 372.0 12.043 37.01
9336 372.0 12.043 37.505
9348 372.0 12.043 38.165
9360 372.0 12.043 38.88
9372 372.0 11.933 39.319
9384 372.0 11.933 39.759
9396 372.0 11.933 40.474
9312 381.0 13.473 36.57
9324 381.0 13.473 37.037
9336 381.0 13.473 37.725
9348 381.0 13.473 38.165
9360 381.0 13.473 38.88
9372 381.0 13.363 39.319
9384 381.0 13.363 39.787
9396 381.0 13.363 40.254
9324 308.0 6.489 50.923
9336 308.0 6.324 51.803
9348 308.0 6.379 53.535
9360 308.0 6.489 55.845
9372 308.0 6.709 56.422
9384 308.0 6.654 58.924
9396 308.0 6.654 60.766
9408 308.0 6.654 62.609
9408 48.0 -37.175 13.638
9420 48.0 -37.175 14.325
9432 48.0 -37.175 14.793
9444 48.0 -37.285 15.48
9456 48.0 -37.285 15.92
9468 48.0 -37.395 16.388
9480 48.0 -37.395 17.075
9492 48.0 -37.505 17.543
9468 407.0 6.159 7.919
9480 407.0 6.159 8.579
9492 407.0 6.159 9.294
9504 407.0 6.214 10.064
9516 407.0 6.269 10.778
9528 407.0 6.324 11.466
9540 407.0 6.379 12.126
9552 407.0 6.379 12.621
9480 198.0 -30.576 70.638
9492 198.0 -30.576 70.638
9504 198.0 -30.521 70.5
9516 198.0 -30.521 70.5
9528 198.0 -30.521 70.5
9540 198.0 -30.521 70.5
9552 198.0 -30.521 70.5
9564 198.0 -30.521 70.5
9504 214.0 -29.091 71.105
9516 214.0 -29.091 71.105
9528 214.0 -29.091 71.105
9540 214.0 -29.091 71.105
9552 214.0 -29.091 71.105
9564 214.0 -29.091 71.105
9576 214.0 -29.091 71.105
9588 214.0 -29.091 71.105
9528 400.0 16.608 25.104
9540 400.0 15.838 24.994
9552 400.0 15.178 24.747
9564 400.0 14.518 24.747
9576 400.0 13.858 24.747
9588 400.0 13.088 24.747
9600 400.0 12.538 24.307
9612 400.0 11.878 24.087
9552 373.0 11.988 48.943
9564 373.0 11.988 49.988
9576 373.0 12.098 51.143
9588 373.0 11.988 51.363
9600 373.0 11.878 51.83
9612 373.0 11.878 52.298
9624 373.0 11.768 52.738
9636 373.0 11.768 53.205
9552 382.0 13.088 49.411
9564 382.0 13.088 50.098
9576 382.0 12.978 50.565
9588 382.0 12.978 51.005
9600 382.0 12.978 51.5
9612 382.0 12.868 51.94
9624 382.0 12.868 52.628
9636 382.0 12.868 53.095
9612 50.0 -38.165 15.288
9624 50.0 -38.165 13.638
9636 50.0 -38.165 12.483
9648 50.0 -38.165 11.328
9660 50.0 -38.055 10.668
9672 50.0 -37.945 10.201
9684 50.0 -37.725 9.734
9696 50.0 -37.725 8.826
9648 49.0 -35.91 27.854
9660 49.0 -35.8 28.541
9672 49.0 -35.69 29.476
9684 49.0 -35.58 30.136
9696 49.0 -35.58 31.071
9708 49.0 -35.47 31.758
9720 49.0 -35.36 32.665
9732 49.0 -35.36 33.6
9708 408.0 3.629 18.34
9720 408.0 2.97 18.78
9732 408.0 2.31 19.027
9744 408.0 1.54 19.027
9756 408.0 0.77 19.027
9768 408.0 0.0 19.275
9780 408.0 -0.66 19.275
9792 408.0 -1.32 19.275
9720 199.0 -30.521 70.5
9732 199.0 -30.521 70.5
9744 199.0 -30.521 70.5
9756 199.0 -30.576 70.61
9768 199.0 -30.576 70.61
9780 199.0 -30.576 70.61
9792 199.0 -30.576 70.61
9804 199.0 -30.576 70.61
9744 215.0 -29.091 71.105
9756 215.0 -29.091 71.105
9768 215.0 -29.091 71.105
9780 215.0 -29.091 71.105
9792 215.0 -29.091 71.105
9804 215.0 -29.091 71.105
9816 215.0 -29.091 71.105
9828 215.0 -29.091 71.105
9768 401.0 2.255 21.557
9780 401.0 1.485 21.557
9792 401.0 0.825 21.557
9804 401.0 0.165 21.557
9816 401.0 -0.495 21.777
9828 401.0 -1.155 21.777
9840 401.0 -1.705 21.997
9852 401.0 -2.695 21.777
9792 374.0 11.768 60.986
9804 374.0 11.768 61.454
9816 374.0 11.768 61.921
9828 374.0 11.658 62.609
9840 374.0 11.548 63.076
9852 374.0 11.438 63.516
9864 374.0 11.438 64.203
9876 374.0 11.438 64.671
9792 383.0 12.758 59.969
9804 383.0 12.758 60.409
9816 383.0 12.868 61.124
9828 383.0 12.868 61.564
9840 383.0 12.868 62.279
9852 383.0 12.868 62.719
9864 383.0 12.868 63.406
9876 383.0 12.868 64.093
9948 409.0 -10.064 19.495
9960 409.0 -10.833 19.495
9972 409.0 -11.493 19.495
9984 409.0 -12.263 19.495
9996 409.0 -13.253 19.935
10008 409.0 -13.748 20.072
10020 409.0 -14.353 20.072
10032 409.0 -15.123 20.072
9960 200.0 -30.576 70.61
9972 200.0 -30.576 70.61
9984 200.0 -30.576 70.61
9996 200.0 -30.576 70.61
10008 200.0 -30.686 70.638
10020 200.0 -30.686 70.638
10032 200.0 -30.686 70.638
10044 200.0 -30.686 70.638
9984 216.0 -29.091 71.105
9996 216.0 -29.091 71.105
10008 216.0 -29.201 71.105
10020 216.0 -29.201 71.105
10032 216.0 -29.201 71.105
10044 216.0 -29.201 71.105
10056 216.0 -29.201 71.105
10068 216.0 -29.201 71.105
10008 402.0 -12.868 21.667
10020 402.0 -13.528 21.667
10032 402.0 -14.243 21.667
10044 402.0 -14.903 21.667
10056 402.0 -15.618 21.667
10068 402.0 -16.333 21.447
10080 402.0 -16.993 21.447
10092 402.0 -17.762 21.447
10200 201.0 -30.686 70.638
10212 201.0 -30.686 70.638
10224 201.0 -30.686 70.638
10236 201.0 -30.686 70.638
10248 201.0 -30.686 70.638
10260 201.0 -30.741 70.638
10272 201.0 -30.741 70.638
10284 201.0 -30.741 70.638
10224 217.0 -29.476 71.105
10236 217.0 -29.476 71.105
10248 217.0 -29.476 71.105
10260 217.0 -29.531 71.105
10272 217.0 -29.531 71.105
10284 217.0 -29.531 71.105
10296 217.0 -29.586 71.105
10308 217.0 -29.586 71.105
10440 202.0 -30.741 70.638
10452 202.0 -30.741 70.638
10464 202.0 -30.741 70.638
10476 202.0 -30.741 70.638
10488 202.0 -30.741 70.638
10500 202.0 -30.741 70.638
10512 202.0 -30.741 70.638
10524 202.0 -30.741 70.638
10464 218.0 -29.806 71.105
10476 218.0 -29.806 71.105
10488 218.0 -29.806 71.105
10500 218.0 -29.806 71.105
10512 218.0 -29.806 71.105
10524 218.0 -29.806 71.105
10536 218.0 -29.806 71.105
10548 218.0 -29.806 71.105
10680 203.0 -30.741 70.748
10692 203.0 -30.741 70.748
10704 203.0 -30.741 70.885
10716 203.0 -30.741 70.885
10728 203.0 -30.741 70.885
10740 203.0 -30.741 70.885
10752 203.0 -30.741 70.885
10764 203.0 -30.741 70.885
10704 219.0 -29.641 71.325
10716 219.0 -29.641 71.325
10728 219.0 -29.641 71.325
10740 219.0 -29.641 71.325
10752 219.0 -29.641 71.325
10764 219.0 -29.641 71.325
10776 219.0 -29.641 71.325
10788 219.0 -29.641 71.325
10920 204.0 -30.741 71.105
10932 204.0 -30.741 71.105
10944 204.0 -30.741 71.105
10956 204.0 -30.741 71.105
10968 204.0 -30.741 71.105
10980 204.0 -30.741 71.105
10992 204.0 -30.741 71.105
11004 204.0 -30.741 71.105
10944 220.0 -29.476 71.545
10956 220.0 -29.476 71.545
10968 220.0 -29.476 71.545
10980 220.0 -29.476 71.545
10992 220.0 -29.476 71.545
11004 220.0 -29.366 71.545
11016 220.0 -29.366 71.545
11028 220.0 -29.366 71.545
11160 205.0 -30.686 71.105
11172 205.0 -30.686 71.105
11184 205.0 -30.686 71.105
11196 205.0 -30.686 71.105
11208 205.0 -30.686 71.105
11220 205.0 -30.686 71.105
11232 205.0 -30.686 71.105
11244 205.0 -30.686 71.105
11184 221.0 -29.311 71.545
11196 221.0 -29.311 71.545
11208 221.0 -29.311 71.545
11220 221.0 -29.311 71.545
11232 221.0 -29.311 71.545
11244 221.0 -29.311 71.545
11256 221.0 -29.256 71.325
11268 221.0 -29.256 71.325
11400 206.0 -30.576 70.995
11412 206.0 -30.576 70.995
11424 206.0 -30.576 70.995
11436 206.0 -30.576 70.995
11448 206.0 -30.576 70.995
11460 206.0 -30.576 70.995
11472 206.0 -30.576 70.995
11484 206.0 -30.576 70.995
11424 222.0 -29.201 71.325
11436 222.0 -29.201 71.325
11448 222.0 -29.201 71.325
11460 222.0 -29.201 71.325
11472 222.0 -29.201 71.325
11484 222.0 -29.201 71.325
11496 222.0 -29.201 71.325
11508 222.0 -29.146 71.215
11496 410.0 -20.842 26.699
11508 410.0 -20.842 26.699
11520 410.0 -20.842 26.699
11532 410.0 -20.842 26.699
11544 410.0 -20.842 26.699
11556 410.0 -20.842 26.699
11568 410.0 -20.842 26.699
11580 410.0 -20.842 26.699
11508 426.0 19.247 15.948
11520 426.0 19.247 15.948
11532 426.0 19.247 15.948
11544 426.0 19.247 15.948
11556 426.0 19.247 15.948
11568 426.0 19.247 15.948
11580 426.0 19.247 15.948
11592 426.0 19.247 15.948
11640 207.0 -30.576 70.885
11652 207.0 -30.576 70.885
11664 207.0 -30.576 70.885
11676 207.0 -30.631 70.885
11688 207.0 -30.631 70.885
11700 207.0 -30.631 70.885
11712 207.0 -30.631 70.885
11724 207.0 -30.631 70.885
11664 223.0 -29.146 71.215
11676 223.0 -29.146 71.215
11688 223.0 -29.146 71.215
11700 223.0 -29.146 71.215
11712 223.0 -29.146 71.215
11724 223.0 -29.146 71.215
11736 223.0 -29.146 71.215
11748 223.0 -29.146 71.215
11736 411.0 -20.842 26.699
11748 411.0 -20.842 26.699
11760 411.0 -20.842 26.699
11772 411.0 -20.842 26.699
11784 411.0 -20.842 26.699
11796 411.0 -20.842 26.699
11808 411.0 -20.842 26.699
11820 411.0 -20.842 26.699
11748 427.0 19.247 15.948
11760 427.0 19.247 15.948
11772 427.0 19.247 15.948
11784 427.0 19.247 15.948
11796 427.0 19.247 15.948
11808 427.0 19.247 15.948
11820 427.0 19.247 15.948
11832 427.0 19.247 15.948
11880 208.0 -30.741 70.995
11892 208.0 -30.741 70.995
11904 208.0 -30.741 70.995
11916 208.0 -30.741 70.995
11928 208.0 -30.796 70.995
11940 208.0 -30.796 70.995
11952 208.0 -30.796 70.995
11964 208.0 -30.796 70.995
11904 224.0 -29.146 71.105
11916 224.0 -29.146 71.105
11928 224.0 -29.146 71.105
11940 224.0 -29.146 71.105
11952 224.0 -29.146 71.105
11964 224.0 -29.146 71.105
11976 224.0 -29.146 71.105
11988 224.0 -29.146 71.105
12096 40.0 -21.062 26.259
12108 40.0 -21.502 25.791
12120 40.0 -21.942 25.434
12132 40.0 -22.409 24.994
12144 40.0 -22.739 24.279
12156 40.0 -23.179 23.619
12168 40.0 -23.509 23.179
12180 40.0 -23.839 22.464
12120 209.0 -30.796 70.885
12132 209.0 -30.741 70.885
12144 209.0 -30.741 70.748
12156 209.0 -30.741 70.748
12168 209.0 -30.741 70.748
12180 209.0 -30.741 70.748
12192 209.0 -30.741 70.748
12204 209.0 -30.741 70.748
12132 173.0 -38.495 22.932
12144 173.0 -38.055 22.932
12156 173.0 -37.505 22.932
12168 173.0 -37.065 22.932
12180 173.0 -36.57 22.712
12192 173.0 -36.075 22.712
12204 173.0 -35.58 22.712
12216 173.0 -35.085 22.464
12144 225.0 -29.311 70.967
12156 225.0 -29.311 70.967
12168 225.0 -29.366 70.967
12180 225.0 -29.366 70.967
12192 225.0 -29.366 70.967
12204 225.0 -29.366 70.967
12216 225.0 -29.366 70.967
12228 225.0 -29.421 70.967
12168 43.0 -38.275 24.087
12180 43.0 -37.835 24.307
12192 43.0 -37.45 24.307
12204 43.0 -36.9 24.527
12216 43.0 -36.35 24.527
12228 43.0 -35.8 24.527
12240 43.0 -35.36 24.527
12252 43.0 -34.81 24.527
12168 187.0 -38.275 22.932
12180 187.0 -37.725 22.932
12192 187.0 -37.285 22.932
12204 187.0 -36.735 22.932
12216 187.0 -36.295 22.932
12228 187.0 -35.745 22.932
12240 187.0 -35.305 22.932
12252 187.0 -34.755 22.932
12180 178.0 -35.69 21.777
12192 178.0 -35.14 21.777
12204 178.0 -34.7 21.777
12216 178.0 -34.15 21.777
12228 178.0 -33.71 21.777
12240 178.0 -33.16 21.777
12252 178.0 -32.61 21.997
12264 178.0 -32.17 21.997
12264 44.0 -32.17 19.137
12276 44.0 -31.731 19.137
12288 44.0 -31.291 19.137
12300 44.0 -30.851 19.137
12312 44.0 -30.411 19.137
12324 44.0 -30.081 19.137
12336 44.0 -29.641 19.137
12348 44.0 -29.201 19.137
12264 166.0 -33.215 21.942
12276 166.0 -33.105 20.622
12288 166.0 -32.72 20.622
12300 166.0 -32.39 20.622
12312 166.0 -32.005 20.622
12324 166.0 -31.621 20.622
12336 166.0 -31.291 20.402
12348 166.0 -30.961 20.402
12288 69.0 -38.495 22.822
12300 69.0 -38.055 22.822
12312 69.0 -37.505 22.822
12324 69.0 -36.955 22.822
12336 69.0 -36.405 22.822
12348 69.0 -35.745 23.042
12360 69.0 -35.195 23.042
12372 69.0 -34.645 23.042
12288 156.0 -38.385 20.512
12300 156.0 -38.0 20.512
12312 156.0 -37.505 20.622
12324 156.0 -36.955 20.622
12336 156.0 -36.405 20.842
12348 156.0 -35.855 20.842
12360 156.0 -35.36 20.952
12372 156.0 -34.81 21.09
12324 142.0 -38.55 21.887
12336 142.0 -38.11 21.887
12348 142.0 -37.615 21.887
12360 142.0 -37.12 21.887
12372 142.0 -36.57 21.887
12384 142.0 -36.075 21.887
12396 142.0 -35.525 21.887
12408 142.0 -34.975 21.887
12336 160.0 -31.566 22.657
12348 160.0 -31.236 21.997
12360 160.0 -30.686 21.997
12372 160.0 -30.136 21.997
12384 160.0 -29.586 21.997
12396 160.0 -29.036 21.997
12408 160.0 -28.596 21.997
12420 160.0 -28.046 21.997
12360 210.0 -30.686 70.418
12372 210.0 -30.686 70.418
12384 210.0 -30.631 70.418
12396 210.0 -30.631 70.418
12408 210.0 -30.631 70.418
12420 210.0 -30.631 70.418
12432 210.0 -30.631 70.308
12444 210.0 -30.631 70.308
12372 174.0 -28.431 22.712
12384 174.0 -27.936 22.712
12396 174.0 -27.386 22.712
12408 174.0 -26.836 22.932
12420 174.0 -26.396 22.932
12432 174.0 -25.956 22.932
12444 174.0 -25.406 22.932
12456 174.0 -24.966 22.932
12384 226.0 -29.531 70.967
12396 226.0 -29.586 70.967
12408 226.0 -29.586 70.967
12420 226.0 -29.586 70.967
12432 226.0 -29.586 70.967
12444 226.0 -29.586 70.967
12456 226.0 -29.641 70.967
12468 226.0 -29.641 70.967
12408 188.0 -28.376 23.372
12420 188.0 -27.826 23.372
12432 188.0 -27.386 23.372
12444 188.0 -26.836 23.592
12456 188.0 -26.396 23.592
12468 188.0 -25.846 23.592
12480 188.0 -25.406 23.592
12492 188.0 -24.856 23.592
12420 179.0 -25.901 21.887
12432 179.0 -25.461 21.887
12444 179.0 -25.021 21.887
12456 179.0 -24.472 21.887
12468 179.0 -24.004 21.887
12480 179.0 -23.564 21.887
12492 179.0 -23.014 21.887
12504 179.0 -22.574 21.667
12432 146.0 -31.511 19.605
12444 146.0 -31.181 19.605
12456 146.0 -30.741 19.605
12468 146.0 -30.191 19.605
12480 146.0 -29.696 19.605
12492 146.0 -29.201 19.605
12504 146.0 -28.706 19.605
12516 146.0 -28.321 19.605
12504 150.0 -25.736 19.825
12516 150.0 -25.296 20.072
12528 150.0 -24.856 20.292
12540 150.0 -24.417 20.512
12552 150.0 -23.977 20.732
12564 150.0 -23.509 20.98
12576 150.0 -23.069 21.2
12588 150.0 -22.602 21.447
12504 153.0 -26.561 20.98
12516 153.0 -26.231 21.2
12528 153.0 -25.901 21.419
12540 153.0 -25.571 21.667
12552 153.0 -25.241 21.667
12564 153.0 -24.801 21.887
12576 153.0 -24.472 22.134
12588 153.0 -24.142 22.354
12504 167.0 -25.626 20.622
12516 167.0 -25.021 20.622
12528 167.0 -24.527 20.622
12540 167.0 -23.894 20.512
12552 167.0 -23.399 20.512
12564 167.0 -22.849 20.402
12576 167.0 -22.272 20.402
12588 167.0 -21.722 20.402
12504 170.0 -25.241 22.684
12516 170.0 -24.747 22.684
12528 170.0 -24.252 22.684
12540 170.0 -23.729 22.684
12552 170.0 -23.234 22.574
12564 170.0 -22.712 22.574
12576 170.0 -22.272 22.574
12588 170.0 -21.722 22.464
12504 184.0 -24.362 20.402
12516 184.0 -23.784 20.402
12528 184.0 -23.344 20.402
12540 184.0 -22.767 20.402
12552 184.0 -22.327 20.402
12564 184.0 -21.777 20.402
12576 184.0 -21.227 20.402
12588 184.0 -20.787 20.402
12528 157.0 -27.496 21.337
12540 157.0 -26.946 21.227
12552 157.0 -26.451 20.952
12564 157.0 -25.901 20.952
12576 157.0 -25.351 20.842
12588 157.0 -24.747 20.622
12600 157.0 -24.197 20.622
12612 157.0 -23.674 20.512
12564 143.0 -27.661 21.557
12576 143.0 -27.221 21.557
12588 143.0 -26.671 21.557
12600 143.0 -26.231 21.447
12612 143.0 -25.681 21.447
12624 143.0 -25.241 21.557
12636 143.0 -24.692 21.557
12648 143.0 -24.252 21.557
12576 139.0 -33.655 22.217
12588 139.0 -33.105 22.217
12600 139.0 -32.555 22.217
12612 139.0 -32.225 22.217
12624 139.0 -31.786 22.217
12636 139.0 -31.236 22.464
12648 139.0 -30.686 22.712
12660 139.0 -30.136 22.932
12576 161.0 -21.392 21.777
12588 161.0 -20.897 21.777
12600 161.0 -20.347 21.777
12612 161.0 -19.852 21.777
12624 161.0 -19.302 21.887
12636 161.0 -18.862 21.887
12648 161.0 -18.532 21.887
12660 161.0 -18.092 22.107
12600 211.0 -30.521 70.308
12612 211.0 -30.521 70.308
12624 211.0 -30.521 70.308
12636 211.0 -30.521 70.308
12648 211.0 -30.521 70.308
12660 211.0 -30.521 70.308
12672 211.0 -30.521 70.308
12684 211.0 -30.521 70.308
12612 127.0 -33.93 20.292
12624 127.0 -33.27 20.292
12636 127.0 -32.83 20.292
12648 127.0 -32.28 20.512
12660 127.0 -31.841 20.512
12672 127.0 -31.401 20.732
12684 127.0 -30.961 20.732
12696 127.0 -30.411 20.952
12612 130.0 -32.885 20.292
12624 130.0 -32.445 20.292
12636 130.0 -31.895 20.512
12648 130.0 -31.346 20.512
12660 130.0 -30.796 20.732
12672 130.0 -30.246 20.98
12684 130.0 -29.696 21.2
12696 130.0 -29.146 21.447
12612 136.0 -33.545 22.822
12624 136.0 -32.775 22.822
12636 136.0 -32.335 22.822
12648 136.0 -31.786 22.822
12660 136.0 -31.346 22.822
12672 136.0 -30.796 22.822
12684 136.0 -30.356 23.042
12696 136.0 -29.916 23.042
12612 175.0 -19.742 24.087
12624 175.0 -19.302 24.087
12636 175.0 -18.862 24.087
12648 175.0 -18.312 24.087
12660 175.0 -17.872 23.839
12672 175.0 -17.433 23.839
12684 175.0 -16.993 23.619
12696 175.0 -16.443 23.619
12624 124.0 -34.095 22.327
12636 124.0 -33.71 22.327
12648 124.0 -33.27 22.327
12660 124.0 -32.83 22.327
12672 124.0 -32.5 22.327
12684 124.0 -32.06 22.327
12696 124.0 -31.676 22.327
12708 124.0 -31.236 22.327
12624 133.0 -35.525 22.464
12636 133.0 -34.865 22.464
12648 133.0 -34.205 22.464
12660 133.0 -33.655 22.712
12672 133.0 -32.995 22.712
12684 133.0 -32.445 22.932
12696 133.0 -31.786 22.932
12708 133.0 -31.126 22.932
12624 227.0 -29.696 70.967
12636 227.0 -29.696 70.967
12648 227.0 -29.696 70.967
12660 227.0 -29.696 70.967
12672 227.0 -29.641 70.967
12684 227.0 -29.641 70.967
12696 227.0 -29.641 70.967
12708 227.0 -29.641 70.967
12648 189.0 -16.993 22.217
12660 189.0 -16.553 22.217
12672 189.0 -16.113 21.997
12684 189.0 -15.673 21.777
12696 189.0 -15.233 21.777
12708 189.0 -14.683 21.557
12720 189.0 -14.243 21.557
12732 189.0 -13.803 21.337
12660 180.0 -17.158 20.622
12672 180.0 -16.718 20.402
12684 180.0 -16.278 20.402
12696 180.0 -15.838 20.402
12708 180.0 -15.288 20.182
12720 180.0 -14.848 20.182
12732 180.0 -14.408 20.182
12744 180.0 -13.968 19.935
12672 147.0 -22.217 20.292
12684 147.0 -21.667 20.292
12696 147.0 -21.117 20.292
12708 147.0 -20.677 20.292
12720 147.0 -20.127 20.292
12732 147.0 -19.687 20.292
12744 147.0 -19.137 20.292
12756 147.0 -18.587 20.292
12744 151.0 -16.663 20.98
12756 151.0 -16.333 20.98
12768 151.0 -15.893 20.732
12780 151.0 -15.563 20.732
12792 151.0 -15.233 20.512
12804 151.0 -14.793 20.292
12816 151.0 -14.463 20.292
12828 151.0 -13.913 20.072
12744 154.0 -16.718 22.794
12756 154.0 -16.388 22.794
12768 154.0 -16.058 22.574
12780 154.0 -15.728 22.354
12792 154.0 -15.398 22.134
12804 154.0 -15.068 22.134
12816 154.0 -14.738 21.887
12828 154.0 -14.188 21.667
12744 168.0 -15.728 20.402
12756 168.0 -15.288 20.402
12768 168.0 -14.848 20.402
12780 168.0 -14.408 20.402
12792 168.0 -14.078 20.402
12804 168.0 -13.638 20.402
12816 168.0 -13.198 20.402
12828 168.0 -12.648 20.182
12744 171.0 -15.728 22.574
12756 171.0 -15.398 22.574
12768 171.0 -15.068 22.354
12780 171.0 -14.738 22.354
12792 171.0 -14.408 22.354
12804 171.0 -14.078 22.107
12816 171.0 -13.748 22.107
12828 171.0 -13.198 21.887
12744 185.0 -15.068 21.2
12756 185.0 -14.573 21.2
12768 185.0 -14.133 21.2
12780 185.0 -13.583 21.2
12792 185.0 -13.088 21.09
12804 185.0 -12.648 21.09
12816 185.0 -12.153 21.09
12828 185.0 -11.713 21.09
12768 158.0 -16.828 22.107
12780 158.0 -16.498 21.887
12792 158.0 -16.168 21.667
12804 158.0 -15.728 21.447
12816 158.0 -15.398 21.2
12828 158.0 -14.958 21.2
12840 158.0 -14.408 21.2
12852 158.0 -13.968 21.2
12804 144.0 -17.543 21.667
12816 144.0 -17.048 21.667
12828 144.0 -16.608 21.557
12840 144.0 -16.058 21.337
12852 144.0 -15.618 21.337
12864 144.0 -15.178 21.09
12876 144.0 -14.738 20.842
12888 144.0 -14.188 20.622
12816 140.0 -24.087 22.464
12828 140.0 -23.509 22.217
12840 140.0 -22.959 22.217
12852 140.0 -22.382 22.217
12864 140.0 -21.942 21.997
12876 140.0 -21.392 21.997
12888 140.0 -20.842 21.997
12900 140.0 -20.292 21.997
12816 162.0 -13.253 22.574
12828 162.0 -12.923 22.574
12840 162.0 -12.483 22.574
12852 162.0 -11.933 22.574
12864 162.0 -11.493 22.354
12876 162.0 -11.053 22.354
12888 162.0 -10.614 22.354
12900 162.0 -10.174 22.354
12816 363.0 7.506 -27.304
12828 363.0 7.506 -26.396
12840 363.0 7.396 -25.461
12852 363.0 7.396 -24.801
12864 363.0 7.286 -23.867
12876 363.0 7.286 -23.179
12888 363.0 7.176 -22.272
12900 363.0 7.176 -21.337
12840 212.0 -30.521 70.418
12852 212.0 -30.521 70.418
12864 212.0 -30.521 70.418
12876 212.0 -30.521 70.418
12888 212.0 -30.521 70.418
12900 212.0 -30.521 70.418
12912 212.0 -30.521 70.418
12924 212.0 -30.521 70.418
12852 128.0 -24.911 21.447
12864 128.0 -24.362 21.227
12876 128.0 -23.784 21.227
12888 128.0 -23.234 20.952
12900 128.0 -22.684 20.952
12912 128.0 -22.107 20.952
12924 128.0 -21.447 20.732
12936 128.0 -20.897 20.732
12852 131.0 -23.179 21.887
12864 131.0 -22.602 22.107
12876 131.0 -22.052 22.107
12888 131.0 -21.502 22.107
12900 131.0 -20.952 22.107
12912 131.0 -20.402 22.354
12924 131.0 -19.852 22.354
12936 131.0 -19.302 22.354
12852 137.0 -23.949 22.107
12864 137.0 -23.399 21.887
12876 137.0 -22.849 21.887
12888 137.0 -22.272 21.667
12900 137.0 -21.722 21.667
12912 137.0 -21.172 21.447
12924 137.0 -20.622 21.447
12936 137.0 -20.072 21.2
12852 176.0 -10.559 22.684
12864 176.0 -10.119 22.684
12876 176.0 -9.679 22.684
12888 176.0 -9.184 22.684
12900 176.0 -8.744 22.684
12912 176.0 -8.304 22.684
12924 176.0 -7.781 22.684
12936 176.0 -7.341 22.684
12864 125.0 -26.231 21.557
12876 125.0 -25.681 21.557
12888 125.0 -25.131 21.337
12900 125.0 -24.582 21.337
12912 125.0 -24.032 21.337
12924 125.0 -23.454 21.09
12936 125.0 -22.904 21.09
12948 125.0 -22.327 21.09
12864 134.0 -24.527 22.712
12876 134.0 -23.839 22.712
12888 134.0 -23.289 22.712
12900 134.0 -22.602 22.712
12912 134.0 -22.052 22.712
12924 134.0 -21.392 22.712
12936 134.0 -20.842 22.712
12948 134.0 -20.182 22.712
12864 228.0 -29.586 70.967
12876 228.0 -29.586 70.967
12888 228.0 -29.586 70.967
12900 228.0 -29.586 70.967
12912 228.0 -29.586 70.967
12924 228.0 -29.586 70.967
12936 228.0 -29.586 70.967
12948 228.0 -29.586 70.967
12888 190.0 -8.166 21.09
12900 190.0 -7.726 21.09
12912 190.0 -7.286 21.09
12924 190.0 -6.737 21.09
12936 190.0 -6.269 21.09
12948 190.0 -5.829 21.09
12960 190.0 -5.389 21.09
12972 190.0 -4.949 21.09
12900 181.0 -8.139 19.247
12912 181.0 -7.671 19.247
12924 181.0 -7.121 19.247
12936 181.0 -6.654 19.247
12948 181.0 -6.214 19.247
12960 181.0 -5.774 19.027
12972 181.0 -5.334 19.027
12984 181.0 -4.894 19.027
12912 148.0 -12.648 20.512
12924 148.0 -12.208 20.76
12936 148.0 -11.878 20.76
12948 148.0 -11.438 20.76
12960 148.0 -10.998 20.98
12972 148.0 -10.559 20.98
12984 148.0 -10.229 20.98
12996 148.0 -9.789 20.98
12984 152.0 -7.561 19.247
12996 152.0 -7.231 19.247
13008 152.0 -6.764 19.137
13020 152.0 -6.269 19.137
13032 152.0 -5.884 19.137
13044 152.0 -5.444 19.137
13056 152.0 -4.949 19.027
13068 152.0 -4.564 19.027
12984 155.0 -8.029 21.2
12996 155.0 -7.671 21.2
13008 155.0 -7.341 20.98
13020 155.0 -6.819 20.98
13032 155.0 -6.379 20.87
13044 155.0 -5.939 20.76
13056 155.0 -5.499 20.622
13068 155.0 -5.059 20.622
12984 169.0 -6.324 19.247
12996 169.0 -5.994 19.247
13008 169.0 -5.664 19.357
13020 169.0 -5.169 19.357
13032 169.0 -4.674 19.357
13044 169.0 -4.234 19.357
13056 169.0 -3.739 19.357
13068 169.0 -3.3 19.357
12984 172.0 -6.874 20.98
12996 172.0 -6.544 20.98
13008 172.0 -6.049 21.2
13020 172.0 -5.609 21.2
13032 172.0 -5.114 21.2
13044 172.0 -4.619 21.2
13056 172.0 -4.124 21.2
13068 172.0 -3.684 21.2
12984 186.0 -5.939 20.622
12996 186.0 -5.499 20.622
13008 186.0 -5.004 20.622
13020 186.0 -4.399 20.622
13032 186.0 -3.904 20.622
13044 186.0 -3.3 20.622
13056 186.0 -2.805 20.622
13068 186.0 -2.255 20.622
12996 164.0 -11.713 26.671
13008 164.0 -11.273 25.434
13020 164.0 -10.504 25.214
13032 164.0 -9.734 24.994
13044 164.0 -9.074 24.774
13056 164.0 -8.386 24.774
13068 164.0 -7.726 24.774
13080 164.0 -7.176 24.527
12996 165.0 -6.132 25.846
13008 165.0 -5.774 24.747
13020 165.0 -5.114 24.747
13032 165.0 -4.564 24.747
13044 165.0 -3.904 24.747
13056 165.0 -3.355 24.747
13068 165.0 -2.805 24.747
13080 165.0 -2.145 24.747
12996 183.0 -4.124 19.495
13008 183.0 -3.904 19.495
13020 183.0 -3.465 19.495
13032 183.0 -3.135 19.495
13044 183.0 -2.695 19.495
13056 183.0 -2.31 19.495
13068 183.0 -1.87 19.495
13080 183.0 -1.485 19.495
13008 159.0 -8.001 22.107
13020 159.0 -7.616 22.107
13032 159.0 -7.176 22.107
13044 159.0 -6.847 22.354
13056 159.0 -6.434 22.354
13068 159.0 -5.994 22.354
13080 159.0 -5.609 22.574
13092 159.0 -5.169 22.574
13044 145.0 -7.891 19.357
13056 145.0 -7.506 19.137
13068 145.0 -7.067 19.137
13080 145.0 -6.627 19.137
13092 145.0 -6.159 19.137
13104 145.0 -5.719 19.137
13116 145.0 -5.279 19.137
13128 145.0 -4.949 19.137
13056 141.0 -14.078 22.107
13068 141.0 -13.638 22.354
13080 141.0 -13.088 22.574
13092 141.0 -12.538 22.354
13104 141.0 -11.988 22.107
13116 141.0 -11.438 22.107
13128 141.0 -11.108 22.107
13140 141.0 -10.559 22.354
13056 163.0 -5.114 21.997
13068 163.0 -4.729 21.997
13080 163.0 -4.344 21.997
13092 163.0 -4.014 21.997
13104 163.0 -3.574 21.997
13116 163.0 -3.245 21.997
13128 163.0 -2.86 21.997
13140 163.0 -2.475 21.997
13056 364.0 7.039 -12.841
13068 364.0 7.094 -12.181
13080 364.0 7.231 -11.466
13092 364.0 7.231 -10.806
13104 364.0 7.231 -9.871
13116 364.0 7.094 -9.184
13128 364.0 6.984 -8.276
13140 364.0 6.874 -7.341
13080 213.0 -30.576 70.528
13092 213.0 -30.576 70.528
13104 213.0 -30.576 70.528
13116 213.0 -30.576 70.528
13128 213.0 -30.576 70.528
13140 213.0 -30.576 70.528
13152 213.0 -30.686 70.528
13164 213.0 -30.686 70.528
13092 129.0 -15.563 22.464
13104 129.0 -15.013 22.217
13116 129.0 -14.353 22.217
13128 129.0 -13.803 21.997
13140 129.0 -13.143 21.997
13152 129.0 -12.703 21.997
13164 129.0 -12.153 21.997
13176 129.0 -11.603 21.997
13092 132.0 -13.638 23.619
13104 132.0 -13.198 23.619
13116 132.0 -12.703 23.839
13128 132.0 -12.263 23.839
13140 132.0 -11.823 23.839
13152 132.0 -11.383 23.839
13164 132.0 -10.943 23.839
13176 132.0 -10.504 23.839
13092 138.0 -12.373 20.072
13104 138.0 -11.823 20.072
13116 138.0 -11.273 20.072
13128 138.0 -10.723 20.072
13140 138.0 -10.284 20.072
13152 138.0 -9.734 20.072
13164 138.0 -9.184 20.072
13176 138.0 -8.744 20.072
13092 177.0 -2.31 22.712
13104 177.0 -1.98 22.712
13116 177.0 -1.595 22.712
13128 177.0 -1.21 22.822
13140 177.0 -0.825 22.822
13152 177.0 -0.44 22.822
13164 177.0 0.11 22.822
13176 177.0 0.55 22.822
13104 126.0 -14.738 19.605
13116 126.0 -14.078 19.605
13128 126.0 -13.418 19.605
13140 126.0 -12.978 19.605
13152 126.0 -12.648 19.605
13164 126.0 -12.208 19.605
13176 126.0 -11.878 19.605
13188 126.0 -11.328 19.605
13104 135.0 -13.088 21.887
13116 135.0 -12.758 21.887
13128 135.0 -12.098 22.107
13140 135.0 -11.548 22.354
13152 135.0 -11.218 22.354
13164 135.0 -10.559 22.354
13176 135.0 -10.009 22.354
13188 135.0 -9.459 22.107
13104 229.0 -29.531 71.077
13116 229.0 -29.531 71.077
13128 229.0 -29.531 71.077
13140 229.0 -29.531 71.077
13152 229.0 -29.531 71.077
13164 229.0 -29.531 71.077
13176 229.0 -29.531 71.077
13188 229.0 -29.531 71.077
13128 191.0 1.43 22.107
13140 191.0 1.87 22.107
13152 191.0 2.31 22.107
13164 191.0 2.75 22.107
13176 191.0 3.19 22.107
13188 191.0 3.52 22.107
13200 191.0 3.959 22.107
13212 191.0 4.399 22.107
13140 182.0 0.88 18.587
13152 182.0 1.32 18.587
13164 182.0 1.76 18.587
13176 182.0 2.2 18.587
13188 182.0 2.64 18.587
13200 182.0 3.19 18.587
13212 182.0 3.52 18.34
13224 182.0 3.849 18.34
13152 149.0 -4.344 21.557
13164 149.0 -3.904 21.557
13176 149.0 -3.465 21.557
13188 149.0 -3.025 21.557
13200 149.0 -2.585 21.557
13212 149.0 -2.145 21.557
13224 149.0 -1.705 21.557
13236 149.0 -1.265 21.557
13212 365.0 39.539 24.307
13224 365.0 38.66 24.307
13236 365.0 38.11 24.307
13248 365.0 37.67 24.307
13260 365.0 37.12 24.307
13272 365.0 36.57 24.307
13284 365.0 36.02 24.307
13296 365.0 35.36 24.307
