0.0000 70.0000 21.3920 19.6050
0.0000 119.0000 -37.9450 -0.7150
0.0000 120.0000 -32.5550 16.8550
0.0000 122.0000 -30.2460 17.4050
0.0000 75.0000 -18.9170 -24.2240
0.0000 117.0000 7.3140 31.4280
12.0000 122.0000 -29.9160 17.5150
12.0000 414.0000 8.0560 30.0260
12.0000 120.0000 -32.5550 16.6350
12.0000 117.0000 6.8190 30.3830
12.0000 75.0000 -18.6970 -24.2240
12.0000 119.0000 -38.0550 -0.2200
12.0000 70.0000 20.7320 19.1650
24.0000 414.0000 8.0560 29.8060
24.0000 119.0000 -38.0550 0.2200
24.0000 117.0000 7.1490 29.4480
24.0000 122.0000 -29.5860 17.6530
24.0000 120.0000 -32.5550 16.6350
24.0000 70.0000 20.0720 18.8900
24.0000 75.0000 -18.4770 -24.0870
36.0000 122.0000 -29.3660 17.7620
36.0000 117.0000 7.3690 28.5680
36.0000 120.0000 -32.4450 16.6350
36.0000 70.0000 19.4120 18.6700
36.0000 75.0000 -18.1470 -23.8670
36.0000 119.0000 -38.0550 0.6600
36.0000 414.0000 8.0560 29.4760
48.0000 122.0000 -29.3660 17.7620
48.0000 120.0000 -32.4450 16.6350
48.0000 414.0000 8.0560 29.0080
48.0000 119.0000 -38.0550 1.1550
48.0000 75.0000 -17.9270 -23.7570
48.0000 117.0000 7.4240 28.0740
48.0000 70.0000 18.9720 18.6700
60.0000 70.0000 18.8620 18.6700
60.0000 75.0000 -17.7070 -23.0690
60.0000 414.0000 8.0560 28.7610
60.0000 117.0000 7.2590 27.8540
60.0000 120.0000 -32.4450 16.6350
60.0000 122.0000 -29.3660 17.7620
60.0000 119.0000 -38.1650 1.5950
72.0000 414.0000 8.0560 28.3210
72.0000 122.0000 -29.2560 17.7620
72.0000 75.0000 -17.4880 -22.6020
72.0000 70.0000 18.6420 18.8900
72.0000 120.0000 -32.3350 16.4980
72.0000 119.0000 -38.1650 2.2820
72.0000 117.0000 7.0390 27.6340
84.0000 120.0000 -32.3350 16.4980
84.0000 122.0000 -29.2560 17.7620
84.0000 70.0000 18.0920 19.1650
84.0000 119.0000 -38.1650 2.7500
84.0000 117.0000 6.8740 27.4140
84.0000 414.0000 8.0560 27.6340
84.0000 75.0000 -17.2680 -22.1340
96.0000 414.0000 8.0560 26.9460
240.0000 121.0000 -30.0260 17.5430
240.0000 76.0000 -2.3100 -16.8830
240.0000 123.0000 -28.7610 18.4500
240.0000 71.0000 13.9130 24.8840
240.0000 118.0000 6.3790 21.9140
252.0000 123.0000 -28.7610 18.4500
252.0000 415.0000 7.8360 20.7320
252.0000 121.0000 -30.0260 17.5430
252.0000 71.0000 13.6930 25.3240
252.0000 76.0000 -0.8800 -16.8830
252.0000 118.0000 6.3790 21.4190
264.0000 121.0000 -30.0260 17.5430
264.0000 118.0000 6.3790 20.7600
264.0000 123.0000 -28.7060 18.4500
264.0000 415.0000 7.8360 20.2920
264.0000 71.0000 13.3630 25.7910
264.0000 76.0000 0.6600 -16.8830
276.0000 415.0000 7.8360 19.6050
276.0000 76.0000 2.3100 -16.8830
276.0000 118.0000 6.4890 19.8250
276.0000 123.0000 -28.7060 18.4500
276.0000 71.0000 13.0330 26.2590
276.0000 121.0000 -30.0260 17.5430
288.0000 415.0000 7.8360 19.1370
288.0000 123.0000 -28.6510 18.4500
288.0000 71.0000 12.9230 26.6990
288.0000 121.0000 -30.0260 17.5430
288.0000 118.0000 6.4890 19.1650
288.0000 76.0000 3.8490 -17.1030
300.0000 121.0000 -30.0260 17.5430
300.0000 415.0000 7.6990 18.6970
300.0000 71.0000 12.8130 27.4140
300.0000 118.0000 6.4890 18.6700
300.0000 123.0000 -28.6510 18.4500
300.0000 76.0000 5.4990 -17.1030
312.0000 415.0000 7.5890 18.2300
312.0000 76.0000 7.2860 -17.1030
312.0000 121.0000 -30.0260 17.5430
312.0000 118.0000 6.3790 18.4500
312.0000 123.0000 -28.5960 18.4500
312.0000 71.0000 12.7030 27.8540
324.0000 76.0000 9.0460 -17.1030
324.0000 415.0000 7.4790 17.7620
324.0000 123.0000 -28.5960 18.4500
324.0000 121.0000 -30.0260 17.5430
324.0000 71.0000 12.3730 28.0740
324.0000 118.0000 6.2690 18.2300
336.0000 415.0000 7.4790 17.2950
480.0000 72.0000 9.0460 34.9480
492.0000 72.0000 8.6060 35.1950
492.0000 416.0000 7.8360 11.5760
504.0000 416.0000 7.9460 11.3280
504.0000 79.0000 6.4340 10.3110
504.0000 72.0000 8.2210 35.6620
516.0000 72.0000 7.9460 35.8820
516.0000 416.0000 8.0010 10.6680
516.0000 79.0000 6.4340 9.7340
528.0000 79.0000 6.4890 9.4040
528.0000 416.0000 8.0010 9.9540
528.0000 72.0000 7.7260 36.1020
540.0000 272.0000 -7.5610 78.8310
540.0000 79.0000 6.5440 8.9360
540.0000 416.0000 8.0560 9.4040
540.0000 72.0000 7.4510 36.3500
552.0000 416.0000 8.1110 8.8260
552.0000 72.0000 7.1490 36.6800
552.0000 79.0000 6.5990 8.3590
552.0000 272.0000 -8.2210 77.5120
552.0000 77.0000 -7.1760 78.5290
564.0000 72.0000 6.8190 37.1470
564.0000 79.0000 6.5990 8.0010
564.0000 272.0000 -8.2210 77.5120
564.0000 77.0000 -7.1760 78.0890
564.0000 416.0000 8.1660 8.2490
576.0000 416.0000 8.1660 7.5610
576.0000 79.0000 6.6540 7.5610
576.0000 77.0000 -7.1760 78.0890
576.0000 272.0000 -8.3590 77.2920
588.0000 77.0000 -7.1760 77.8690
588.0000 272.0000 -8.3590 77.0440
588.0000 79.0000 6.7090 6.9840
600.0000 272.0000 -8.3590 77.0440
600.0000 77.0000 -7.1760 77.8690
612.0000 272.0000 -8.3590 76.8240
612.0000 77.0000 -7.1760 77.4020
624.0000 77.0000 -7.1760 76.9340
624.0000 272.0000 -8.3590 76.8240
636.0000 77.0000 -7.1760 76.4940
720.0000 73.0000 6.1590 44.0490
732.0000 73.0000 6.1590 44.4890
732.0000 417.0000 8.4410 1.1270
744.0000 417.0000 8.4410 0.6870
744.0000 73.0000 6.1590 44.9290
744.0000 80.0000 7.1490 0.3570
756.0000 80.0000 7.0390 -0.2470
756.0000 73.0000 6.1590 45.6440
756.0000 417.0000 8.4410 0.0000
768.0000 80.0000 7.0390 -0.6870
768.0000 417.0000 8.3310 -0.4670
768.0000 73.0000 6.1590 46.0830
780.0000 80.0000 7.0390 -1.1550
780.0000 273.0000 -7.8910 76.3570
780.0000 417.0000 8.2210 -1.1550
780.0000 73.0000 6.0490 46.7980
792.0000 273.0000 -7.8910 76.3570
792.0000 73.0000 6.0490 47.2380
792.0000 80.0000 6.9290 -1.6220
792.0000 417.0000 8.2210 -1.6220
792.0000 78.0000 -7.4510 73.3870
804.0000 273.0000 -7.7810 76.3570
804.0000 78.0000 -7.4510 73.1400
804.0000 80.0000 6.9290 -2.0620
804.0000 417.0000 8.1110 -2.3100
804.0000 73.0000 6.0490 47.9260
816.0000 80.0000 6.9290 -2.5300
816.0000 417.0000 8.0010 -2.9970
816.0000 273.0000 -7.7810 76.3570
816.0000 78.0000 -7.4510 73.1400
828.0000 273.0000 -7.7810 76.3570
828.0000 80.0000 6.9290 -2.9970
828.0000 78.0000 -7.4510 72.9200
840.0000 273.0000 -7.7810 76.3570
840.0000 78.0000 -7.4510 72.7000
852.0000 78.0000 -7.4510 72.7000
852.0000 273.0000 -7.7810 76.3570
864.0000 273.0000 -7.7810 76.3570
864.0000 78.0000 -7.4510 72.7000
876.0000 78.0000 -7.3410 72.7000
960.0000 74.0000 6.1590 55.2670
972.0000 74.0000 6.1590 55.9550
972.0000 418.0000 8.2210 -8.9640
984.0000 74.0000 6.0490 56.6420
984.0000 81.0000 6.9840 -8.9640
984.0000 418.0000 8.1110 -9.4040
996.0000 74.0000 6.0490 57.3290
996.0000 420.0000 -37.0100 13.2810
996.0000 81.0000 6.8740 -9.4040
996.0000 418.0000 8.0010 -9.8710
1008.0000 81.0000 6.7640 -9.8710
1008.0000 420.0000 -37.6150 13.7480
1008.0000 418.0000 7.9460 -10.3390
1008.0000 74.0000 6.0490 58.1270
1020.0000 418.0000 7.9460 -10.6680
1020.0000 420.0000 -37.7250 14.4350
1020.0000 274.0000 -8.7990 74.1850
1020.0000 74.0000 6.1590 59.1720
1020.0000 81.0000 6.7640 -10.4490
1032.0000 274.0000 -8.6610 73.9650
1032.0000 81.0000 6.7640 -10.8060
1032.0000 74.0000 6.2140 60.0790
1032.0000 418.0000 7.8910 -11.1360
1032.0000 420.0000 -37.8900 15.1500
1044.0000 81.0000 6.6540 -11.3560
1044.0000 74.0000 6.3240 60.8760
1044.0000 274.0000 -8.4960 73.7450
1044.0000 418.0000 7.8910 -11.4660
1044.0000 420.0000 -38.0000 15.8100
1056.0000 274.0000 -8.3310 73.4970
1056.0000 81.0000 6.6540 -11.8230
1056.0000 418.0000 7.8360 -11.8230
1056.0000 420.0000 -38.1650 16.5250
1068.0000 420.0000 -38.1650 16.9650
1068.0000 81.0000 6.5440 -12.4010
1068.0000 274.0000 -8.2210 73.2770
1080.0000 420.0000 -38.1650 16.9650
1080.0000 274.0000 -8.0560 73.2770
1092.0000 274.0000 -7.8910 73.0300
1104.0000 274.0000 -7.7260 72.8100
1200.0000 255.0000 -6.8470 74.3490
1212.0000 255.0000 -6.8470 73.2500
1212.0000 419.0000 8.0010 -19.1650
1224.0000 255.0000 -6.7370 73.0300
1224.0000 82.0000 6.3240 -18.9170
1224.0000 419.0000 8.1110 -19.6320
1236.0000 255.0000 -6.5990 73.0300
1236.0000 82.0000 6.3240 -19.4120
1236.0000 421.0000 -38.1650 16.9650
1236.0000 419.0000 8.1110 -20.0720
1248.0000 421.0000 -38.1650 16.9650
1248.0000 255.0000 -6.4890 72.8100
1248.0000 82.0000 6.4340 -19.8520
1248.0000 419.0000 8.1110 -20.3200
1260.0000 419.0000 8.1110 -20.7600
1260.0000 421.0000 -38.1650 16.9650
1260.0000 275.0000 -7.6160 71.5450
1260.0000 255.0000 -6.3790 72.8100
1260.0000 82.0000 6.4340 -20.2920
1272.0000 275.0000 -7.6160 71.5450
1272.0000 421.0000 -38.1650 16.9650
1272.0000 255.0000 -6.3790 72.5900
1272.0000 419.0000 8.1110 -21.2270
1272.0000 82.0000 6.4340 -20.7870
1284.0000 82.0000 6.4340 -21.2270
1284.0000 275.0000 -7.7260 71.5450
1284.0000 255.0000 -6.3790 72.1220
1284.0000 419.0000 8.1110 -21.6940
1284.0000 421.0000 -38.1650 16.9650
1296.0000 275.0000 -7.7260 71.5450
1296.0000 421.0000 -38.1650 16.9650
1296.0000 419.0000 8.1110 -21.9140
1296.0000 82.0000 6.4340 -21.6670
1308.0000 421.0000 -38.1650 16.9650
1308.0000 275.0000 -7.7260 71.5450
1308.0000 111.0000 -31.8410 18.0920
1308.0000 82.0000 6.4340 -22.3820
1320.0000 275.0000 -7.7260 71.5450
1320.0000 421.0000 -38.1650 16.9650
1320.0000 111.0000 -32.2800 17.4330
1332.0000 275.0000 -7.7260 71.7650
1332.0000 111.0000 -32.5550 17.0750
1344.0000 275.0000 -7.7260 71.7650
1344.0000 111.0000 -32.7750 16.8550
1356.0000 111.0000 -33.1050 16.3880
1368.0000 111.0000 -33.3250 15.9200
1380.0000 111.0000 -33.4350 15.7000
1392.0000 111.0000 -33.4350 15.4800
1440.0000 256.0000 -6.7370 70.2800
1452.0000 256.0000 -6.7370 70.2800
1464.0000 256.0000 -6.7370 70.2800
1476.0000 256.0000 -6.7370 70.2800
1488.0000 256.0000 -6.7370 70.2800
1500.0000 256.0000 -6.7370 70.2800
1500.0000 276.0000 -7.6160 72.2600
1512.0000 256.0000 -6.8470 70.1700
1512.0000 276.0000 -7.5060 72.2600
1524.0000 256.0000 -6.9020 70.1700
1524.0000 276.0000 -7.2860 72.2600
1536.0000 276.0000 -7.1210 72.3700
1548.0000 276.0000 -6.9020 72.3700
1560.0000 276.0000 -6.6820 72.4800
1572.0000 276.0000 -6.5170 72.4800
1584.0000 276.0000 -6.2970 72.5900
1680.0000 257.0000 -7.6160 69.4830
1692.0000 257.0000 -7.6710 69.4830
1704.0000 257.0000 -7.7260 69.3730
1716.0000 257.0000 -7.7810 69.3730
1728.0000 257.0000 -7.8360 69.2630
1740.0000 257.0000 -7.8910 69.2630
1740.0000 277.0000 -5.6640 71.5450
1752.0000 257.0000 -7.8910 69.2630
1752.0000 277.0000 -5.6640 71.5450
1764.0000 257.0000 -7.7810 69.2630
1764.0000 277.0000 -5.6640 71.5450
1776.0000 277.0000 -5.6640 71.3250
1788.0000 277.0000 -5.6640 71.3250
1800.0000 277.0000 -5.6640 71.3250
1812.0000 277.0000 -5.5540 71.0770
1824.0000 277.0000 -5.5540 71.0770
1920.0000 258.0000 -5.0040 66.2930
1932.0000 258.0000 -4.8940 66.0460
1944.0000 258.0000 -4.6740 65.7980
1956.0000 258.0000 -4.5640 65.5780
1968.0000 258.0000 -4.3440 65.5780
1980.0000 258.0000 -4.2340 64.9180
1980.0000 278.0000 -3.4650 68.5750
1992.0000 258.0000 -4.0140 64.2030
1992.0000 278.0000 -3.4650 68.1080
2004.0000 258.0000 -3.9040 63.8730
2004.0000 278.0000 -3.4650 67.6400
2004.0000 67.0000 -4.8940 69.8400
2004.0000 65.0000 -5.4990 66.7330
2016.0000 278.0000 -3.2450 67.3100
2016.0000 67.0000 -4.8940 69.8400
2016.0000 65.0000 -5.4990 66.7330
2028.0000 278.0000 -2.9700 66.8710
2028.0000 67.0000 -4.8940 69.8400
2028.0000 65.0000 -5.4990 66.7330
2040.0000 67.0000 -4.8940 69.8400
2040.0000 278.0000 -2.7500 66.3760
2040.0000 65.0000 -5.4990 66.7330
2052.0000 65.0000 -5.4990 66.7330
2052.0000 278.0000 -2.4750 66.0460
2052.0000 67.0000 -4.8940 69.8400
2064.0000 65.0000 -5.4990 66.7330
2064.0000 278.0000 -2.3100 65.7160
2064.0000 67.0000 -4.8940 69.8400
2076.0000 65.0000 -5.4990 66.7330
2076.0000 67.0000 -4.8940 69.8400
2088.0000 65.0000 -5.4990 66.7330
2088.0000 67.0000 -4.8940 69.8400
2160.0000 259.0000 -1.3200 60.1890
2172.0000 259.0000 -1.1000 59.7220
2184.0000 259.0000 -0.8800 59.2820
2196.0000 259.0000 -0.6600 58.8140
2208.0000 259.0000 -0.4400 58.3470
2220.0000 259.0000 -0.1100 58.1270
2220.0000 279.0000 0.1100 60.4360
2232.0000 259.0000 0.3300 58.1270
2232.0000 279.0000 0.6600 60.4360
2244.0000 259.0000 0.7700 58.1270
2244.0000 279.0000 1.1000 60.4360
2244.0000 68.0000 -4.8940 69.8400
2244.0000 66.0000 -5.4990 66.7330
2256.0000 279.0000 1.6500 60.4360
2256.0000 68.0000 -4.8940 69.8400
2256.0000 66.0000 -5.4990 66.7330
2268.0000 279.0000 2.0900 60.1890
2268.0000 68.0000 -4.8940 69.8400
2268.0000 66.0000 -5.4990 66.7330
2280.0000 68.0000 -4.8940 69.8400
2280.0000 66.0000 -5.4990 66.7330
2280.0000 279.0000 2.5300 60.1890
2292.0000 66.0000 -5.4990 66.7330
2292.0000 279.0000 3.0800 60.1890
2292.0000 68.0000 -4.8940 69.8400
2304.0000 66.0000 -5.4990 66.7330
2304.0000 68.0000 -4.8940 69.8400
2304.0000 279.0000 3.5200 60.1890
2316.0000 66.0000 -5.4990 66.7330
2316.0000 68.0000 -4.8940 69.8400
2328.0000 66.0000 -5.4990 66.7330
2328.0000 68.0000 -4.8940 69.8400
2400.0000 260.0000 6.4890 58.5940
2412.0000 260.0000 6.9290 58.5940
2424.0000 260.0000 7.3690 58.5940
2436.0000 260.0000 7.8090 58.5940
2448.0000 260.0000 8.2760 58.5940
2460.0000 280.0000 9.8440 59.5020
2460.0000 260.0000 8.7160 58.5940
2472.0000 280.0000 10.3940 59.5020
2472.0000 260.0000 9.1840 58.5940
2484.0000 260.0000 9.6240 58.8140
2484.0000 280.0000 10.6140 59.7220
2496.0000 280.0000 10.8330 60.0790
2508.0000 280.0000 10.8880 60.0790
2520.0000 280.0000 10.9980 60.2160
2532.0000 280.0000 11.1080 60.2160
2544.0000 280.0000 11.2180 60.2160
2640.0000 261.0000 14.2430 63.9830
2652.0000 261.0000 14.6830 64.2310
2664.0000 261.0000 15.0130 64.6710
2664.0000 309.0000 12.5380 77.8420
2664.0000 302.0000 38.9350 73.8550
2676.0000 302.0000 38.2750 73.8550
2676.0000 309.0000 12.5380 77.4020
2676.0000 261.0000 15.3430 64.8910
2688.0000 302.0000 38.2750 73.8550
2688.0000 261.0000 15.4530 65.1110
2688.0000 309.0000 12.4280 76.7140
2700.0000 261.0000 15.6730 65.3580
2700.0000 302.0000 38.2750 73.8550
2700.0000 281.0000 15.1780 64.5610
2700.0000 309.0000 12.4280 75.8070
2712.0000 261.0000 15.7830 65.6060
2712.0000 302.0000 38.2750 73.8550
2712.0000 281.0000 15.6180 64.7810
2712.0000 309.0000 12.3180 74.8720
2724.0000 281.0000 15.7280 65.0010
2724.0000 261.0000 15.7830 65.6060
2724.0000 309.0000 12.3180 74.4320
2724.0000 302.0000 38.2750 73.8550
2736.0000 309.0000 12.3180 73.7170
2736.0000 302.0000 38.1650 73.8550
2736.0000 281.0000 15.7280 65.0010
2748.0000 309.0000 12.2080 73.2770
2748.0000 302.0000 38.1650 73.8550
2748.0000 281.0000 15.7280 65.0010
2760.0000 281.0000 15.7280 65.0010
2772.0000 281.0000 15.7280 65.0010
2784.0000 281.0000 15.7280 65.0010
2880.0000 262.0000 15.7830 65.6060
2892.0000 262.0000 15.7830 65.6060
2904.0000 310.0000 12.2080 65.9360
2904.0000 303.0000 37.9450 73.8550
2904.0000 262.0000 15.7830 65.6060
2916.0000 262.0000 15.7830 65.6060
2916.0000 303.0000 37.8350 73.8550
2916.0000 310.0000 12.2080 65.2480
2928.0000 310.0000 12.2080 64.7810
2928.0000 303.0000 37.8350 73.8550
2928.0000 262.0000 15.7830 65.6060
2940.0000 262.0000 15.7830 65.6060
2940.0000 310.0000 12.2080 64.0930
2940.0000 282.0000 15.7280 65.0010
2940.0000 303.0000 37.8350 73.8550
2952.0000 282.0000 15.7280 65.0010
2952.0000 303.0000 37.8350 73.8550
2952.0000 262.0000 15.7830 65.6060
2952.0000 310.0000 12.2080 63.4060
2964.0000 282.0000 15.7280 65.0010
2964.0000 262.0000 15.7830 65.6060
2964.0000 310.0000 12.2080 62.9390
2964.0000 303.0000 37.8350 73.8550
2976.0000 282.0000 15.7280 65.0010
2976.0000 310.0000 12.2080 62.0310
2976.0000 303.0000 37.7250 73.8550
2988.0000 303.0000 37.5050 73.8550
2988.0000 282.0000 15.7280 65.0010
2988.0000 310.0000 12.2080 61.3440
3000.0000 282.0000 15.7280 65.0010
3012.0000 282.0000 15.7280 65.3580
3024.0000 282.0000 15.7280 65.3580
3120.0000 263.0000 15.7830 65.1110
3132.0000 263.0000 15.7830 65.1110
3144.0000 263.0000 15.8930 65.1110
3144.0000 311.0000 12.2630 54.6900
3144.0000 304.0000 36.2950 74.6520
3156.0000 304.0000 36.2950 74.6520
3156.0000 263.0000 15.8930 64.8910
3156.0000 311.0000 12.2630 54.0020
3168.0000 304.0000 36.2950 74.6520
3168.0000 311.0000 12.2630 53.3150
3168.0000 263.0000 15.8930 64.8910
3180.0000 304.0000 36.2950 74.6520
3180.0000 263.0000 15.8930 64.8910
3180.0000 311.0000 12.2630 52.6280
3180.0000 283.0000 15.7280 65.3580
3192.0000 263.0000 15.8930 64.8910
3192.0000 304.0000 36.2950 74.6520
3192.0000 283.0000 15.7280 65.3580
3192.0000 311.0000 12.3730 51.9400
3204.0000 304.0000 36.4050 74.4040
3204.0000 263.0000 15.8930 64.8910
3204.0000 283.0000 15.7280 65.3580
3204.0000 311.0000 12.3730 51.2530
3216.0000 283.0000 15.7280 65.3580
3216.0000 311.0000 12.3730 50.5650
3216.0000 304.0000 36.4050 74.4040
3228.0000 304.0000 36.4050 74.4040
3228.0000 283.0000 15.7280 65.3580
3228.0000 311.0000 12.3730 49.8500
3240.0000 283.0000 15.7280 65.3580
3252.0000 283.0000 15.7280 65.3580
3264.0000 283.0000 15.7280 65.3580
3384.0000 312.0000 12.4830 42.5360
3384.0000 319.0000 -37.9450 23.6190
3396.0000 319.0000 -37.2850 23.7290
3396.0000 312.0000 12.4830 41.8490
3408.0000 319.0000 -36.5150 23.9490
3408.0000 312.0000 12.4830 41.1620
3420.0000 284.0000 15.7280 65.3580
3420.0000 312.0000 12.4830 40.7220
3420.0000 319.0000 -35.6350 23.9490
3432.0000 284.0000 15.7280 65.3580
3432.0000 312.0000 12.4830 40.0070
3432.0000 319.0000 -34.8650 23.9490
3444.0000 284.0000 15.7280 65.3580
3444.0000 312.0000 12.3730 39.5670
3444.0000 319.0000 -34.0950 23.9490
3456.0000 319.0000 -33.3250 23.9490
3456.0000 312.0000 12.3730 38.8520
3456.0000 284.0000 15.7280 65.3580
3468.0000 319.0000 -32.6650 23.9490
3468.0000 312.0000 12.3730 38.1920
3468.0000 284.0000 15.7280 65.3580
3480.0000 284.0000 15.7280 65.3580
3480.0000 339.0000 12.2630 -28.3210
3492.0000 284.0000 15.7280 65.3580
3492.0000 339.0000 12.0430 -28.1010
3504.0000 329.0000 10.9980 -27.8810
3504.0000 359.0000 37.6150 73.7450
3504.0000 284.0000 15.6730 65.3580
3504.0000 339.0000 11.9330 -27.6610
3504.0000 96.0000 -37.4500 21.7770
3516.0000 359.0000 37.9450 73.7450
3516.0000 96.0000 -37.0100 21.7770
3516.0000 349.0000 -38.6600 22.6020
3516.0000 329.0000 10.9430 -27.1660
3516.0000 339.0000 11.8230 -27.0560
3528.0000 96.0000 -36.5700 21.7770
3528.0000 349.0000 -38.2750 22.7120
3528.0000 359.0000 38.2200 73.7450
3528.0000 339.0000 11.7130 -26.5060
3528.0000 329.0000 10.8330 -26.6160
3540.0000 349.0000 -37.8900 22.9320
3540.0000 339.0000 11.6030 -25.9290
3540.0000 329.0000 10.7780 -26.0390
3540.0000 359.0000 38.4400 73.7450
3540.0000 96.0000 -36.1300 21.7770
3552.0000 329.0000 10.7230 -25.5710
3552.0000 353.0000 -37.2300 23.5920
3552.0000 339.0000 11.4380 -25.3510
3552.0000 349.0000 -37.5600 22.9320
3552.0000 96.0000 -35.6350 21.7770
3552.0000 359.0000 38.6600 73.7450
3564.0000 353.0000 -36.7900 23.5920
3564.0000 349.0000 -37.1200 22.9320
3564.0000 339.0000 11.4380 -24.9110
3564.0000 96.0000 -35.1950 21.7770
3564.0000 359.0000 38.8800 73.7450
3564.0000 329.0000 10.6140 -24.9110
3576.0000 96.0000 -34.7550 21.7770
3576.0000 349.0000 -36.7900 22.9320
3576.0000 329.0000 10.5590 -24.3340
3576.0000 353.0000 -36.4600 23.5920
3576.0000 359.0000 39.0990 73.9650
3588.0000 359.0000 39.2090 73.9650
3588.0000 353.0000 -36.0200 23.5920
3588.0000 96.0000 -34.3150 21.7770
3588.0000 329.0000 10.5590 -23.7570
3588.0000 349.0000 -36.3500 22.9320
3600.0000 349.0000 -35.9100 22.9320
3600.0000 353.0000 -35.5800 23.5920
3612.0000 353.0000 -35.2500 23.5920
3624.0000 353.0000 -34.8100 23.5920
3624.0000 234.0000 -34.2050 22.2440
3624.0000 346.0000 -38.6600 22.5740
3624.0000 313.0000 12.3730 31.8680
3624.0000 320.0000 -23.3440 23.1520
3636.0000 353.0000 -34.4800 23.8670
3636.0000 234.0000 -33.8750 22.2440
3636.0000 346.0000 -38.3300 22.7120
3636.0000 313.0000 12.3730 31.1810
3636.0000 320.0000 -22.4640 23.1520
3648.0000 234.0000 -33.5450 22.2440
3648.0000 346.0000 -38.0550 22.8220
3648.0000 313.0000 12.3730 30.4930
3648.0000 320.0000 -21.5570 23.1520
3660.0000 346.0000 -37.6700 23.0420
3660.0000 320.0000 -20.6770 23.1520
3660.0000 285.0000 14.7380 67.3100
3660.0000 313.0000 12.3730 30.0530
3660.0000 234.0000 -33.1050 22.2440
3672.0000 285.0000 14.4080 67.3100
3672.0000 313.0000 12.3730 29.3380
3672.0000 346.0000 -37.2300 23.0420
3672.0000 320.0000 -19.9070 23.1520
3672.0000 234.0000 -32.7750 22.2440
3684.0000 346.0000 -36.6800 23.0420
3684.0000 234.0000 -32.3350 22.4640
3684.0000 285.0000 14.1880 67.3100
3684.0000 320.0000 -19.1370 23.1520
3684.0000 313.0000 12.3730 28.8980
3696.0000 313.0000 12.3730 28.4310
3696.0000 320.0000 -18.6970 23.1520
3696.0000 285.0000 13.8580 67.3100
3696.0000 346.0000 -36.1300 23.0420
3696.0000 234.0000 -31.8950 22.4640
3708.0000 285.0000 13.5280 67.3100
3708.0000 313.0000 12.3730 27.7440
3708.0000 320.0000 -18.1470 23.1520
3708.0000 234.0000 -31.4560 22.4640
3708.0000 346.0000 -35.6900 23.2620
3720.0000 285.0000 13.1980 67.0910
3720.0000 340.0000 11.5480 -16.1680
3732.0000 285.0000 12.8680 67.0910
3732.0000 340.0000 11.4380 -15.5080
3732.0000 17.0000 39.5940 63.2960
3744.0000 330.0000 10.3940 -15.3980
3744.0000 97.0000 -29.2560 22.2170
3744.0000 17.0000 39.5940 63.2960
3744.0000 360.0000 38.3850 73.7450
3744.0000 340.0000 11.3280 -15.0400
3744.0000 285.0000 12.5380 67.0910
3756.0000 97.0000 -28.7060 22.2170
3756.0000 330.0000 10.2840 -14.6830
3756.0000 340.0000 11.2180 -14.3530
3756.0000 17.0000 39.5940 63.2960
3756.0000 360.0000 38.1650 73.7450
3756.0000 350.0000 -30.7410 22.7120
3768.0000 330.0000 10.1740 -14.2430
3768.0000 360.0000 37.9450 73.7450
3768.0000 97.0000 -28.2660 22.2170
3768.0000 17.0000 39.5940 63.2960
3768.0000 350.0000 -30.3010 22.7120
3768.0000 340.0000 11.1080 -13.8860
3780.0000 97.0000 -27.7160 22.2170
3780.0000 350.0000 -29.8610 22.7120
3780.0000 360.0000 37.8350 73.7450
3780.0000 17.0000 39.5390 63.2960
3780.0000 343.0000 39.2640 64.3410
3780.0000 330.0000 10.1740 -13.5280
3780.0000 340.0000 10.9980 -13.1980
3792.0000 354.0000 -29.0910 24.0870
3792.0000 350.0000 -29.4210 22.7120
3792.0000 343.0000 38.9890 64.3410
3792.0000 360.0000 37.2850 73.7450
3792.0000 330.0000 10.0640 -13.0880
3792.0000 340.0000 10.8880 -12.7580
3792.0000 97.0000 -27.3860 22.2170
3792.0000 17.0000 39.4840 63.2960
3804.0000 340.0000 10.7780 -12.0430
3804.0000 330.0000 10.0640 -12.3730
3804.0000 97.0000 -26.9460 22.2170
3804.0000 360.0000 36.9550 73.7450
3804.0000 354.0000 -28.6510 24.0870
3804.0000 343.0000 38.7150 64.3410
3804.0000 17.0000 39.3740 63.2960
3804.0000 350.0000 -28.9810 22.7120
3816.0000 330.0000 9.9540 -11.7130
3816.0000 350.0000 -28.4310 22.7120
3816.0000 17.0000 39.0440 63.2960
3816.0000 360.0000 36.7350 73.9650
3816.0000 97.0000 -26.5060 22.2170
3816.0000 354.0000 -28.2110 24.0870
3816.0000 343.0000 38.4400 64.3410
3828.0000 343.0000 38.2200 64.3410
3828.0000 354.0000 -27.7710 24.0870
3828.0000 330.0000 9.9540 -10.9980
3828.0000 350.0000 -27.9910 22.9320
3828.0000 360.0000 36.6250 74.1850
3828.0000 97.0000 -26.0660 22.2170
3840.0000 343.0000 38.0000 64.3410
3840.0000 350.0000 -27.5510 22.9320
3840.0000 354.0000 -27.3310 24.3070
3852.0000 343.0000 37.7800 64.0930
3852.0000 354.0000 -27.0010 24.3070
3864.0000 343.0000 37.5600 64.0930
3864.0000 354.0000 -26.5610 24.3070
3864.0000 314.0000 13.1430 20.6500
3864.0000 347.0000 -29.3110 23.9490
3864.0000 321.0000 -8.2210 23.8390
3876.0000 347.0000 -28.8710 23.9490
3876.0000 321.0000 -7.5610 23.8390
3876.0000 354.0000 -26.1210 24.3070
3876.0000 314.0000 13.1430 20.1550
3888.0000 347.0000 -28.4310 24.1970
3888.0000 314.0000 13.1430 19.7150
3888.0000 321.0000 -6.7920 23.8390
3900.0000 347.0000 -27.8810 24.1970
3900.0000 314.0000 13.2530 19.2750
3900.0000 321.0000 -5.8840 23.8390
3900.0000 286.0000 10.6680 62.0310
3912.0000 314.0000 13.2530 18.5600
3912.0000 321.0000 -5.1140 23.8390
3912.0000 347.0000 -27.4410 24.1970
3912.0000 286.0000 10.5590 61.5910
3924.0000 286.0000 10.5590 61.0960
3924.0000 314.0000 13.2530 18.1200
3924.0000 321.0000 -4.3440 23.8390
3924.0000 347.0000 -27.0010 24.1970
3936.0000 347.0000 -26.4510 23.9490
3936.0000 286.0000 10.6680 60.6560
3936.0000 321.0000 -3.5740 23.8390
3936.0000 314.0000 13.2530 17.6250
3948.0000 347.0000 -26.0110 23.9490
3948.0000 314.0000 13.2530 17.1850
3948.0000 286.0000 10.7780 60.1890
3948.0000 321.0000 -2.8050 23.8390
3960.0000 286.0000 10.8880 59.9690
3960.0000 341.0000 10.2290 -3.5740
3972.0000 286.0000 10.9980 59.5020
3972.0000 341.0000 10.1190 -2.8600
3972.0000 18.0000 35.9650 63.7630
3984.0000 98.0000 -21.2820 22.2170
3984.0000 361.0000 36.6250 74.4040
3984.0000 18.0000 35.7450 63.7630
3984.0000 331.0000 9.2940 -2.9700
3984.0000 341.0000 10.1190 -2.2000
3984.0000 286.0000 11.1080 59.0620
3996.0000 351.0000 -22.5470 22.7120
3996.0000 341.0000 10.0090 -1.7320
3996.0000 18.0000 35.4150 63.9830
3996.0000 243.0000 12.5380 59.0070
3996.0000 361.0000 36.6250 74.4040
3996.0000 331.0000 9.2390 -2.3100
3996.0000 98.0000 -20.9520 21.9970
3996.0000 357.0000 -21.0620 24.1420
4008.0000 357.0000 -20.8420 23.0420
4008.0000 361.0000 36.6250 74.1850
4008.0000 331.0000 9.2390 -1.6220
4008.0000 351.0000 -22.1070 22.7120
4008.0000 243.0000 12.1530 58.3740
4008.0000 98.0000 -20.4020 21.9970
4008.0000 18.0000 35.0850 63.8730
4008.0000 341.0000 9.8990 -1.1550
4020.0000 341.0000 9.8990 -0.4670
4020.0000 98.0000 -19.8520 21.9970
4020.0000 243.0000 11.9330 58.3470
4020.0000 331.0000 9.3210 -0.9350
4020.0000 357.0000 -20.4020 22.8220
4020.0000 344.0000 34.2050 64.7810
4020.0000 351.0000 -21.7220 22.7120
4020.0000 18.0000 34.8100 63.8730
4020.0000 361.0000 36.7350 74.1850
4032.0000 351.0000 -21.3920 22.7120
4032.0000 243.0000 12.3730 57.5490
4032.0000 357.0000 -19.9620 22.5740
4032.0000 18.0000 34.5350 63.7360
4032.0000 344.0000 33.9300 64.7810
4032.0000 331.0000 9.3760 -0.3570
4032.0000 98.0000 -19.3020 21.9970
4032.0000 355.0000 -20.4570 24.0870
4032.0000 361.0000 36.7900 74.0750
4032.0000 341.0000 9.8440 0.2200
4044.0000 357.0000 -19.6320 22.5740
4044.0000 344.0000 33.7100 64.7810
4044.0000 351.0000 -21.0070 22.4640
4044.0000 355.0000 -20.0720 23.9770
4044.0000 98.0000 -18.8620 22.1070
4044.0000 361.0000 36.9000 73.9650
4044.0000 331.0000 9.3210 0.3300
4044.0000 243.0000 12.8680 56.9990
4044.0000 341.0000 9.7890 0.9070
4044.0000 18.0000 34.2050 63.7360
4056.0000 344.0000 33.4350 64.7810
4056.0000 331.0000 9.0460 1.0170
4056.0000 98.0000 -18.5320 22.3270
4056.0000 357.0000 -19.4120 22.5740
4056.0000 361.0000 36.9550 73.9650
4056.0000 18.0000 33.9300 63.7360
4056.0000 351.0000 -20.6220 22.2170
4056.0000 243.0000 13.1430 56.5320
4056.0000 355.0000 -19.6320 23.9770
4068.0000 98.0000 -18.3120 22.3270
4068.0000 361.0000 37.0650 73.8270
4068.0000 355.0000 -19.1920 23.9770
4068.0000 357.0000 -19.3020 22.5740
4068.0000 351.0000 -20.1820 22.2170
4068.0000 331.0000 8.7710 1.7050
4068.0000 344.0000 33.1050 64.7810
4068.0000 243.0000 13.2530 56.0650
4080.0000 355.0000 -18.7520 23.7290
4080.0000 357.0000 -18.8620 22.5740
4080.0000 344.0000 32.7750 64.7810
4080.0000 243.0000 13.3630 55.5970
4080.0000 351.0000 -19.7420 22.2170
4092.0000 355.0000 -18.3120 23.7290
4092.0000 344.0000 32.4450 64.7810
4104.0000 322.0000 5.6090 23.9490
4104.0000 315.0000 13.2530 9.7340
4104.0000 348.0000 -19.9070 23.4820
4104.0000 355.0000 -17.8720 23.7290
4104.0000 344.0000 32.0050 64.7810
4116.0000 315.0000 13.2530 9.2940
4116.0000 348.0000 -19.4670 23.4820
4116.0000 322.0000 6.1590 23.9490
4116.0000 355.0000 -17.5430 23.9770
4128.0000 315.0000 13.2530 9.0740
4128.0000 322.0000 6.8190 24.1970
4128.0000 348.0000 -18.9170 23.4820
4140.0000 315.0000 13.2530 8.5790
4140.0000 287.0000 12.3730 53.2050
4140.0000 348.0000 -18.8620 23.2620
4140.0000 322.0000 7.3690 24.1970
4152.0000 348.0000 -18.8620 23.1520
4152.0000 287.0000 12.2630 52.5180
4152.0000 315.0000 13.2530 8.1390
4152.0000 322.0000 8.0560 24.1970
4164.0000 315.0000 13.2530 7.6710
4164.0000 322.0000 8.8260 24.1970
4164.0000 287.0000 12.1530 52.0500
4164.0000 348.0000 -18.8620 23.0420
4176.0000 287.0000 12.0430 51.3630
4176.0000 322.0000 9.7340 24.1970
4176.0000 315.0000 13.3630 6.9840
4176.0000 348.0000 -18.8070 23.0420
4188.0000 348.0000 -17.0480 23.0420
4188.0000 322.0000 10.5040 23.9490
4188.0000 315.0000 13.3630 6.0490
4188.0000 287.0000 11.9330 50.8950
4200.0000 287.0000 11.8230 50.4550
4200.0000 342.0000 9.1840 9.9540
4212.0000 342.0000 9.1840 10.6680
4212.0000 19.0000 29.4760 63.5160
4212.0000 287.0000 11.8230 50.0980
4224.0000 342.0000 9.1840 11.1080
4224.0000 362.0000 38.4950 72.8100
4224.0000 332.0000 8.0560 10.2010
4224.0000 19.0000 29.1460 63.2960
4224.0000 287.0000 11.7130 49.6580
4224.0000 99.0000 -13.0330 22.1070
4236.0000 352.0000 -14.1330 23.2620
4236.0000 332.0000 8.0560 10.8880
4236.0000 358.0000 -14.3530 21.8870
4236.0000 99.0000 -12.7030 22.1070
4236.0000 362.0000 38.4950 72.8100
4236.0000 19.0000 28.8160 63.2960
4236.0000 244.0000 13.0880 49.4110
4236.0000 342.0000 9.1840 11.7960
4248.0000 362.0000 38.6050 72.8100
4248.0000 19.0000 28.5960 63.2960
4248.0000 99.0000 -12.2630 22.1070
4248.0000 358.0000 -14.0230 22.1070
4248.0000 244.0000 13.0880 48.9430
4248.0000 352.0000 -13.6930 23.2620
4248.0000 342.0000 9.1840 12.2630
4248.0000 332.0000 8.0560 11.3280
4260.0000 362.0000 38.6050 72.8100
4260.0000 244.0000 12.9780 48.2830
4260.0000 332.0000 8.0560 12.0430
4260.0000 342.0000 9.1840 12.9510
4260.0000 352.0000 -13.1430 23.4820
4260.0000 99.0000 -11.8230 22.1070
4260.0000 19.0000 28.3760 63.0760
4260.0000 358.0000 -13.5830 22.1070
4260.0000 345.0000 27.2760 64.0930
4272.0000 356.0000 -13.1430 23.7290
4272.0000 244.0000 12.8680 47.8160
4272.0000 345.0000 26.8360 64.0930
4272.0000 358.0000 -13.1430 22.1070
4272.0000 352.0000 -12.5930 23.4820
4272.0000 362.0000 38.6050 72.8100
4272.0000 99.0000 -11.4930 22.1070
4272.0000 342.0000 9.1840 13.6380
4272.0000 19.0000 28.0460 63.0760
4272.0000 332.0000 8.0560 12.7030
4284.0000 362.0000 38.7150 72.8100
4284.0000 345.0000 26.5060 63.8730
4284.0000 358.0000 -12.7030 22.3540
4284.0000 19.0000 27.8260 63.0760
4284.0000 99.0000 -11.0530 22.1070
4284.0000 352.0000 -12.0430 23.4820
4284.0000 342.0000 9.2940 14.0780
4284.0000 244.0000 12.8680 47.3480
4284.0000 332.0000 8.0560 13.4180
4284.0000 356.0000 -12.9230 23.7290
4296.0000 99.0000 -10.7230 22.1070
4296.0000 356.0000 -12.7030 23.7290
4296.0000 352.0000 -11.6030 23.4820
4296.0000 244.0000 12.8680 46.9080
4296.0000 19.0000 27.6060 62.8560
4296.0000 332.0000 8.0560 14.0780
4296.0000 112.0000 38.9350 20.2920
4296.0000 358.0000 -12.2630 22.3540
4296.0000 345.0000 26.2860 63.6260
4296.0000 362.0000 38.7150 73.0300
4308.0000 356.0000 -12.4830 23.7290
4308.0000 345.0000 26.1760 63.6260
4308.0000 112.0000 38.3850 20.0720
4308.0000 358.0000 -11.9330 22.5740
4308.0000 352.0000 -11.0530 23.7290
4308.0000 99.0000 -10.2840 22.1070
4308.0000 244.0000 12.8680 46.4410
4308.0000 332.0000 8.0560 14.7930
4308.0000 362.0000 38.7150 73.2770
4320.0000 352.0000 -10.5040 23.7290
4320.0000 345.0000 26.0660 63.4060
4320.0000 244.0000 12.7580 45.9740
4320.0000 356.0000 -12.2630 23.7290
4320.0000 358.0000 -11.4930 22.5740
4320.0000 112.0000 37.7250 20.0720
4332.0000 356.0000 -12.0430 23.7290
4332.0000 345.0000 25.9560 63.1860
4332.0000 112.0000 37.0650 20.0720
4344.0000 323.0000 20.4020 24.4170
4344.0000 112.0000 36.4050 19.8250
4344.0000 316.0000 13.9130 -1.2650
4344.0000 356.0000 -11.8230 23.4820
4344.0000 345.0000 25.8460 63.1860
4356.0000 323.0000 21.1720 24.4170
4356.0000 316.0000 13.9130 -1.7320
4356.0000 112.0000 35.6350 19.8250
4356.0000 356.0000 -11.7130 23.4820
4368.0000 112.0000 34.8650 19.8250
4368.0000 316.0000 13.9130 -2.2000
4368.0000 323.0000 22.0520 25.1040
4380.0000 288.0000 11.6030 43.6910
4380.0000 323.0000 22.7120 25.7910
4380.0000 316.0000 13.9130 -2.8600
4380.0000 112.0000 34.0950 19.8250
4392.0000 316.0000 13.9130 -3.3550
4392.0000 323.0000 23.3170 26.4790
4392.0000 288.0000 11.6030 43.2240
4404.0000 316.0000 13.9130 -4.0140
4404.0000 323.0000 23.9490 26.7260
4404.0000 288.0000 11.6030 42.5360
4416.0000 323.0000 23.8940 27.1660
4416.0000 288.0000 11.6030 41.8490
4416.0000 316.0000 13.9130 -4.5090
4428.0000 316.0000 13.9130 -5.1690
4428.0000 323.0000 24.1140 27.8540
4428.0000 288.0000 11.6030 41.3820
4440.0000 288.0000 11.6030 40.9140
4452.0000 20.0000 27.3860 60.9860
4452.0000 288.0000 11.6030 40.4740
4464.0000 20.0000 27.3860 60.7660
4464.0000 333.0000 8.0010 23.0420
4464.0000 100.0000 -5.0590 21.8870
4464.0000 288.0000 11.6030 40.0070
4476.0000 20.0000 27.3860 60.5460
4476.0000 333.0000 8.1110 23.5090
4476.0000 245.0000 12.9780 39.7870
4476.0000 100.0000 -4.7290 21.8870
4488.0000 100.0000 -4.2890 21.8870
4488.0000 20.0000 27.3860 60.3260
4488.0000 333.0000 8.2210 24.1970
4488.0000 245.0000 12.9780 39.3190
4500.0000 333.0000 8.3310 24.8840
4500.0000 100.0000 -3.8490 21.8870
4500.0000 245.0000 13.0880 38.8800
4500.0000 20.0000 27.3860 60.3260
4512.0000 245.0000 13.0880 38.1650
4512.0000 20.0000 27.2760 60.0790
4512.0000 100.0000 -3.5200 21.8870
4512.0000 333.0000 8.3310 25.3240
4524.0000 333.0000 8.3310 26.0110
4524.0000 245.0000 13.0880 37.7250
4524.0000 100.0000 -3.0800 21.8870
4524.0000 20.0000 27.2760 59.8320
4536.0000 333.0000 8.3310 26.7260
4536.0000 100.0000 -2.7500 21.8870
4536.0000 20.0000 27.2760 59.6120
4536.0000 245.0000 13.0880 37.2570
4536.0000 113.0000 24.7190 20.5120
4548.0000 333.0000 8.3860 27.3860
4548.0000 100.0000 -2.3100 21.8870
4548.0000 245.0000 13.0880 36.7900
4548.0000 106.0000 38.7700 20.6500
4548.0000 113.0000 24.0040 20.5120
4560.0000 106.0000 38.0000 20.6500
4560.0000 245.0000 13.0880 36.3500
4560.0000 113.0000 23.3990 20.4020
4572.0000 113.0000 22.7120 20.1820
4572.0000 106.0000 37.2300 20.4020
4584.0000 113.0000 22.0520 19.9620
4584.0000 106.0000 36.4600 20.1550
4584.0000 324.0000 24.8290 35.9920
4584.0000 317.0000 15.5630 -12.6210
4596.0000 113.0000 21.5020 19.7150
4596.0000 324.0000 24.8290 36.4600
4596.0000 106.0000 35.6900 19.9350
4596.0000 317.0000 15.8380 -13.0610
4608.0000 324.0000 24.8290 37.0370
4608.0000 317.0000 16.1130 -13.6660
4608.0000 106.0000 34.8650 19.9350
4608.0000 113.0000 20.8420 19.7150
4620.0000 324.0000 24.8290 37.6150
4620.0000 317.0000 16.3880 -14.1060
4620.0000 113.0000 20.1820 19.4670
4620.0000 106.0000 34.0950 19.9350
4620.0000 289.0000 12.0430 33.7100
4632.0000 106.0000 33.3250 19.9350
4632.0000 317.0000 16.6080 -14.7100
4632.0000 289.0000 12.0980 33.2430
4632.0000 324.0000 24.8840 38.1920
4644.0000 289.0000 12.0980 32.7750
4644.0000 317.0000 17.1580 -14.7100
4644.0000 324.0000 24.8840 38.6320
4656.0000 324.0000 24.8840 39.3190
4656.0000 317.0000 17.7070 -14.9300
4656.0000 289.0000 12.1530 32.3350
4668.0000 324.0000 24.8840 39.7870
4668.0000 317.0000 18.2570 -14.9300
4668.0000 289.0000 12.1530 31.7580
4680.0000 289.0000 12.2630 31.2910
4692.0000 289.0000 12.2630 30.8510
4692.0000 21.0000 27.2210 56.9720
4704.0000 101.0000 2.5300 22.1070
4704.0000 21.0000 27.1660 56.8620
4704.0000 289.0000 12.3180 30.2460
4704.0000 334.0000 8.7160 36.2400
4716.0000 21.0000 27.1660 56.6420
4716.0000 246.0000 13.1980 30.0260
4716.0000 334.0000 8.7160 36.9270
4716.0000 101.0000 2.9700 22.1070
4728.0000 21.0000 27.1660 56.4220
4728.0000 246.0000 13.1980 29.5860
4728.0000 101.0000 3.3000 22.3270
4728.0000 334.0000 8.7160 37.6150
4740.0000 246.0000 13.2530 29.1180
4740.0000 334.0000 8.7710 38.3020
4740.0000 21.0000 27.1660 56.2020
4740.0000 101.0000 3.6290 22.3270
4752.0000 101.0000 3.9590 22.3270
4752.0000 334.0000 8.7710 38.8520
4752.0000 21.0000 27.1660 55.9550
4752.0000 246.0000 13.2530 28.6510
4764.0000 101.0000 4.2890 22.3270
4764.0000 334.0000 8.8260 39.5670
4764.0000 21.0000 27.1660 55.8450
4764.0000 246.0000 13.3080 28.2110
4776.0000 246.0000 13.3080 27.7440
4776.0000 21.0000 27.1660 55.5970
4776.0000 334.0000 8.8810 40.2270
4776.0000 101.0000 4.6190 22.3270
4776.0000 114.0000 13.5830 16.4980
4788.0000 107.0000 22.7120 20.4020
4788.0000 114.0000 13.5830 16.0580
4788.0000 101.0000 4.9490 22.3270
4788.0000 246.0000 13.3630 27.2760
4788.0000 334.0000 8.8810 40.8040
4800.0000 114.0000 13.4730 15.8380
4800.0000 107.0000 21.8320 20.1550
4800.0000 246.0000 13.3630 26.8360
4800.0000 83.0000 12.9230 76.4670
4812.0000 107.0000 21.0620 20.1550
4812.0000 114.0000 13.4730 15.3430
4812.0000 83.0000 12.9230 75.5590
4824.0000 318.0000 26.1210 -16.7450
4824.0000 325.0000 24.6640 46.4410
4824.0000 83.0000 12.9230 74.8720
4824.0000 114.0000 13.4730 15.1230
4824.0000 107.0000 20.2370 19.9350
4836.0000 83.0000 12.9230 74.1850
4836.0000 325.0000 24.6640 46.8810
4836.0000 114.0000 13.4730 14.6830
4836.0000 318.0000 26.7810 -16.7450
4836.0000 107.0000 19.4120 19.9350
4848.0000 107.0000 18.5870 19.9350
4848.0000 265.0000 -38.4400 24.5270
4848.0000 114.0000 13.4730 14.4350
4848.0000 83.0000 12.9230 73.4970
4848.0000 325.0000 24.5540 47.5960
4848.0000 318.0000 27.3310 -16.7450
4860.0000 325.0000 24.5540 48.0360
4860.0000 290.0000 12.5380 24.0870
4860.0000 265.0000 -38.0000 24.1970
4860.0000 114.0000 12.9780 11.2180
4860.0000 318.0000 27.7710 -16.7450
4860.0000 107.0000 17.7070 19.9350
4860.0000 83.0000 12.9230 72.5620
4872.0000 318.0000 28.3210 -16.7450
4872.0000 290.0000 12.5380 23.6190
4872.0000 325.0000 24.5540 48.4760
4872.0000 265.0000 -37.5050 24.1970
4872.0000 83.0000 12.9230 71.9020
4872.0000 107.0000 16.9380 19.7150
4884.0000 325.0000 24.4440 48.9710
4884.0000 83.0000 12.9230 71.1870
4884.0000 265.0000 -36.8450 24.1970
4884.0000 318.0000 28.8710 -16.7450
4884.0000 290.0000 12.5380 23.1520
4896.0000 325.0000 24.4440 49.4110
4896.0000 265.0000 -36.1850 24.1970
4896.0000 318.0000 29.3110 -16.7450
4896.0000 290.0000 12.5380 22.7120
4908.0000 325.0000 24.3340 49.8500
4908.0000 318.0000 29.8610 -16.5250
4908.0000 265.0000 -35.5250 24.1970
4908.0000 290.0000 12.5380 22.2170
4920.0000 290.0000 12.5380 21.7770
4920.0000 265.0000 -34.9750 24.1970
4932.0000 290.0000 12.4280 21.3370
4932.0000 265.0000 -34.3150 24.1970
4932.0000 22.0000 27.0560 52.9850
4944.0000 335.0000 9.2110 49.6300
4944.0000 102.0000 9.1840 22.6020
4944.0000 22.0000 27.0560 52.7380
4944.0000 290.0000 12.4280 20.8420
4956.0000 22.0000 27.0560 52.5180
4956.0000 335.0000 9.2110 50.3450
4956.0000 247.0000 13.5280 20.8700
4956.0000 102.0000 9.5140 22.6020
4968.0000 335.0000 9.2110 51.0050
4968.0000 102.0000 9.7340 22.6020
4968.0000 247.0000 13.5280 20.4020
4968.0000 22.0000 27.0560 52.3800
4980.0000 102.0000 10.0640 22.6020
4980.0000 22.0000 27.0560 52.1600
4980.0000 335.0000 9.2110 51.7200
4980.0000 247.0000 13.5280 19.9350
4992.0000 102.0000 10.3940 22.6020
4992.0000 22.0000 27.0560 51.9400
4992.0000 335.0000 9.2110 52.3800
4992.0000 247.0000 13.5280 19.4950
5004.0000 92.0000 9.5140 21.7770
5004.0000 88.0000 5.7190 24.0590
5004.0000 247.0000 13.4180 19.0270
5004.0000 239.0000 10.0090 25.3510
5004.0000 328.0000 8.4960 53.0950
5004.0000 337.0000 12.0980 63.5160
5004.0000 235.0000 9.6790 24.1970
5004.0000 335.0000 9.2110 53.0950
5004.0000 22.0000 27.0560 51.7200
5004.0000 102.0000 10.8330 22.7120
5016.0000 92.0000 9.8440 21.7770
5016.0000 22.0000 27.0560 51.5000
5016.0000 239.0000 10.3390 25.3510
5016.0000 235.0000 9.7890 24.1970
5016.0000 335.0000 9.2110 53.7550
5016.0000 328.0000 8.4960 53.7550
5016.0000 88.0000 6.0490 24.0590
5016.0000 102.0000 11.1630 22.7120
5016.0000 337.0000 12.0980 62.8290
5016.0000 247.0000 13.4180 18.4500
5016.0000 115.0000 13.4180 1.9250
5028.0000 239.0000 10.6680 25.3510
5028.0000 337.0000 12.0980 62.1410
5028.0000 115.0000 13.4730 1.2650
5028.0000 235.0000 10.1190 24.1970
5028.0000 328.0000 8.4960 54.4700
5028.0000 108.0000 6.0490 19.6050
5028.0000 102.0000 11.4930 22.7120
5028.0000 335.0000 9.2110 54.4700
5028.0000 88.0000 6.4890 24.0590
5028.0000 247.0000 13.4180 17.9820
5028.0000 92.0000 10.1740 21.7770
5040.0000 84.0000 12.8680 61.4540
5040.0000 328.0000 8.4960 55.1570
5040.0000 239.0000 10.9980 25.3510
5040.0000 108.0000 5.3890 19.7150
5040.0000 247.0000 13.4180 17.4050
5040.0000 337.0000 12.0980 61.2340
5040.0000 235.0000 10.4490 24.1970
5040.0000 92.0000 10.5040 21.7770
5040.0000 88.0000 6.9290 24.0590
5040.0000 115.0000 13.5280 0.6870
5052.0000 337.0000 12.0980 60.5460
5052.0000 84.0000 12.8680 60.7660
5052.0000 328.0000 8.4960 55.8450
5052.0000 88.0000 7.2590 24.0590
5052.0000 115.0000 13.5830 -0.1370
5052.0000 239.0000 11.2180 25.3510
5052.0000 108.0000 4.7290 19.6050
5052.0000 235.0000 10.7780 24.1970
5052.0000 92.0000 10.8330 21.7770
5064.0000 84.0000 12.9230 59.8590
5064.0000 239.0000 11.5480 25.3510
5064.0000 328.0000 8.4960 56.5320
5064.0000 92.0000 11.2180 21.7770
5064.0000 108.0000 4.1240 19.7150
5064.0000 88.0000 7.7260 24.0590
5064.0000 235.0000 11.1080 24.1970
5064.0000 337.0000 12.0980 59.8320
5064.0000 115.0000 13.5830 -0.6870
5064.0000 326.0000 25.4060 56.6420
5076.0000 84.0000 12.9230 59.1720
5076.0000 115.0000 13.6380 -1.5120
5076.0000 108.0000 3.4100 19.8520
5076.0000 328.0000 8.4960 57.2190
5076.0000 326.0000 25.4610 57.3290
5076.0000 239.0000 11.8780 25.3510
5076.0000 88.0000 8.0560 24.0590
5076.0000 92.0000 11.5480 21.7770
5076.0000 235.0000 11.3280 24.1970
5076.0000 337.0000 12.0980 58.9520
5088.0000 84.0000 12.9230 58.4840
5088.0000 326.0000 25.5160 57.7690
5088.0000 266.0000 -26.3410 23.9490
5088.0000 92.0000 11.8780 21.9970
5088.0000 115.0000 13.6930 -2.0620
5088.0000 239.0000 12.2080 25.4610
5088.0000 88.0000 8.3860 24.0590
5088.0000 328.0000 8.4960 58.0170
5088.0000 337.0000 12.0980 58.2370
5088.0000 235.0000 11.7130 24.4170
5088.0000 108.0000 2.5300 19.8520
5100.0000 84.0000 12.9230 57.6870
5100.0000 266.0000 -25.6810 23.9490
5100.0000 326.0000 25.7360 58.4840
5100.0000 291.0000 12.4280 15.0130
5100.0000 108.0000 1.7600 19.8520
5100.0000 115.0000 13.7480 -2.7500
5112.0000 326.0000 25.8460 58.9240
5112.0000 108.0000 0.8800 19.8520
5112.0000 291.0000 12.4280 14.4350
5112.0000 84.0000 12.8680 56.8620
5112.0000 266.0000 -25.0210 23.9490
5124.0000 291.0000 12.4280 13.9680
5124.0000 84.0000 12.9230 56.1750
5124.0000 266.0000 -24.3340 23.9490
5124.0000 326.0000 26.0660 59.3920
5136.0000 291.0000 12.4280 13.5280
5136.0000 326.0000 26.1760 60.0790
5136.0000 266.0000 -23.6740 23.9490
5148.0000 266.0000 -23.0140 23.9490
5148.0000 326.0000 26.3960 60.5190
5148.0000 291.0000 12.4280 13.0610
5160.0000 266.0000 -22.4640 23.9490
5160.0000 291.0000 12.4280 12.5930
5172.0000 23.0000 27.2210 48.2560
5172.0000 291.0000 12.4280 12.0430
5172.0000 266.0000 -21.7770 23.9490
5184.0000 291.0000 12.4280 11.5480
5184.0000 103.0000 16.2230 22.4640
5184.0000 336.0000 9.5690 63.9830
5184.0000 23.0000 27.2210 47.8160
5196.0000 336.0000 9.5690 64.6710
5196.0000 103.0000 16.6630 22.2170
5196.0000 248.0000 13.1430 10.8880
5196.0000 23.0000 27.2760 47.5960
5208.0000 23.0000 27.2760 47.3480
5208.0000 103.0000 16.9930 22.2170
5208.0000 336.0000 9.5690 65.3580
5208.0000 248.0000 13.0330 10.4490
5220.0000 23.0000 27.2760 47.1280
5220.0000 248.0000 13.0330 9.9540
5220.0000 103.0000 17.3230 22.2170
5220.0000 336.0000 9.6240 66.2660
5232.0000 248.0000 12.9230 9.4040
5232.0000 336.0000 9.6240 66.9530
5232.0000 103.0000 17.6530 22.1070
5232.0000 23.0000 27.2760 46.8810
5244.0000 236.0000 15.8930 24.4170
5244.0000 103.0000 18.0920 21.9970
5244.0000 93.0000 16.3880 22.4640
5244.0000 336.0000 9.6240 67.6400
5244.0000 240.0000 16.6630 25.4610
5244.0000 23.0000 27.2760 46.6610
5244.0000 248.0000 12.9230 8.9360
5244.0000 89.0000 13.8030 24.0590
5244.0000 338.0000 11.9880 48.1730
5256.0000 236.0000 16.2230 24.4170
5256.0000 240.0000 16.9930 25.4610
5256.0000 89.0000 14.1330 24.0590
5256.0000 103.0000 18.4220 21.9970
5256.0000 248.0000 12.8130 8.4690
5256.0000 23.0000 27.3310 46.4410
5256.0000 336.0000 9.7340 68.3280
5256.0000 93.0000 16.7180 22.4640
5256.0000 116.0000 14.0780 -12.1530
5256.0000 338.0000 11.9880 47.4580
5268.0000 240.0000 17.4330 25.4610
5268.0000 338.0000 11.9880 46.7980
5268.0000 236.0000 16.5530 24.4170
5268.0000 116.0000 14.0780 -12.9780
5268.0000 109.0000 -9.2940 19.8520
5268.0000 103.0000 18.7520 21.8870
5268.0000 93.0000 17.0480 22.4640
5268.0000 89.0000 14.5730 24.0590
5268.0000 336.0000 9.7340 69.0150
5268.0000 248.0000 12.8130 8.0290
5280.0000 338.0000 11.9880 46.0830
5280.0000 240.0000 17.7620 25.4610
5280.0000 116.0000 14.1880 -13.6660
5280.0000 109.0000 -9.9540 20.0720
5280.0000 236.0000 16.9930 24.4170
5280.0000 93.0000 17.3780 22.4640
5280.0000 85.0000 12.9780 46.3030
5280.0000 248.0000 12.8130 7.5340
5280.0000 89.0000 14.9030 24.0590
5292.0000 93.0000 17.7070 22.4640
5292.0000 116.0000 14.1880 -14.3530
5292.0000 338.0000 11.9880 45.1760
5292.0000 109.0000 -10.7230 20.0720
5292.0000 240.0000 18.0920 25.4610
5292.0000 89.0000 15.3430 24.3070
5292.0000 236.0000 17.3230 24.4170
5292.0000 85.0000 12.9780 45.5340
5304.0000 240.0000 18.5320 25.4610
5304.0000 236.0000 17.7620 24.4170
5304.0000 89.0000 15.6730 24.3070
5304.0000 338.0000 11.9880 44.4890
5304.0000 116.0000 14.1880 -14.8200
5304.0000 85.0000 12.9230 44.8190
5304.0000 93.0000 18.0370 22.4640
5304.0000 109.0000 -11.4930 20.0720
5304.0000 327.0000 29.1460 67.6680
5316.0000 109.0000 -12.1530 20.0720
5316.0000 327.0000 29.3660 68.3280
5316.0000 85.0000 12.9230 44.1590
5316.0000 338.0000 11.9330 43.8010
5316.0000 89.0000 16.1130 24.3070
5316.0000 116.0000 14.1880 -15.4800
5316.0000 240.0000 18.8620 25.4610
5316.0000 93.0000 18.4770 22.4640
5316.0000 236.0000 17.9820 24.4170
5328.0000 327.0000 29.5860 69.0430
5328.0000 85.0000 12.9230 43.2240
5328.0000 89.0000 16.4430 24.5270
5328.0000 93.0000 18.8070 22.4640
5328.0000 267.0000 -13.7480 23.9490
5328.0000 109.0000 -12.9230 20.0720
5328.0000 236.0000 18.3120 24.4170
5328.0000 240.0000 19.1920 25.4610
5328.0000 338.0000 11.9330 43.1140
5328.0000 116.0000 14.1880 -15.9480
5340.0000 292.0000 11.9880 4.8940
5340.0000 327.0000 29.9160 69.7030
5340.0000 267.0000 -13.0880 24.1690
5340.0000 116.0000 14.1880 -16.4150
5340.0000 85.0000 12.9230 42.5360
5340.0000 109.0000 -13.5830 20.0720
5352.0000 85.0000 12.9230 41.7390
5352.0000 267.0000 -12.4280 24.4170
5352.0000 109.0000 -14.3530 20.0720
5352.0000 292.0000 11.8780 4.4540
5352.0000 327.0000 30.1360 70.4180
5364.0000 327.0000 30.3560 70.8570
5364.0000 267.0000 -11.7680 24.4170
5364.0000 292.0000 11.8780 3.7940
5364.0000 85.0000 12.9230 41.0240
5376.0000 327.0000 30.3560 71.0770
5376.0000 267.0000 -11.1080 24.6640
5376.0000 292.0000 11.7680 3.3000
5388.0000 327.0000 30.4660 71.5720
5388.0000 292.0000 11.7680 2.8600
5388.0000 267.0000 -10.4490 24.6640
5400.0000 267.0000 -9.7890 24.6640
5400.0000 292.0000 11.7680 2.1450
5412.0000 267.0000 -9.1290 24.6640
5412.0000 292.0000 11.7680 1.7050
5412.0000 24.0000 27.4960 42.9760
5424.0000 24.0000 27.4960 42.7560
5424.0000 104.0000 23.9490 21.6670
5424.0000 292.0000 11.7680 1.2650
5436.0000 24.0000 27.6060 42.5360
5436.0000 249.0000 12.4830 1.1550
5436.0000 104.0000 24.2790 21.6670
5448.0000 24.0000 27.6060 42.2070
5448.0000 249.0000 12.4830 0.6600
5448.0000 104.0000 24.6090 21.6670
5460.0000 249.0000 12.4830 0.2200
5460.0000 104.0000 24.9390 21.6670
5460.0000 24.0000 27.6060 41.9590
5472.0000 104.0000 25.2960 21.6670
5472.0000 24.0000 27.7160 41.6020
5472.0000 249.0000 12.4830 -0.2200
5484.0000 104.0000 25.7360 21.8870
5484.0000 94.0000 23.7840 22.4640
5484.0000 24.0000 27.7160 41.2720
5484.0000 249.0000 12.4830 -0.9350
5484.0000 241.0000 23.8390 25.2410
5484.0000 237.0000 22.9320 24.1970
5484.0000 90.0000 21.5020 25.4340
5496.0000 230.0000 15.5080 74.1300
5496.0000 94.0000 24.1140 22.2170
5496.0000 237.0000 23.3720 24.1970
5496.0000 241.0000 24.1690 25.2410
5496.0000 24.0000 27.7160 41.0520
5496.0000 90.0000 21.8320 25.6810
5496.0000 1.0000 26.8910 42.2620
5496.0000 249.0000 12.4830 -1.3750
5496.0000 104.0000 26.0660 21.8870
5508.0000 110.0000 -24.4170 20.1820
5508.0000 237.0000 23.7840 23.9490
5508.0000 1.0000 26.8910 41.0240
5508.0000 241.0000 24.6090 24.9660
5508.0000 54.0000 12.3730 79.3260
5508.0000 230.0000 15.5080 73.0300
5508.0000 90.0000 22.1620 25.5440
5508.0000 94.0000 24.5540 21.9970
5508.0000 104.0000 26.3960 21.9970
5508.0000 249.0000 12.3730 -1.8700
5520.0000 230.0000 15.5080 73.0300
5520.0000 1.0000 26.8910 40.5840
5520.0000 249.0000 12.3180 -2.3100
5520.0000 54.0000 12.2080 78.4190
5520.0000 241.0000 25.1310 24.9660
5520.0000 90.0000 22.5470 25.5440
5520.0000 94.0000 24.9940 21.9970
5520.0000 237.0000 24.2240 23.8390
5520.0000 86.0000 12.7030 30.8510
5520.0000 110.0000 -25.1860 20.1820
5532.0000 90.0000 22.9320 25.5440
5532.0000 94.0000 25.4610 21.9970
5532.0000 241.0000 25.5710 24.7470
5532.0000 237.0000 24.7190 23.7290
5532.0000 86.0000 12.7030 30.1360
5532.0000 1.0000 26.8910 40.3640
5532.0000 230.0000 15.5080 73.0300
5532.0000 110.0000 -25.9010 20.1820
5532.0000 54.0000 12.0430 77.7590
5544.0000 54.0000 12.0430 77.0440
5544.0000 86.0000 12.6480 29.4760
5544.0000 230.0000 15.5080 73.0300
5544.0000 110.0000 -26.7260 20.0720
5544.0000 1.0000 26.8910 39.8970
5544.0000 241.0000 26.0110 24.7470
5544.0000 94.0000 25.9560 21.7770
5544.0000 90.0000 23.3440 25.5440
5544.0000 237.0000 25.1590 23.6190
5556.0000 110.0000 -27.4960 20.0720
5556.0000 54.0000 12.0430 76.1370
5556.0000 237.0000 25.6810 23.6190
5556.0000 90.0000 23.7840 25.5440
5556.0000 94.0000 26.3960 21.7770
5556.0000 86.0000 12.6480 28.6510
5556.0000 230.0000 15.5080 73.0300
5556.0000 1.0000 26.8910 39.6490
5556.0000 241.0000 26.4510 24.6370
5568.0000 86.0000 12.6480 27.9640
5568.0000 110.0000 -28.2110 19.9350
5568.0000 268.0000 -0.2750 24.6370
5568.0000 1.0000 26.8910 39.2090
5568.0000 90.0000 24.1140 25.4340
5568.0000 54.0000 12.0430 75.4490
5568.0000 237.0000 26.1210 23.3990
5568.0000 230.0000 15.5080 73.0300
5568.0000 241.0000 26.8910 24.5270
5568.0000 94.0000 26.8360 21.7770
5580.0000 268.0000 0.3850 24.8840
5580.0000 54.0000 12.0430 74.5140
5580.0000 110.0000 -28.9810 19.9350
5580.0000 1.0000 27.0010 38.9890
5580.0000 230.0000 15.5080 73.0300
5580.0000 86.0000 12.6480 27.2760
5580.0000 293.0000 11.4380 -3.4650
5592.0000 293.0000 11.4380 -3.9040
5592.0000 268.0000 0.9350 24.8840
5592.0000 54.0000 12.0430 73.8550
5592.0000 86.0000 12.5930 26.5890
5592.0000 110.0000 -29.6960 19.9350
5604.0000 86.0000 12.5930 25.7910
5604.0000 268.0000 1.5950 24.9940
5604.0000 293.0000 11.3280 -4.3720
5616.0000 268.0000 2.2550 24.9940
5616.0000 293.0000 11.2180 -5.0590
5628.0000 268.0000 2.9150 25.2140
5628.0000 293.0000 11.2180 -5.4990
5640.0000 268.0000 3.5740 25.3510
5640.0000 293.0000 11.1080 -5.7470
5652.0000 268.0000 4.2340 25.3510
5652.0000 293.0000 10.9980 -6.2140
5652.0000 25.0000 27.8810 37.6150
5664.0000 105.0000 31.4560 22.2440
5664.0000 25.0000 27.8810 37.3950
5664.0000 293.0000 10.8880 -6.4340
5676.0000 25.0000 27.8810 37.1470
5676.0000 105.0000 31.7860 22.2440
5676.0000 250.0000 11.7130 -8.1390
5688.0000 25.0000 27.8810 36.7900
5688.0000 384.0000 15.3980 72.0950
5688.0000 105.0000 32.1150 22.2440
5688.0000 250.0000 11.7130 -8.6340
5700.0000 25.0000 27.9360 36.4600
5700.0000 384.0000 15.3980 71.2150
5700.0000 105.0000 32.5550 22.2440
5700.0000 250.0000 11.7130 -8.8540
5712.0000 250.0000 11.7130 -9.2940
5712.0000 384.0000 15.3980 70.5000
5712.0000 105.0000 32.8850 22.2440
5712.0000 25.0000 27.9360 36.2400
5724.0000 105.0000 33.2150 22.2440
5724.0000 238.0000 30.9610 23.1790
5724.0000 250.0000 11.7130 -9.5140
5724.0000 242.0000 31.8950 24.1970
5724.0000 95.0000 31.8950 21.9970
5724.0000 25.0000 27.9360 36.0200
5724.0000 384.0000 15.3980 70.0600
5724.0000 91.0000 29.5860 25.3240
5736.0000 105.0000 33.6550 22.2440
5736.0000 242.0000 32.3350 24.1970
5736.0000 95.0000 32.2250 21.9970
5736.0000 2.0000 27.0010 36.0200
5736.0000 231.0000 15.5080 73.0300
5736.0000 91.0000 30.0260 25.3240
5736.0000 238.0000 31.2910 23.1790
5736.0000 250.0000 11.7130 -9.7340
5736.0000 25.0000 27.9360 35.7720
5736.0000 384.0000 15.3980 69.3450
5748.0000 55.0000 12.8130 65.8260
5748.0000 250.0000 11.7130 -10.0090
5748.0000 242.0000 32.6650 24.1970
5748.0000 95.0000 32.6650 21.9970
5748.0000 238.0000 31.6210 23.1790
5748.0000 384.0000 15.3980 68.9050
5748.0000 231.0000 15.2880 72.5900
5748.0000 91.0000 30.4660 25.3240
5748.0000 105.0000 33.9850 22.2440
5748.0000 2.0000 27.0010 35.7720
5760.0000 231.0000 15.0680 72.3700
5760.0000 2.0000 27.0010 35.5250
5760.0000 87.0000 12.3730 16.4980
5760.0000 238.0000 32.0600 23.1790
5760.0000 55.0000 12.8130 65.3580
5760.0000 242.0000 32.9950 24.1970
5760.0000 250.0000 11.7130 -10.2290
5760.0000 384.0000 15.3980 68.4650
5760.0000 91.0000 30.9060 25.3240
5760.0000 95.0000 32.9950 22.2170
5772.0000 91.0000 31.3460 25.3240
5772.0000 231.0000 14.8480 71.8750
5772.0000 2.0000 27.0010 35.3050
5772.0000 55.0000 12.8130 64.6710
5772.0000 238.0000 32.3900 23.1790
5772.0000 95.0000 33.3250 22.2170
5772.0000 87.0000 12.3730 15.8100
5772.0000 242.0000 33.3250 24.1970
5772.0000 384.0000 15.3980 67.7500
5784.0000 242.0000 33.7650 24.1970
5784.0000 95.0000 33.7650 22.2170
5784.0000 55.0000 12.8130 64.2310
5784.0000 91.0000 31.7860 25.3240
5784.0000 2.0000 27.0010 35.0850
5784.0000 231.0000 14.6280 71.4350
5784.0000 87.0000 12.3730 15.0130
5784.0000 238.0000 32.7200 23.1790
5796.0000 231.0000 14.4080 70.7480
5796.0000 55.0000 12.8130 63.7360
5796.0000 87.0000 12.3180 14.3250
5796.0000 2.0000 27.0010 34.8650
5796.0000 91.0000 32.1150 25.1040
5796.0000 242.0000 34.0950 24.1970
5796.0000 95.0000 34.0950 22.2170
5796.0000 238.0000 33.1600 23.1790
5808.0000 231.0000 14.1880 70.0600
5808.0000 91.0000 32.5550 24.8840
5808.0000 242.0000 34.4250 24.1970
5808.0000 238.0000 33.4900 23.2890
5808.0000 55.0000 12.8130 63.2960
5808.0000 269.0000 6.7640 32.6930
5808.0000 87.0000 12.3180 13.6380
5808.0000 2.0000 27.0010 34.6180
5808.0000 95.0000 34.4250 22.4640
5820.0000 269.0000 6.7640 33.3530
5820.0000 87.0000 12.3180 12.9510
5820.0000 294.0000 10.7780 -10.5590
5820.0000 55.0000 12.7030 62.8290
5820.0000 231.0000 13.9680 69.6200
5820.0000 2.0000 27.0010 34.3980
5832.0000 55.0000 12.7030 62.1410
5832.0000 87.0000 12.2630 12.1530
5832.0000 269.0000 6.7640 34.0680
5832.0000 294.0000 10.7780 -10.7780
5844.0000 87.0000 12.2630 11.4660
5844.0000 269.0000 6.7640 34.7280
5844.0000 294.0000 10.7780 -11.0260
5856.0000 269.0000 6.7640 35.1950
5856.0000 294.0000 10.8880 -11.4930
5868.0000 269.0000 6.8740 35.8820
5868.0000 294.0000 10.9980 -11.9330
5880.0000 294.0000 11.1080 -12.4010
5880.0000 269.0000 6.8740 36.5700
5892.0000 294.0000 11.1080 -12.8680
5892.0000 269.0000 6.8740 37.2570
5892.0000 26.0000 27.6060 32.1150
5904.0000 26.0000 27.6060 31.7310
5904.0000 294.0000 11.2180 -13.3080
5916.0000 26.0000 27.6060 31.4010
5916.0000 251.0000 12.1530 -13.4180
5928.0000 26.0000 27.6060 31.0710
5928.0000 385.0000 14.0780 58.5670
5928.0000 251.0000 12.2630 -13.9130
5940.0000 385.0000 14.0780 57.9070
5940.0000 251.0000 12.4830 -14.3530
5940.0000 26.0000 27.6060 30.6310
5952.0000 26.0000 27.6060 30.3560
5952.0000 251.0000 12.7030 -14.7930
5952.0000 385.0000 14.0780 56.9720
5964.0000 26.0000 27.6060 29.9160
5964.0000 251.0000 12.9230 -15.2880
5964.0000 385.0000 14.1880 56.3120
5976.0000 3.0000 26.7260 30.1360
5976.0000 385.0000 14.1880 55.3770
5976.0000 232.0000 13.4180 60.6560
5976.0000 251.0000 13.1430 -15.7280
5976.0000 26.0000 27.6060 29.6960
5988.0000 251.0000 13.3630 -16.1680
5988.0000 232.0000 13.3080 59.7220
5988.0000 3.0000 26.7260 29.6960
5988.0000 56.0000 12.7030 60.7660
5988.0000 385.0000 14.1880 54.7170
6000.0000 3.0000 26.7260 29.4760
6000.0000 56.0000 12.7030 60.7660
6000.0000 385.0000 14.2980 54.0020
6000.0000 251.0000 13.5830 -16.3880
6000.0000 232.0000 13.0880 59.0620
6012.0000 385.0000 14.2430 53.2050
6012.0000 3.0000 26.5610 29.6960
6012.0000 56.0000 12.7030 60.6560
6012.0000 232.0000 12.9230 58.2370
6024.0000 232.0000 12.7580 57.6870
6024.0000 56.0000 12.7030 60.6560
6024.0000 3.0000 26.5610 29.2280
6036.0000 56.0000 12.7580 60.6560
6036.0000 232.0000 12.6480 56.9720
6036.0000 3.0000 26.5610 29.0080
6048.0000 270.0000 6.9290 45.8640
6048.0000 3.0000 26.5610 28.5410
6048.0000 232.0000 12.4830 56.2850
6048.0000 56.0000 12.7580 60.6560
6060.0000 295.0000 13.8030 -12.6210
6060.0000 270.0000 6.9290 46.4410
6060.0000 232.0000 12.3730 55.7350
6060.0000 3.0000 26.5610 28.1010
6060.0000 56.0000 12.7580 60.7660
6072.0000 56.0000 12.8130 60.7660
6072.0000 270.0000 6.8740 47.2380
6072.0000 295.0000 14.1880 -12.2910
6084.0000 295.0000 14.5730 -12.1810
6084.0000 270.0000 6.8740 47.8160
6096.0000 270.0000 6.8740 48.5030
6096.0000 295.0000 14.6830 -12.1810
6108.0000 295.0000 14.9030 -12.1810
6108.0000 270.0000 6.8740 49.1910
6120.0000 270.0000 6.8740 49.8780
6120.0000 295.0000 15.0130 -12.1810
6132.0000 270.0000 6.8740 50.5650
6132.0000 295.0000 15.1230 -12.4010
6132.0000 27.0000 27.4410 26.0110
6144.0000 295.0000 15.2330 -12.4010
6144.0000 27.0000 27.4410 26.0110
6156.0000 27.0000 27.3310 25.7910
6156.0000 252.0000 14.5730 -21.5840
6168.0000 386.0000 14.3530 43.6640
6168.0000 252.0000 14.6830 -21.5840
6168.0000 27.0000 27.3310 25.7910
6180.0000 27.0000 27.3310 25.7910
6180.0000 252.0000 14.9030 -21.8040
6180.0000 386.0000 14.3530 43.0040
6192.0000 27.0000 27.2210 25.5710
6192.0000 252.0000 15.1230 -21.8040
6192.0000 386.0000 14.4630 42.2890
6204.0000 252.0000 15.3430 -22.0240
6204.0000 27.0000 27.2210 25.5710
6204.0000 386.0000 14.4630 41.6290
6216.0000 27.0000 27.2210 25.3240
6216.0000 233.0000 11.2180 47.7060
6216.0000 386.0000 14.4630 40.9140
6216.0000 4.0000 26.1210 26.7260
6216.0000 252.0000 15.5630 -22.0240
6228.0000 4.0000 26.1210 26.7260
6228.0000 57.0000 13.1430 60.7660
6228.0000 233.0000 11.2180 46.9910
6228.0000 252.0000 15.5630 -22.0240
6228.0000 386.0000 14.4630 40.0070
6240.0000 386.0000 14.4630 39.3190
6240.0000 4.0000 26.1210 26.7260
6240.0000 57.0000 13.3630 60.2990
6240.0000 233.0000 11.2180 46.3310
6240.0000 252.0000 15.5630 -21.8040
6252.0000 57.0000 13.4730 60.0790
6252.0000 386.0000 14.4630 38.4120
6252.0000 233.0000 11.2180 45.6160
6252.0000 4.0000 26.0110 26.4790
6264.0000 233.0000 11.2180 44.9560
6264.0000 4.0000 26.0110 26.4790
6264.0000 57.0000 13.5830 59.6390
6276.0000 4.0000 26.0110 26.4790
6276.0000 233.0000 11.2180 44.2410
6276.0000 57.0000 13.6930 59.3920
6288.0000 4.0000 26.0110 26.2590
6288.0000 233.0000 11.1080 43.5810
6288.0000 57.0000 13.6930 59.1440
6288.0000 271.0000 6.9840 59.5020
6300.0000 296.0000 16.0030 -12.6210
6300.0000 271.0000 7.0940 60.2160
6300.0000 233.0000 11.1080 42.8660
6300.0000 57.0000 13.6930 58.9240
6300.0000 4.0000 26.0110 26.2590
6312.0000 271.0000 7.0940 60.8760
6312.0000 57.0000 13.6930 58.7040
6312.0000 296.0000 16.0030 -12.6210
6324.0000 271.0000 7.0940 61.5910
6324.0000 296.0000 16.0030 -12.6210
6336.0000 271.0000 7.0940 62.2510
6336.0000 296.0000 16.0030 -12.6210
6348.0000 271.0000 7.2040 62.9660
6348.0000 296.0000 16.0030 -12.6210
6360.0000 271.0000 7.2040 63.6260
6360.0000 296.0000 16.0030 -12.6210
6372.0000 296.0000 16.0030 -12.6210
6372.0000 28.0000 26.5060 23.8390
6372.0000 271.0000 7.2040 64.3410
6384.0000 296.0000 16.0030 -12.6210
6384.0000 28.0000 26.2860 23.6190
6396.0000 253.0000 16.4430 -18.3400
6396.0000 28.0000 26.1210 23.3990
6408.0000 28.0000 25.9010 23.2890
6408.0000 387.0000 14.4630 28.1010
6408.0000 253.0000 16.5530 -18.1200
6420.0000 28.0000 25.7360 23.0420
6420.0000 253.0000 16.7730 -17.6800
6420.0000 387.0000 14.5730 26.9460
6432.0000 28.0000 25.5160 22.9040
6432.0000 253.0000 16.6630 -17.9000
6432.0000 387.0000 14.5730 26.4790
6444.0000 28.0000 25.1590 22.9040
6444.0000 253.0000 16.6630 -17.9000
6444.0000 387.0000 14.6830 26.2310
6456.0000 5.0000 24.4440 24.6370
6456.0000 387.0000 15.2330 25.5710
6456.0000 28.0000 24.9390 22.9040
6456.0000 253.0000 16.5530 -17.9000
6468.0000 253.0000 16.5530 -17.9000
6468.0000 387.0000 15.7830 25.1040
6468.0000 5.0000 23.8940 24.4170
6468.0000 58.0000 13.9130 56.6420
6480.0000 387.0000 16.5530 26.0110
6480.0000 58.0000 14.0230 56.6420
6480.0000 5.0000 23.3440 24.4170
6480.0000 253.0000 16.5530 -17.9000
6492.0000 387.0000 17.3230 25.3510
6492.0000 5.0000 22.8770 24.1970
6492.0000 58.0000 14.0230 56.1750
6504.0000 264.0000 7.2860 43.1140
6504.0000 58.0000 13.9680 55.7350
6504.0000 5.0000 22.4920 23.9490
6516.0000 5.0000 22.1620 23.9490
6516.0000 58.0000 13.9680 55.1300
6516.0000 264.0000 6.8470 44.7090
6528.0000 5.0000 21.8870 23.7290
6528.0000 58.0000 13.9680 54.6900
6528.0000 264.0000 6.7090 46.5510
6540.0000 5.0000 21.5020 23.7290
6540.0000 58.0000 13.9680 54.1120
6540.0000 297.0000 15.7830 -12.7310
6540.0000 264.0000 6.5990 48.5030
6552.0000 297.0000 15.6730 -12.7310
6552.0000 58.0000 13.9680 53.5350
6552.0000 264.0000 6.4890 50.4280
6564.0000 264.0000 6.3790 52.2980
6564.0000 297.0000 15.5630 -12.7310
6576.0000 264.0000 6.2690 54.2220
6576.0000 297.0000 15.5630 -12.7310
6588.0000 264.0000 6.1590 56.0650
6588.0000 297.0000 15.4530 -12.7310
6600.0000 297.0000 15.4530 -12.6210
6612.0000 297.0000 15.3430 -12.6210
6612.0000 29.0000 19.4120 21.5570
6624.0000 29.0000 19.0270 21.5570
6624.0000 297.0000 15.3430 -12.6210
6636.0000 29.0000 18.5870 21.3090
6636.0000 254.0000 16.6630 -19.0550
6648.0000 29.0000 18.1470 21.3090
6648.0000 388.0000 24.8290 29.1180
6648.0000 254.0000 16.6630 -19.0550
6660.0000 29.0000 17.7620 21.2000
6660.0000 388.0000 24.8290 29.5860
6660.0000 254.0000 16.7730 -19.2750
6672.0000 388.0000 24.8290 30.2460
6672.0000 29.0000 17.3230 21.2000
6672.0000 254.0000 16.7730 -19.4950
6684.0000 254.0000 16.7730 -19.7150
6684.0000 29.0000 16.9930 21.2000
6684.0000 388.0000 24.8290 30.7410
6696.0000 254.0000 16.7730 -19.9900
6696.0000 29.0000 16.6630 21.4470
6696.0000 388.0000 24.8290 31.1810
6696.0000 6.0000 17.3230 22.8220
6708.0000 254.0000 16.7730 -20.2100
6708.0000 59.0000 13.9680 47.0180
6708.0000 388.0000 24.8290 31.8680
6708.0000 6.0000 16.9930 22.8220
6720.0000 6.0000 16.6630 22.8220
6720.0000 388.0000 24.8290 32.3350
6720.0000 254.0000 16.6630 -20.4300
6720.0000 59.0000 13.9680 46.4410
6732.0000 6.0000 16.3330 22.8220
6732.0000 59.0000 13.9680 45.9740
6732.0000 388.0000 24.8290 32.7750
6744.0000 6.0000 16.1130 22.8220
6744.0000 59.0000 13.9680 45.5340
6756.0000 59.0000 13.9130 45.0660
6756.0000 6.0000 15.8930 23.0420
6768.0000 6.0000 15.7830 23.2620
6768.0000 59.0000 13.9130 45.0660
6780.0000 6.0000 15.5630 23.5090
6780.0000 59.0000 13.9130 45.0660
6780.0000 298.0000 13.9130 -16.1680
6792.0000 59.0000 13.9130 44.8190
6792.0000 298.0000 14.0230 -16.8830
6804.0000 298.0000 14.1330 -17.5430
6816.0000 298.0000 14.1330 -18.2570
6828.0000 298.0000 14.1330 -19.1650
6840.0000 298.0000 14.2430 -19.8520
6852.0000 298.0000 14.0230 -20.0720
6852.0000 30.0000 13.1430 24.4170
6864.0000 298.0000 13.9130 -20.0720
6864.0000 30.0000 12.9230 24.6370
6876.0000 30.0000 12.5930 24.8840
6888.0000 30.0000 12.3730 25.1040
6888.0000 389.0000 24.3890 39.4290
6900.0000 30.0000 12.1530 25.3240
6900.0000 389.0000 24.3890 40.0070
6912.0000 389.0000 24.2790 40.4740
6912.0000 30.0000 11.9330 25.5710
6924.0000 30.0000 11.8230 25.7910
6924.0000 389.0000 24.2790 40.9140
6936.0000 389.0000 24.1690 41.3820
6936.0000 7.0000 13.2530 26.7260
6936.0000 30.0000 11.7130 26.2590
6948.0000 389.0000 24.1690 41.8490
6948.0000 7.0000 13.0330 26.9460
6948.0000 60.0000 13.9130 41.6290
6960.0000 389.0000 24.1690 42.3170
6960.0000 7.0000 12.9230 27.3860
6960.0000 60.0000 13.9130 41.1620
6972.0000 389.0000 24.1690 42.7560
6972.0000 7.0000 12.7030 27.6340
6972.0000 60.0000 13.9130 40.4740
6984.0000 60.0000 13.9130 40.0070
6984.0000 7.0000 12.5930 28.1010
6996.0000 7.0000 12.3730 28.5410
6996.0000 51.0000 -32.7200 14.7930
6996.0000 60.0000 13.9130 39.3190
6996.0000 63.0000 13.8580 3.0520
7008.0000 7.0000 12.2630 28.7610
7008.0000 60.0000 13.9130 38.8800
7008.0000 63.0000 13.3080 1.5950
7008.0000 51.0000 -32.7200 14.7930
7020.0000 63.0000 13.3080 0.9070
7020.0000 51.0000 -32.6650 15.0130
7020.0000 60.0000 13.9130 38.3020
7020.0000 7.0000 12.2630 29.2280
7032.0000 51.0000 -32.6100 15.0130
7032.0000 60.0000 13.9130 37.6150
7032.0000 63.0000 13.3080 0.4400
7044.0000 51.0000 -32.5000 15.2330
7044.0000 63.0000 13.1980 -0.2470
7056.0000 51.0000 -32.4450 15.4800
7056.0000 63.0000 13.1980 -0.9350
7068.0000 51.0000 -32.3900 15.4800
7068.0000 63.0000 13.1980 -1.3750
7080.0000 63.0000 13.1980 -2.0900
7080.0000 51.0000 -32.3350 15.7000
7092.0000 31.0000 10.6140 30.1360
7104.0000 31.0000 10.5040 30.6030
7116.0000 31.0000 10.3940 30.8510
7128.0000 31.0000 10.3940 31.2910
7128.0000 390.0000 24.7190 49.8780
7140.0000 31.0000 10.3940 31.5110
7140.0000 390.0000 24.7740 50.5650
7152.0000 390.0000 24.8290 51.0330
7152.0000 31.0000 10.2840 31.9780
7164.0000 31.0000 10.2840 32.2250
7164.0000 390.0000 24.8840 51.4730
7176.0000 390.0000 24.9390 52.1600
7176.0000 8.0000 11.6030 33.3530
7176.0000 31.0000 10.1740 32.6650
7188.0000 390.0000 24.9940 52.6280
7188.0000 8.0000 11.6030 33.6000
7188.0000 61.0000 14.1880 29.9160
7200.0000 390.0000 25.1040 53.3150
7200.0000 8.0000 11.6030 33.8200
7200.0000 61.0000 14.1880 29.3380
7212.0000 390.0000 25.1040 53.7820
7212.0000 8.0000 11.4930 34.2880
7212.0000 61.0000 14.1880 28.6510
7224.0000 8.0000 11.4930 34.5080
7224.0000 61.0000 14.2430 28.1010
7236.0000 61.0000 14.2430 27.5240
7236.0000 8.0000 11.3830 34.9750
7236.0000 64.0000 13.9680 -11.6030
7236.0000 52.0000 -29.8060 17.0750
7248.0000 64.0000 14.0230 -12.2630
7248.0000 52.0000 -29.8060 17.0750
7248.0000 61.0000 14.2430 26.9460
7248.0000 8.0000 11.3830 35.1950
7260.0000 61.0000 14.2430 26.3410
7260.0000 8.0000 11.2730 35.4150
7260.0000 52.0000 -29.9160 17.0750
7260.0000 64.0000 14.0780 -12.9780
7272.0000 52.0000 -30.0260 17.0750
7272.0000 64.0000 14.1330 -13.6380
7272.0000 61.0000 14.3530 25.6810
7284.0000 52.0000 -30.0260 17.0750
7284.0000 64.0000 14.1880 -14.3530
7296.0000 52.0000 -30.1360 17.0750
7296.0000 64.0000 14.2430 -15.1500
7308.0000 52.0000 -30.2460 17.0750
7308.0000 64.0000 14.2980 -15.8380
7320.0000 64.0000 14.2980 -16.5250
7320.0000 52.0000 -30.2460 17.0750
7332.0000 32.0000 9.6240 37.2570
7344.0000 32.0000 9.6240 37.5050
7356.0000 32.0000 9.6240 37.7250
7368.0000 391.0000 25.8460 60.8760
7368.0000 32.0000 9.6240 37.9450
7380.0000 32.0000 9.6240 38.4120
7380.0000 391.0000 25.9560 61.5640
7392.0000 32.0000 9.6240 38.6320
7392.0000 391.0000 25.9560 62.0310
7404.0000 32.0000 9.6240 38.8800
7404.0000 391.0000 26.2860 62.4990
7416.0000 32.0000 9.6240 39.0990
7416.0000 9.0000 10.9430 39.5390
7416.0000 391.0000 26.9460 62.9390
7428.0000 391.0000 27.6060 63.1860
7428.0000 62.0000 22.7120 23.1520
7428.0000 9.0000 10.9430 39.7870
7440.0000 62.0000 23.3170 22.9320
7440.0000 391.0000 28.2660 63.6260
7440.0000 9.0000 10.9430 40.0070
7452.0000 9.0000 10.9430 40.2540
7452.0000 391.0000 28.9260 63.8730
7452.0000 62.0000 24.0040 22.7120
7464.0000 9.0000 10.9430 40.4740
7464.0000 62.0000 24.6640 22.4920
7476.0000 9.0000 10.9430 40.6940
7476.0000 53.0000 -28.1560 18.4500
7476.0000 62.0000 25.3510 22.2170
7488.0000 53.0000 -27.8260 18.9170
7488.0000 9.0000 10.9430 40.9140
7488.0000 62.0000 26.0110 21.9970
7500.0000 62.0000 26.6710 21.9970
7500.0000 9.0000 10.9430 41.3820
7500.0000 53.0000 -27.4960 19.1370
7512.0000 62.0000 27.3860 21.6670
7512.0000 53.0000 -27.3310 20.2920
7524.0000 53.0000 -27.0560 21.3090
7536.0000 53.0000 -26.7260 21.7770
7548.0000 53.0000 -26.2860 22.0240
7560.0000 53.0000 -25.9010 22.4640
7572.0000 33.0000 9.6790 42.8660
7584.0000 33.0000 9.6790 43.1140
7596.0000 33.0000 9.6790 43.3340
7608.0000 33.0000 9.7890 43.5810
7608.0000 392.0000 38.3850 66.8430
7620.0000 392.0000 38.8800 67.0630
7620.0000 33.0000 9.7890 44.0210
7632.0000 33.0000 9.8990 44.2410
7632.0000 392.0000 38.8800 67.0630
7644.0000 33.0000 9.8990 44.4890
7644.0000 392.0000 38.8800 67.0630
7656.0000 392.0000 38.8830 67.0700
7656.0000 10.0000 11.1630 44.2410
7656.0000 33.0000 10.0090 44.7090
7668.0000 392.0000 38.8880 67.0790
7668.0000 10.0000 11.2730 44.4890
7680.0000 392.0000 38.8920 67.0880
7680.0000 10.0000 11.3830 44.9560
7692.0000 392.0000 38.8960 67.0970
7692.0000 10.0000 11.4930 45.1760
7704.0000 10.0000 11.4930 45.3960
7716.0000 10.0000 11.4930 45.6160
7728.0000 10.0000 11.4930 45.8640
7740.0000 10.0000 11.4930 46.3310
7812.0000 34.0000 10.2290 48.6130
7824.0000 34.0000 10.2290 48.8330
7836.0000 34.0000 10.2290 49.0810
7848.0000 393.0000 38.9530 67.2100
7848.0000 34.0000 10.2290 49.3010
7860.0000 34.0000 10.2290 49.5210
7860.0000 393.0000 38.9580 67.2190
7872.0000 34.0000 10.2290 49.7680
7872.0000 366.0000 9.8440 -27.9910
7872.0000 393.0000 38.9620 67.2270
7872.0000 375.0000 11.4930 -28.5410
7884.0000 393.0000 38.9660 67.2360
7884.0000 34.0000 10.2290 49.9880
7884.0000 366.0000 9.8440 -27.5240
7884.0000 375.0000 11.4930 -28.1010
7896.0000 393.0000 38.9700 67.2450
7896.0000 34.0000 10.2290 50.2080
7896.0000 11.0000 11.6030 50.4550
7896.0000 366.0000 9.8440 -27.0840
7896.0000 375.0000 11.4930 -27.6610
7908.0000 393.0000 38.9750 67.2540
7908.0000 366.0000 9.8440 -26.6160
7908.0000 375.0000 11.4930 -27.1660
7908.0000 11.0000 11.6030 50.6750
7920.0000 375.0000 11.6030 -26.7260
7920.0000 11.0000 11.7130 51.1430
7920.0000 366.0000 9.9540 -26.1490
7920.0000 393.0000 38.9790 67.2630
7932.0000 366.0000 9.9540 -25.7090
7932.0000 375.0000 11.6030 -26.2860
7932.0000 393.0000 38.9830 67.2710
7932.0000 11.0000 11.7130 51.3630
7944.0000 366.0000 9.9540 -25.2410
7944.0000 375.0000 11.6030 -25.7910
7944.0000 11.0000 11.7130 51.8300
7956.0000 11.0000 11.8230 52.0500
7956.0000 366.0000 10.0640 -24.7740
7956.0000 375.0000 11.7130 -25.3510
7968.0000 11.0000 11.8230 52.5180
7980.0000 11.0000 11.8230 52.7380
8040.0000 192.0000 -35.4150 60.1890
8040.0000 422.0000 -34.0950 60.4360
8052.0000 422.0000 -34.0950 60.4360
8052.0000 35.0000 10.5590 54.2500
8052.0000 192.0000 -35.1950 60.5460
8064.0000 192.0000 -34.8650 61.2060
8064.0000 422.0000 -33.8750 60.6560
8064.0000 35.0000 10.6140 54.4700
8076.0000 192.0000 -34.4250 61.9210
8076.0000 422.0000 -33.6550 61.1240
8076.0000 35.0000 10.6680 54.9100
8088.0000 192.0000 -34.0950 62.5810
8088.0000 394.0000 39.0410 67.3850
8088.0000 422.0000 -33.3250 61.5640
8088.0000 35.0000 10.6680 55.1570
8100.0000 35.0000 10.7230 55.3770
8100.0000 394.0000 39.0440 67.3940
8100.0000 422.0000 -33.1050 62.2510
8100.0000 192.0000 -33.8750 63.2960
8112.0000 367.0000 10.6140 -17.6530
8112.0000 422.0000 -32.7750 62.7190
8112.0000 35.0000 10.7230 55.6250
8112.0000 376.0000 11.6030 -17.6530
8112.0000 192.0000 -33.6550 63.7360
8112.0000 394.0000 39.0490 67.4020
8124.0000 376.0000 11.6030 -17.2130
8124.0000 367.0000 10.6140 -17.2130
8124.0000 422.0000 -32.4450 63.1860
8124.0000 192.0000 -33.4350 64.2310
8124.0000 35.0000 10.7780 55.9550
8124.0000 394.0000 39.0530 67.4110
8136.0000 394.0000 39.0580 67.4200
8136.0000 376.0000 11.6030 -16.5250
8136.0000 367.0000 10.6140 -16.5250
8136.0000 12.0000 11.9330 56.3120
8136.0000 35.0000 10.8330 56.1750
8148.0000 367.0000 10.6140 -16.0580
8148.0000 12.0000 11.9330 56.5320
8148.0000 394.0000 39.0620 67.4290
8148.0000 376.0000 11.7130 -16.0580
8160.0000 367.0000 10.7230 -15.3980
8160.0000 12.0000 11.9330 56.9720
8160.0000 394.0000 39.0660 67.4370
8160.0000 376.0000 11.7130 -15.3980
8172.0000 12.0000 11.9330 57.1920
8172.0000 394.0000 39.0710 67.4460
8172.0000 376.0000 11.7130 -14.9030
8172.0000 367.0000 10.7230 -14.9030
8184.0000 12.0000 11.9330 57.4670
8184.0000 376.0000 11.8230 -14.4630
8184.0000 367.0000 10.7230 -14.4630
8196.0000 367.0000 10.7230 -13.7760
8196.0000 376.0000 11.8230 -13.7760
8196.0000 12.0000 11.8230 57.6870
8208.0000 12.0000 11.8230 57.9070
8220.0000 12.0000 11.8230 58.3470
8280.0000 193.0000 -31.3460 70.1700
8280.0000 423.0000 -30.4660 69.8400
8292.0000 193.0000 -31.2360 70.3900
8292.0000 36.0000 10.7780 60.5190
8292.0000 423.0000 -30.3560 70.0600
8304.0000 193.0000 -31.1260 70.8850
8304.0000 423.0000 -30.3560 70.2800
8304.0000 36.0000 10.7780 60.7940
8316.0000 423.0000 -30.2460 70.5280
8316.0000 193.0000 -31.1260 70.8850
8316.0000 36.0000 10.7780 61.2340
8328.0000 193.0000 -31.1260 70.8850
8328.0000 423.0000 -30.2460 70.5280
8328.0000 36.0000 10.7780 61.4540
8328.0000 395.0000 39.1280 67.5600
8340.0000 36.0000 10.6680 61.8940
8340.0000 423.0000 -30.1360 70.5280
8340.0000 193.0000 -31.1260 70.8850
8340.0000 395.0000 39.1320 67.5680
8352.0000 395.0000 39.1360 67.5770
8352.0000 368.0000 10.8330 -6.4340
8352.0000 423.0000 -30.1360 70.5280
8352.0000 193.0000 -31.1260 70.8850
8352.0000 36.0000 10.6680 62.1690
8352.0000 377.0000 11.7130 -6.4340
8364.0000 36.0000 10.6680 62.6090
8364.0000 423.0000 -30.1360 70.7480
8364.0000 377.0000 11.7130 -5.9940
8364.0000 193.0000 -31.0160 70.8850
8364.0000 395.0000 39.1410 67.5850
8364.0000 368.0000 10.8330 -5.7470
8376.0000 36.0000 10.6680 62.8290
8376.0000 395.0000 39.1450 67.5940
8376.0000 13.0000 11.6030 62.7190
8376.0000 377.0000 11.7130 -5.4990
8376.0000 368.0000 10.8330 -5.2790
8388.0000 377.0000 11.7130 -5.0590
8388.0000 13.0000 11.6030 62.9660
8388.0000 368.0000 10.8330 -5.0590
8388.0000 395.0000 39.1500 67.6030
8400.0000 368.0000 10.8330 -4.8390
8400.0000 395.0000 39.1540 67.6120
8400.0000 377.0000 11.7130 -4.6190
8400.0000 13.0000 11.6030 63.4060
8412.0000 395.0000 39.1580 67.6210
8412.0000 377.0000 11.7130 -4.1240
8412.0000 368.0000 10.8330 -4.1240
8412.0000 13.0000 11.6030 63.8460
8424.0000 368.0000 10.8330 -3.6840
8424.0000 377.0000 11.7130 -3.6840
8424.0000 13.0000 11.6030 64.1210
8436.0000 13.0000 11.6030 64.3410
8436.0000 377.0000 11.7130 -2.9700
8436.0000 368.0000 10.8330 -3.2450
8448.0000 13.0000 11.6030 64.3410
8460.0000 13.0000 11.6030 64.5610
8484.0000 412.0000 8.0560 -28.4310
8496.0000 412.0000 8.0010 -28.3210
8508.0000 403.0000 39.2090 -16.6350
8508.0000 412.0000 8.0010 -27.7710
8520.0000 403.0000 38.4400 -16.5250
8520.0000 424.0000 -29.9160 70.9670
8520.0000 194.0000 -30.7960 71.2150
8520.0000 412.0000 7.8360 -27.3040
8532.0000 37.0000 10.3940 66.6230
8532.0000 194.0000 -30.7960 71.2150
8532.0000 424.0000 -29.9160 70.9670
8532.0000 412.0000 7.5610 -26.6160
8532.0000 403.0000 38.0550 -16.1950
8544.0000 403.0000 37.1750 -15.9480
8544.0000 424.0000 -29.9160 70.9670
8544.0000 194.0000 -30.7960 71.2150
8544.0000 37.0000 10.3940 66.8430
8544.0000 412.0000 7.5610 -25.9290
8556.0000 403.0000 36.5150 -15.7280
8556.0000 37.0000 10.3390 67.2010
8556.0000 194.0000 -30.7960 71.2150
8556.0000 412.0000 7.5610 -24.9940
8556.0000 424.0000 -29.9160 70.9670
8568.0000 396.0000 34.8650 66.8430
8568.0000 37.0000 10.2840 67.4200
8568.0000 412.0000 7.3140 -24.9940
8568.0000 424.0000 -29.9160 70.9670
8568.0000 194.0000 -30.7960 71.2150
8568.0000 403.0000 36.0750 -15.4800
8580.0000 424.0000 -29.9160 70.9670
8580.0000 194.0000 -30.7960 71.2150
8580.0000 403.0000 35.1950 -15.7280
8580.0000 37.0000 10.2290 67.8880
8580.0000 396.0000 34.0950 67.0630
8592.0000 378.0000 12.0430 4.4820
8592.0000 194.0000 -30.7960 71.2150
8592.0000 424.0000 -29.8610 70.9670
8592.0000 369.0000 10.7230 4.2340
8592.0000 403.0000 34.6450 -15.7280
8592.0000 37.0000 10.2840 68.1080
8592.0000 396.0000 33.1050 66.4030
8604.0000 378.0000 12.0430 4.9220
8604.0000 305.0000 7.3410 -28.3210
8604.0000 194.0000 -30.7960 71.2150
8604.0000 369.0000 10.7230 4.7020
8604.0000 424.0000 -29.8610 70.9670
8604.0000 396.0000 32.4450 66.4030
8604.0000 37.0000 10.2840 68.3280
8616.0000 305.0000 7.3410 -27.6610
8616.0000 14.0000 11.3830 68.5750
8616.0000 378.0000 12.1530 5.1420
8616.0000 37.0000 10.2840 68.5750
8616.0000 369.0000 10.7230 5.6090
8616.0000 396.0000 31.6760 66.4030
8628.0000 299.0000 8.8260 -25.7090
8628.0000 378.0000 12.1530 5.3620
8628.0000 14.0000 11.5480 68.9050
8628.0000 369.0000 10.7230 5.8570
8628.0000 396.0000 31.0160 66.4030
8628.0000 305.0000 7.2040 -26.3690
8640.0000 369.0000 10.7230 6.0770
8640.0000 299.0000 8.8260 -24.2240
8640.0000 14.0000 11.7130 68.9050
8640.0000 396.0000 30.3560 66.4030
8640.0000 378.0000 12.0430 5.6090
8640.0000 305.0000 7.1490 -25.1310
8652.0000 299.0000 8.4960 -21.6940
8652.0000 305.0000 7.0940 -23.7570
8652.0000 14.0000 11.9330 69.4830
8652.0000 378.0000 11.9330 6.9840
8652.0000 396.0000 29.6960 66.1560
8652.0000 369.0000 10.7230 6.5170
8664.0000 305.0000 7.0390 -22.2440
8664.0000 299.0000 8.7160 -21.2270
8664.0000 378.0000 11.9330 7.2310
8664.0000 14.0000 11.9880 69.7030
8664.0000 369.0000 10.6140 7.4510
8676.0000 378.0000 11.9330 7.4510
8676.0000 369.0000 10.3940 8.1110
8676.0000 299.0000 8.3860 -19.8520
8676.0000 14.0000 12.0980 69.8400
8676.0000 305.0000 6.9290 -21.3370
8688.0000 14.0000 12.0430 70.8570
8688.0000 305.0000 6.9290 -19.9620
8688.0000 299.0000 8.4960 -18.6970
8688.0000 45.0000 -33.9300 -26.7540
8700.0000 14.0000 11.6580 70.1700
8700.0000 45.0000 -33.7650 -26.4790
8700.0000 299.0000 8.4960 -17.1030
8712.0000 45.0000 -33.4350 -26.0390
8712.0000 299.0000 8.6060 -15.9480
8724.0000 45.0000 -33.1050 -25.5990
8724.0000 413.0000 2.7500 -16.0580
8736.0000 45.0000 -32.7750 -24.8840
8736.0000 413.0000 2.0900 -16.0580
8748.0000 413.0000 1.4300 -16.0580
8748.0000 45.0000 -32.6650 -24.0040
8748.0000 404.0000 26.9460 -13.6660
8760.0000 425.0000 -29.7510 71.2150
8760.0000 195.0000 -30.7410 71.1050
8760.0000 404.0000 26.3960 -13.6660
8760.0000 413.0000 0.9350 -16.0580
8760.0000 45.0000 -32.0050 -23.3990
8772.0000 413.0000 0.4400 -15.8380
8772.0000 38.0000 10.2840 71.6550
8772.0000 404.0000 25.8460 -13.8860
8772.0000 425.0000 -29.6960 71.3250
8772.0000 195.0000 -30.7410 71.1050
8772.0000 45.0000 -31.8950 -23.4270
8784.0000 413.0000 -0.2200 -15.8380
8784.0000 425.0000 -29.6960 71.3250
8784.0000 195.0000 -30.7410 71.1050
8784.0000 38.0000 10.3390 72.0120
8784.0000 404.0000 25.2690 -13.8860
8796.0000 195.0000 -30.7410 71.1050
8796.0000 404.0000 24.6090 -13.8860
8796.0000 38.0000 10.4490 72.3420
8796.0000 425.0000 -29.6960 71.3250
8796.0000 413.0000 -0.8800 -15.6180
8808.0000 404.0000 23.7290 -13.8860
8808.0000 195.0000 -30.7410 71.1050
8808.0000 397.0000 26.0660 59.2820
8808.0000 38.0000 10.5590 72.5620
8808.0000 425.0000 -29.6960 71.3250
8808.0000 413.0000 -1.5400 -15.5080
8820.0000 404.0000 23.0420 -14.1060
8820.0000 38.0000 10.6680 72.8100
8820.0000 425.0000 -29.6960 71.3250
8820.0000 397.0000 26.0660 58.8140
8820.0000 195.0000 -30.7410 71.1050
8832.0000 425.0000 -29.6960 71.3250
8832.0000 379.0000 11.9330 15.7000
8832.0000 195.0000 -30.7410 71.1050
8832.0000 38.0000 10.6680 72.8100
8832.0000 370.0000 10.6140 15.2330
8832.0000 404.0000 22.7120 -14.5730
8832.0000 397.0000 25.9560 58.1270
8844.0000 379.0000 11.9330 16.2780
8844.0000 370.0000 10.6140 15.9480
8844.0000 306.0000 6.4340 -1.4020
8844.0000 195.0000 -30.6860 71.1050
8844.0000 38.0000 10.6680 72.8100
8844.0000 425.0000 -29.6960 71.3250
8844.0000 397.0000 25.7360 56.9990
8856.0000 397.0000 25.7360 56.2850
8856.0000 379.0000 11.9330 16.4980
8856.0000 306.0000 6.3240 -0.4670
8856.0000 15.0000 12.2080 73.6070
8856.0000 38.0000 10.6680 72.8100
8856.0000 370.0000 10.6140 16.3880
8868.0000 370.0000 10.6140 17.0750
8868.0000 300.0000 7.2040 0.6870
8868.0000 397.0000 25.7360 55.8450
8868.0000 379.0000 11.9330 16.9650
8868.0000 306.0000 6.2140 0.4400
8868.0000 15.0000 12.2080 73.6070
8880.0000 306.0000 6.2140 1.3750
8880.0000 300.0000 7.3140 1.7320
8880.0000 15.0000 12.2080 73.6070
8880.0000 397.0000 25.7360 55.1570
8880.0000 379.0000 11.9330 17.1850
8880.0000 370.0000 10.6140 17.7620
8892.0000 15.0000 12.2080 73.7170
8892.0000 379.0000 11.8230 17.7620
8892.0000 306.0000 6.2140 3.1900
8892.0000 300.0000 7.2590 3.0800
8892.0000 397.0000 25.5990 54.4700
8892.0000 370.0000 10.6140 18.6970
8904.0000 300.0000 7.2590 4.3440
8904.0000 15.0000 12.2080 73.7170
8904.0000 379.0000 11.8230 18.4500
8904.0000 306.0000 6.2140 5.0320
8904.0000 370.0000 10.5040 19.1370
8916.0000 15.0000 12.2080 73.9370
8916.0000 379.0000 11.8230 19.1370
8916.0000 306.0000 6.2140 6.7640
8916.0000 370.0000 10.3940 19.6050
8916.0000 300.0000 7.2590 5.9390
8928.0000 300.0000 7.2590 7.0940
8928.0000 306.0000 6.0490 6.0770
8928.0000 15.0000 12.2080 73.9370
8928.0000 46.0000 -33.4350 -15.2600
8940.0000 46.0000 -33.7650 -14.7930
8940.0000 300.0000 7.2590 8.0290
8940.0000 15.0000 12.2080 73.9370
8952.0000 46.0000 -34.0950 -14.1060
8952.0000 300.0000 7.5060 9.7340
8964.0000 46.0000 -34.3150 -13.6660
8976.0000 46.0000 -34.5350 -12.9780
8988.0000 46.0000 -35.1950 -12.2910
8988.0000 405.0000 15.5630 -14.5730
9000.0000 196.0000 -30.6310 71.1050
9000.0000 46.0000 -35.8550 -11.6030
9000.0000 41.0000 -13.5830 -16.5250
9000.0000 405.0000 15.0130 -14.3530
9012.0000 41.0000 -14.2430 -16.5250
9012.0000 39.0000 10.6140 72.8100
9012.0000 196.0000 -30.6310 70.9950
9012.0000 46.0000 -35.9100 -11.1360
9012.0000 405.0000 14.4630 -14.1060
9024.0000 405.0000 13.9680 -13.8860
9024.0000 41.0000 -14.9030 -16.3050
9024.0000 196.0000 -30.6310 70.9950
9024.0000 39.0000 10.6140 72.9200
9036.0000 196.0000 -30.6310 70.9950
9036.0000 39.0000 10.6140 73.1670
9036.0000 405.0000 13.4730 -13.5280
9036.0000 41.0000 -15.5630 -16.1950
9048.0000 398.0000 25.2690 47.1280
9048.0000 41.0000 -16.2230 -15.9750
9048.0000 39.0000 10.6140 73.1670
9048.0000 196.0000 -30.6310 70.9950
9048.0000 405.0000 12.9780 -13.3080
9060.0000 39.0000 10.6140 73.2770
9060.0000 398.0000 25.2690 46.5510
9060.0000 405.0000 12.4830 -12.9510
9060.0000 196.0000 -30.6310 70.9950
9060.0000 41.0000 -16.8830 -15.7000
9072.0000 196.0000 -30.6310 70.9950
9072.0000 371.0000 10.7780 25.5710
9072.0000 405.0000 11.9880 -12.7310
9072.0000 41.0000 -17.3230 -15.4800
9072.0000 39.0000 10.6140 73.4970
9072.0000 380.0000 12.3730 25.2410
9072.0000 398.0000 25.2140 45.8640
9084.0000 380.0000 12.4280 25.6810
9084.0000 307.0000 6.7090 22.1340
9084.0000 41.0000 -18.4220 -15.0400
9084.0000 39.0000 10.6140 73.4970
9084.0000 196.0000 -30.6310 70.9950
9084.0000 398.0000 25.2140 45.1760
9084.0000 371.0000 10.8330 25.9010
9096.0000 307.0000 6.7640 23.2890
9096.0000 380.0000 12.4830 26.1210
9096.0000 16.0000 12.1530 74.4320
9096.0000 371.0000 10.8880 26.2310
9096.0000 39.0000 10.6140 73.7170
9096.0000 398.0000 25.2690 44.5990
9108.0000 371.0000 10.9430 26.7260
9108.0000 301.0000 7.8360 26.2590
9108.0000 16.0000 12.1530 74.4320
9108.0000 380.0000 12.5930 26.6160
9108.0000 307.0000 6.8740 24.6640
9108.0000 398.0000 25.2690 44.1310
9120.0000 398.0000 25.2690 43.6910
9120.0000 380.0000 12.5930 27.2760
9120.0000 371.0000 11.0530 27.1660
9120.0000 16.0000 12.1530 74.4320
9120.0000 301.0000 7.8360 27.6340
9120.0000 307.0000 6.8740 26.2590
9132.0000 16.0000 12.1530 74.6520
9132.0000 371.0000 11.1630 27.6060
9132.0000 301.0000 7.7260 29.0080
9132.0000 398.0000 25.2690 43.2240
9132.0000 380.0000 12.7030 27.7440
9132.0000 307.0000 6.8740 27.8540
9144.0000 307.0000 6.8740 29.4480
9144.0000 371.0000 11.2730 28.1010
9144.0000 380.0000 12.7030 28.2110
9144.0000 16.0000 12.1530 74.6520
9144.0000 301.0000 7.7260 30.6030
9156.0000 371.0000 11.3830 28.5410
9156.0000 380.0000 12.8130 28.8710
9156.0000 16.0000 12.1530 74.6520
9156.0000 301.0000 7.7260 31.9780
9156.0000 307.0000 6.8740 31.0710
9168.0000 47.0000 -36.2950 -3.5740
9168.0000 301.0000 7.7260 33.5730
9168.0000 16.0000 12.1530 74.6520
9168.0000 307.0000 6.8740 32.9130
9180.0000 16.0000 12.1530 74.8720
9180.0000 301.0000 7.7260 35.1950
9180.0000 47.0000 -36.4050 -2.8870
9192.0000 301.0000 7.8360 36.5970
9192.0000 47.0000 -36.5150 -1.9520
9204.0000 47.0000 -36.5150 -0.8250
9216.0000 47.0000 -36.6250 0.1100
9228.0000 406.0000 7.5060 -5.6090
9228.0000 47.0000 -36.7350 1.0170
9240.0000 47.0000 -36.8450 2.1720
9240.0000 406.0000 7.5060 -4.7290
9240.0000 42.0000 -26.5060 -14.3250
9240.0000 197.0000 -30.6310 70.8850
9252.0000 47.0000 -36.8450 3.0800
9252.0000 197.0000 -30.5760 70.7480
9252.0000 406.0000 7.5060 -4.0140
9252.0000 42.0000 -27.3860 -14.1060
9264.0000 406.0000 7.5060 -3.3550
9264.0000 197.0000 -30.5760 70.7480
9264.0000 42.0000 -28.4860 -13.8860
9276.0000 406.0000 7.3960 -2.6400
9276.0000 197.0000 -30.5760 70.7480
9276.0000 42.0000 -29.8060 -13.6660
9288.0000 197.0000 -30.5760 70.7480
9288.0000 406.0000 7.1760 -2.2000
9288.0000 42.0000 -30.4660 -13.4460
9288.0000 399.0000 24.2790 35.6620
9300.0000 42.0000 -30.9060 -13.4460
9300.0000 406.0000 6.9570 -1.4850
9300.0000 399.0000 24.2790 34.9480
9300.0000 197.0000 -30.5760 70.7480
9312.0000 399.0000 24.2790 34.0680
9312.0000 381.0000 13.4730 36.5700
9312.0000 372.0000 12.0430 36.3500
9312.0000 42.0000 -31.3460 -13.4460
9312.0000 197.0000 -30.5760 70.7480
9312.0000 406.0000 6.7090 -0.8250
9324.0000 42.0000 -31.8950 -13.6660
9324.0000 399.0000 24.2790 33.1330
9324.0000 197.0000 -30.5760 70.7480
9324.0000 308.0000 6.4890 50.9230
9324.0000 381.0000 13.4730 37.0370
9324.0000 372.0000 12.0430 37.0100
9336.0000 381.0000 13.4730 37.7250
9336.0000 308.0000 6.3240 51.8030
9336.0000 399.0000 24.1690 32.4450
9336.0000 372.0000 12.0430 37.5050
9348.0000 372.0000 12.0430 38.1650
9348.0000 399.0000 23.9490 31.7580
9348.0000 308.0000 6.3790 53.5350
9348.0000 381.0000 13.4730 38.1650
9360.0000 399.0000 23.8390 31.0710
9360.0000 381.0000 13.4730 38.8800
9360.0000 372.0000 12.0430 38.8800
9360.0000 308.0000 6.4890 55.8450
9372.0000 399.0000 23.6190 30.1630
9372.0000 381.0000 13.3630 39.3190
9372.0000 308.0000 6.7090 56.4220
9372.0000 372.0000 11.9330 39.3190
9384.0000 372.0000 11.9330 39.7590
9384.0000 381.0000 13.3630 39.7870
9384.0000 308.0000 6.6540 58.9240
9396.0000 308.0000 6.6540 60.7660
9396.0000 372.0000 11.9330 40.4740
9396.0000 381.0000 13.3630 40.2540
9408.0000 308.0000 6.6540 62.6090
9408.0000 48.0000 -37.1750 13.6380
9420.0000 48.0000 -37.1750 14.3250
9432.0000 48.0000 -37.1750 14.7930
9444.0000 48.0000 -37.2850 15.4800
9456.0000 48.0000 -37.2850 15.9200
9468.0000 48.0000 -37.3950 16.3880
9468.0000 407.0000 6.1590 7.9190
9480.0000 198.0000 -30.5760 70.6380
9480.0000 48.0000 -37.3950 17.0750
9480.0000 407.0000 6.1590 8.5790
9492.0000 48.0000 -37.5050 17.5430
9492.0000 407.0000 6.1590 9.2940
9492.0000 198.0000 -30.5760 70.6380
9504.0000 407.0000 6.2140 10.0640
9504.0000 214.0000 -29.0910 71.1050
9504.0000 198.0000 -30.5210 70.5000
9516.0000 214.0000 -29.0910 71.1050
9516.0000 198.0000 -30.5210 70.5000
9516.0000 407.0000 6.2690 10.7780
9528.0000 198.0000 -30.5210 70.5000
9528.0000 407.0000 6.3240 11.4660
9528.0000 400.0000 16.6080 25.1040
9528.0000 214.0000 -29.0910 71.1050
9540.0000 407.0000 6.3790 12.1260
9540.0000 198.0000 -30.5210 70.5000
9540.0000 400.0000 15.8380 24.9940
9540.0000 214.0000 -29.0910 71.1050
9552.0000 400.0000 15.1780 24.7470
9552.0000 373.0000 11.9880 48.9430
9552.0000 214.0000 -29.0910 71.1050
9552.0000 382.0000 13.0880 49.4110
9552.0000 407.0000 6.3790 12.6210
9552.0000 198.0000 -30.5210 70.5000
9564.0000 373.0000 11.9880 49.9880
9564.0000 198.0000 -30.5210 70.5000
9564.0000 400.0000 14.5180 24.7470
9564.0000 214.0000 -29.0910 71.1050
9564.0000 382.0000 13.0880 50.0980
9576.0000 214.0000 -29.0910 71.1050
9576.0000 400.0000 13.8580 24.7470
9576.0000 382.0000 12.9780 50.5650
9576.0000 373.0000 12.0980 51.1430
9588.0000 382.0000 12.9780 51.0050
9588.0000 373.0000 11.9880 51.3630
9588.0000 214.0000 -29.0910 71.1050
9588.0000 400.0000 13.0880 24.7470
9600.0000 373.0000 11.8780 51.8300
9600.0000 382.0000 12.9780 51.5000
9600.0000 400.0000 12.5380 24.3070
9612.0000 382.0000 12.8680 51.9400
9612.0000 50.0000 -38.1650 15.2880
9612.0000 373.0000 11.8780 52.2980
9612.0000 400.0000 11.8780 24.0870
9624.0000 373.0000 11.7680 52.7380
9624.0000 382.0000 12.8680 52.6280
9624.0000 50.0000 -38.1650 13.6380
9636.0000 373.0000 11.7680 53.2050
9636.0000 382.0000 12.8680 53.0950
9636.0000 50.0000 -38.1650 12.4830
9648.0000 49.0000 -35.9100 27.8540
9648.0000 50.0000 -38.1650 11.3280
9660.0000 49.0000 -35.8000 28.5410
9660.0000 50.0000 -38.0550 10.6680
9672.0000 50.0000 -37.9450 10.2010
9672.0000 49.0000 -35.6900 29.4760
9684.0000 50.0000 -37.7250 9.7340
9684.0000 49.0000 -35.5800 30.1360
9696.0000 50.0000 -37.7250 8.8260
9696.0000 49.0000 -35.5800 31.0710
9708.0000 408.0000 3.6290 18.3400
9708.0000 49.0000 -35.4700 31.7580
9720.0000 49.0000 -35.3600 32.6650
9720.0000 408.0000 2.9700 18.7800
9720.0000 199.0000 -30.5210 70.5000
9732.0000 49.0000 -35.3600 33.6000
9732.0000 408.0000 2.3100 19.0270
9732.0000 199.0000 -30.5210 70.5000
9744.0000 199.0000 -30.5210 70.5000
9744.0000 215.0000 -29.0910 71.1050
9744.0000 408.0000 1.5400 19.0270
9756.0000 408.0000 0.7700 19.0270
9756.0000 199.0000 -30.5760 70.6100
9756.0000 215.0000 -29.0910 71.1050
9768.0000 408.0000 0.0000 19.2750
9768.0000 199.0000 -30.5760 70.6100
9768.0000 215.0000 -29.0910 71.1050
9768.0000 401.0000 2.2550 21.5570
9780.0000 215.0000 -29.0910 71.1050
9780.0000 401.0000 1.4850 21.5570
9780.0000 199.0000 -30.5760 70.6100
9780.0000 408.0000 -0.6600 19.2750
9792.0000 199.0000 -30.5760 70.6100
9792.0000 408.0000 -1.3200 19.2750
9792.0000 215.0000 -29.0910 71.1050
9792.0000 374.0000 11.7680 60.9860
9792.0000 401.0000 0.8250 21.5570
9792.0000 383.0000 12.7580 59.9690
9804.0000 215.0000 -29.0910 71.1050
9804.0000 199.0000 -30.5760 70.6100
9804.0000 374.0000 11.7680 61.4540
9804.0000 401.0000 0.1650 21.5570
9804.0000 383.0000 12.7580 60.4090
9816.0000 383.0000 12.8680 61.1240
9816.0000 215.0000 -29.0910 71.1050
9816.0000 401.0000 -0.4950 21.7770
9816.0000 374.0000 11.7680 61.9210
9828.0000 383.0000 12.8680 61.5640
9828.0000 374.0000 11.6580 62.6090
9828.0000 215.0000 -29.0910 71.1050
9828.0000 401.0000 -1.1550 21.7770
9840.0000 374.0000 11.5480 63.0760
9840.0000 401.0000 -1.7050 21.9970
9840.0000 383.0000 12.8680 62.2790
9852.0000 374.0000 11.4380 63.5160
9852.0000 401.0000 -2.6950 21.7770
9852.0000 383.0000 12.8680 62.7190
9864.0000 374.0000 11.4380 64.2030
9864.0000 383.0000 12.8680 63.4060
9876.0000 383.0000 12.8680 64.0930
9876.0000 374.0000 11.4380 64.6710
9948.0000 409.0000 -10.0640 19.4950
9960.0000 409.0000 -10.8330 19.4950
9960.0000 200.0000 -30.5760 70.6100
9972.0000 200.0000 -30.5760 70.6100
9972.0000 409.0000 -11.4930 19.4950
9984.0000 200.0000 -30.5760 70.6100
9984.0000 216.0000 -29.0910 71.1050
9984.0000 409.0000 -12.2630 19.4950
9996.0000 409.0000 -13.2530 19.9350
9996.0000 200.0000 -30.5760 70.6100
9996.0000 216.0000 -29.0910 71.1050
10008.0000 409.0000 -13.7480 20.0720
10008.0000 200.0000 -30.6860 70.6380
10008.0000 216.0000 -29.2010 71.1050
10008.0000 402.0000 -12.8680 21.6670
10020.0000 216.0000 -29.2010 71.1050
10020.0000 200.0000 -30.6860 70.6380
10020.0000 402.0000 -13.5280 21.6670
10020.0000 409.0000 -14.3530 20.0720
10032.0000 402.0000 -14.2430 21.6670
10032.0000 409.0000 -15.1230 20.0720
10032.0000 200.0000 -30.6860 70.6380
10032.0000 216.0000 -29.2010 71.1050
10044.0000 216.0000 -29.2010 71.1050
10044.0000 200.0000 -30.6860 70.6380
10044.0000 402.0000 -14.9030 21.6670
10056.0000 216.0000 -29.2010 71.1050
10056.0000 402.0000 -15.6180 21.6670
10068.0000 216.0000 -29.2010 71.1050
10068.0000 402.0000 -16.3330 21.4470
10080.0000 402.0000 -16.9930 21.4470
10092.0000 402.0000 -17.7620 21.4470
10200.0000 201.0000 -30.6860 70.6380
10212.0000 201.0000 -30.6860 70.6380
10224.0000 201.0000 -30.6860 70.6380
10224.0000 217.0000 -29.4760 71.1050
10236.0000 201.0000 -30.6860 70.6380
10236.0000 217.0000 -29.4760 71.1050
10248.0000 201.0000 -30.6860 70.6380
10248.0000 217.0000 -29.4760 71.1050
10260.0000 201.0000 -30.7410 70.6380
10260.0000 217.0000 -29.5310 71.1050
10272.0000 201.0000 -30.7410 70.6380
10272.0000 217.0000 -29.5310 71.1050
10284.0000 201.0000 -30.7410 70.6380
10284.0000 217.0000 -29.5310 71.1050
10296.0000 217.0000 -29.5860 71.1050
10308.0000 217.0000 -29.5860 71.1050
10440.0000 202.0000 -30.7410 70.6380
10452.0000 202.0000 -30.7410 70.6380
10464.0000 202.0000 -30.7410 70.6380
10464.0000 218.0000 -29.8060 71.1050
10476.0000 202.0000 -30.7410 70.6380
10476.0000 218.0000 -29.8060 71.1050
10488.0000 202.0000 -30.7410 70.6380
10488.0000 218.0000 -29.8060 71.1050
10500.0000 202.0000 -30.7410 70.6380
10500.0000 218.0000 -29.8060 71.1050
10512.0000 202.0000 -30.7410 70.6380
10512.0000 218.0000 -29.8060 71.1050
10524.0000 218.0000 -29.8060 71.1050
10524.0000 202.0000 -30.7410 70.6380
10536.0000 218.0000 -29.8060 71.1050
10548.0000 218.0000 -29.8060 71.1050
10680.0000 203.0000 -30.7410 70.7480
10692.0000 203.0000 -30.7410 70.7480
10704.0000 203.0000 -30.7410 70.8850
10704.0000 219.0000 -29.6410 71.3250
10716.0000 203.0000 -30.7410 70.8850
10716.0000 219.0000 -29.6410 71.3250
10728.0000 203.0000 -30.7410 70.8850
10728.0000 219.0000 -29.6410 71.3250
10740.0000 203.0000 -30.7410 70.8850
10740.0000 219.0000 -29.6410 71.3250
10752.0000 219.0000 -29.6410 71.3250
10752.0000 203.0000 -30.7410 70.8850
10764.0000 219.0000 -29.6410 71.3250
10764.0000 203.0000 -30.7410 70.8850
10776.0000 219.0000 -29.6410 71.3250
10788.0000 219.0000 -29.6410 71.3250
10920.0000 204.0000 -30.7410 71.1050
10932.0000 204.0000 -30.7410 71.1050
10944.0000 220.0000 -29.4760 71.5450
10944.0000 204.0000 -30.7410 71.1050
10956.0000 204.0000 -30.7410 71.1050
10956.0000 220.0000 -29.4760 71.5450
10968.0000 204.0000 -30.7410 71.1050
10968.0000 220.0000 -29.4760 71.5450
10980.0000 204.0000 -30.7410 71.1050
10980.0000 220.0000 -29.4760 71.5450
10992.0000 204.0000 -30.7410 71.1050
10992.0000 220.0000 -29.4760 71.5450
11004.0000 220.0000 -29.3660 71.5450
11004.0000 204.0000 -30.7410 71.1050
11016.0000 220.0000 -29.3660 71.5450
11028.0000 220.0000 -29.3660 71.5450
11160.0000 205.0000 -30.6860 71.1050
11172.0000 205.0000 -30.6860 71.1050
11184.0000 205.0000 -30.6860 71.1050
11184.0000 221.0000 -29.3110 71.5450
11196.0000 205.0000 -30.6860 71.1050
11196.0000 221.0000 -29.3110 71.5450
11208.0000 205.0000 -30.6860 71.1050
11208.0000 221.0000 -29.3110 71.5450
11220.0000 205.0000 -30.6860 71.1050
11220.0000 221.0000 -29.3110 71.5450
11232.0000 205.0000 -30.6860 71.1050
11232.0000 221.0000 -29.3110 71.5450
11244.0000 221.0000 -29.3110 71.5450
11244.0000 205.0000 -30.6860 71.1050
11256.0000 221.0000 -29.2560 71.3250
11268.0000 221.0000 -29.2560 71.3250
11400.0000 206.0000 -30.5760 70.9950
11412.0000 206.0000 -30.5760 70.9950
11424.0000 206.0000 -30.5760 70.9950
11424.0000 222.0000 -29.2010 71.3250
11436.0000 222.0000 -29.2010 71.3250
11436.0000 206.0000 -30.5760 70.9950
11448.0000 206.0000 -30.5760 70.9950
11448.0000 222.0000 -29.2010 71.3250
11460.0000 206.0000 -30.5760 70.9950
11460.0000 222.0000 -29.2010 71.3250
11472.0000 206.0000 -30.5760 70.9950
11472.0000 222.0000 -29.2010 71.3250
11484.0000 222.0000 -29.2010 71.3250
11484.0000 206.0000 -30.5760 70.9950
11496.0000 222.0000 -29.2010 71.3250
11496.0000 410.0000 -20.8420 26.6990
11508.0000 222.0000 -29.1460 71.2150
11508.0000 410.0000 -20.8420 26.6990
11508.0000 426.0000 19.2470 15.9480
11520.0000 426.0000 19.2470 15.9480
11520.0000 410.0000 -20.8420 26.6990
11532.0000 426.0000 19.2470 15.9480
11532.0000 410.0000 -20.8420 26.6990
11544.0000 410.0000 -20.8420 26.6990
11544.0000 426.0000 19.2470 15.9480
11556.0000 410.0000 -20.8420 26.6990
11556.0000 426.0000 19.2470 15.9480
11568.0000 426.0000 19.2470 15.9480
11568.0000 410.0000 -20.8420 26.6990
11580.0000 410.0000 -20.8420 26.6990
11580.0000 426.0000 19.2470 15.9480
11592.0000 426.0000 19.2470 15.9480
11640.0000 207.0000 -30.5760 70.8850
11652.0000 207.0000 -30.5760 70.8850
11664.0000 223.0000 -29.1460 71.2150
11664.0000 207.0000 -30.5760 70.8850
11676.0000 223.0000 -29.1460 71.2150
11676.0000 207.0000 -30.6310 70.8850
11688.0000 207.0000 -30.6310 70.8850
11688.0000 223.0000 -29.1460 71.2150
11700.0000 207.0000 -30.6310 70.8850
11700.0000 223.0000 -29.1460 71.2150
11712.0000 207.0000 -30.6310 70.8850
11712.0000 223.0000 -29.1460 71.2150
11724.0000 207.0000 -30.6310 70.8850
11724.0000 223.0000 -29.1460 71.2150
11736.0000 223.0000 -29.1460 71.2150
11736.0000 411.0000 -20.8420 26.6990
11748.0000 427.0000 19.2470 15.9480
11748.0000 411.0000 -20.8420 26.6990
11748.0000 223.0000 -29.1460 71.2150
11760.0000 411.0000 -20.8420 26.6990
11760.0000 427.0000 19.2470 15.9480
11772.0000 411.0000 -20.8420 26.6990
11772.0000 427.0000 19.2470 15.9480
11784.0000 411.0000 -20.8420 26.6990
11784.0000 427.0000 19.2470 15.9480
11796.0000 411.0000 -20.8420 26.6990
11796.0000 427.0000 19.2470 15.9480
11808.0000 411.0000 -20.8420 26.6990
11808.0000 427.0000 19.2470 15.9480
11820.0000 411.0000 -20.8420 26.6990
11820.0000 427.0000 19.2470 15.9480
11832.0000 427.0000 19.2470 15.9480
11880.0000 208.0000 -30.7410 70.9950
11892.0000 208.0000 -30.7410 70.9950
11904.0000 208.0000 -30.7410 70.9950
11904.0000 224.0000 -29.1460 71.1050
11916.0000 208.0000 -30.7410 70.9950
11916.0000 224.0000 -29.1460 71.1050
11928.0000 208.0000 -30.7960 70.9950
11928.0000 224.0000 -29.1460 71.1050
11940.0000 208.0000 -30.7960 70.9950
11940.0000 224.0000 -29.1460 71.1050
11952.0000 208.0000 -30.7960 70.9950
11952.0000 224.0000 -29.1460 71.1050
11964.0000 208.0000 -30.7960 70.9950
