0 0 0 696.0 535.0 0.0 Pedestrian
1 12 0 700.0 518.5 0.0 Pedestrian
2 24 0 706.5 502.5 0.0 Pedestrian
3 36 0 712.5 486.5 0.0 Pedestrian
4 48 0 718.5 470.5 0.0 Pedestrian
5 60 0 724.5 454.5 0.0 Pedestrian
6 72 0 736.5 442.5 0.0 Pedestrian
7 84 0 749.0 434.0 0.0 Pedestrian
8 96 0 761.0 430.0 0.0 Pedestrian
9 108 0 773.0 425.5 0.0 Pedestrian
10 120 0 785.0 417.5 0.0 Pedestrian
11 132 0 799.0 413.5 0.0 Pedestrian
12 144 0 813.0 409.5 0.0 Pedestrian
13 156 0 827.0 407.5 0.0 Pedestrian
14 168 0 841.0 403.5 0.0 Pedestrian
15 180 0 855.5 401.5 0.0 Pedestrian
16 192 0 869.5 399.5 0.0 Pedestrian
17 204 0 881.5 395.5 0.0 Pedestrian
18 216 0 894.0 395.5 0.0 Pedestrian
19 228 0 908.0 395.5 0.0 Pedestrian
20 0 8 615.0 925.0 7.0 Pedestrian
21 12 8 615.0 925.0 7.0 Pedestrian
22 24 8 615.0 925.0 7.0 Pedestrian
23 36 8 615.0 925.0 7.0 Pedestrian
24 48 8 615.0 925.0 7.0 Pedestrian
25 60 8 615.0 925.0 7.0 Pedestrian
26 72 8 615.0 925.0 7.0 Pedestrian
27 84 8 615.0 925.0 7.0 Pedestrian
28 96 8 615.0 925.0 7.0 Pedestrian
29 108 8 615.0 925.0 7.0 Pedestrian
30 120 8 615.0 925.0 7.0 Pedestrian
31 132 8 615.0 925.0 7.0 Pedestrian
32 144 8 615.0 925.0 7.0 Pedestrian
33 156 8 615.0 925.0 7.0 Pedestrian
34 168 8 615.0 925.0 7.0 Pedestrian
35 180 8 615.0 925.0 7.0 Pedestrian
36 192 8 615.0 925.0 7.0 Pedestrian
37 204 8 615.0 925.0 7.0 Pedestrian
38 216 8 615.0 925.0 7.0 Pedestrian
39 228 8 615.0 925.0 7.0 Pedestrian
40 0 10 639.0 925.0 8.0 Pedestrian
41 12 10 639.0 925.0 8.0 Pedestrian
42 24 10 639.0 925.0 8.0 Pedestrian
43 36 10 639.0 925.0 8.0 Pedestrian
44 48 10 639.0 925.0 8.0 Pedestrian
45 60 10 639.0 925.0 8.0 Pedestrian
46 72 10 639.0 925.0 8.0 Pedestrian
47 84 10 639.0 925.0 8.0 Pedestrian
48 96 10 639.0 925.0 8.0 Pedestrian
49 108 10 639.0 925.0 8.0 Pedestrian
50 120 10 639.0 925.0 8.0 Pedestrian
51 132 10 639.0 925.0 8.0 Pedestrian
52 144 10 639.0 925.0 8.0 Pedestrian
53 156 10 639.0 925.0 8.0 Pedestrian
54 168 10 639.0 925.0 8.0 Pedestrian
55 180 10 639.0 925.0 8.0 Pedestrian
56 192 10 639.0 925.0 8.0 Pedestrian
57 204 10 639.0 925.0 8.0 Pedestrian
58 216 10 639.0 925.0 8.0 Pedestrian
59 228 10 639.0 925.0 8.0 Pedestrian
60 0 12 666.0 933.0 9.0 Pedestrian
61 12 12 666.0 933.0 9.0 Pedestrian
62 24 12 666.0 933.0 9.0 Pedestrian
63 36 12 666.0 933.0 9.0 Pedestrian
64 48 12 666.0 933.0 9.0 Pedestrian
65 60 12 666.0 933.0 9.0 Pedestrian
66 72 12 666.0 933.0 9.0 Pedestrian
67 84 12 666.0 933.0 9.0 Pedestrian
68 96 12 666.0 933.0 9.0 Pedestrian
69 108 12 666.0 933.0 9.0 Pedestrian
70 120 12 666.0 933.0 9.0 Pedestrian
71 132 12 666.0 933.0 9.0 Pedestrian
72 144 12 666.0 933.0 9.0 Pedestrian
73 156 12 666.0 933.0 9.0 Pedestrian
74 168 12 666.0 933.0 9.0 Pedestrian
75 180 12 666.0 933.0 9.0 Pedestrian
76 192 12 666.0 933.0 9.0 Pedestrian
77 204 12 666.0 933.0 9.0 Pedestrian
78 216 12 666.0 933.0 9.0 Pedestrian
79 228 12 666.0 933.0 9.0 Pedestrian
80 0 14 663.0 959.5 10.0 Pedestrian
81 12 14 663.0 959.5 10.0 Pedestrian
82 24 14 663.0 959.5 10.0 Pedestrian
83 36 14 663.0 959.5 10.0 Pedestrian
84 48 14 663.0 959.5 10.0 Pedestrian
85 60 14 663.0 959.5 10.0 Pedestrian
86 72 14 663.0 959.5 10.0 Pedestrian
87 84 14 663.0 959.5 10.0 Pedestrian
88 96 14 663.0 959.5 10.0 Pedestrian
89 108 14 663.0 959.5 10.0 Pedestrian
90 120 14 663.0 959.5 10.0 Pedestrian
91 132 14 663.0 959.5 10.0 Pedestrian
92 144 14 663.0 959.5 10.0 Pedestrian
93 156 14 663.0 959.5 10.0 Pedestrian
94 168 14 663.0 959.5 10.0 Pedestrian
95 180 14 663.0 959.5 10.0 Pedestrian
96 192 14 663.0 959.5 10.0 Pedestrian
97 204 14 663.0 959.5 10.0 Pedestrian
98 216 14 663.0 959.5 10.0 Pedestrian
99 228 14 663.0 959.5 10.0 Pedestrian
100 0 16 1381.0 391.5 11.0 Pedestrian
101 12 16 1385.0 383.5 11.0 Pedestrian
102 24 16 1390.0 379.5 11.0 Pedestrian
103 36 16 1395.0 375.5 11.0 Pedestrian
104 48 16 1400.0 367.5 11.0 Pedestrian
105 60 16 1405.0 363.5 11.0 Pedestrian
106 72 16 1410.0 359.5 11.0 Pedestrian
107 84 16 1414.0 355.5 11.0 Pedestrian
108 96 16 1420.0 347.5 11.0 Pedestrian
109 108 16 1425.0 343.5 11.0 Pedestrian
110 120 16 1427.0 343.5 11.0 Pedestrian
111 132 16 1427.0 343.5 11.0 Pedestrian
112 144 16 1427.0 343.5 11.0 Pedestrian
113 156 16 1427.0 347.5 11.0 Pedestrian
114 168 16 1427.0 347.5 11.0 Pedestrian
115 180 16 1427.0 351.5 11.0 Pedestrian
116 192 16 1427.0 351.5 11.0 Pedestrian
117 204 16 1427.0 351.5 11.0 Pedestrian
118 216 16 1427.0 355.5 11.0 Pedestrian
119 228 16 1427.0 355.5 11.0 Pedestrian
120 0 17 721.5 692.5 13.0 Pedestrian
121 12 17 717.5 668.5 13.0 Pedestrian
122 24 17 715.5 648.5 13.0 Pedestrian
123 36 17 711.5 626.0 13.0 Pedestrian
124 48 17 709.5 603.5 13.0 Pedestrian
125 60 17 707.5 581.5 13.0 Pedestrian
126 72 17 705.5 561.5 13.0 Pedestrian
127 84 17 705.5 537.5 13.0 Pedestrian
128 96 17 707.5 512.5 13.0 Pedestrian
129 108 17 709.5 492.5 13.0 Pedestrian
130 120 17 709.5 468.5 13.0 Pedestrian
131 132 17 711.5 444.5 13.0 Pedestrian
132 144 17 713.5 423.5 13.0 Pedestrian
133 156 17 717.5 403.5 13.0 Pedestrian
134 168 17 721.5 383.5 13.0 Pedestrian
135 180 17 725.5 367.5 13.0 Pedestrian
136 192 17 729.5 347.5 13.0 Pedestrian
137 204 17 729.5 326.5 13.0 Pedestrian
138 216 17 729.5 302.5 13.0 Pedestrian
139 228 17 729.5 282.5 13.0 Pedestrian
140 0 19 946.0 868.5 14.0 Pedestrian
141 12 19 946.0 868.5 14.0 Pedestrian
142 24 19 946.0 868.5 14.0 Pedestrian
143 36 19 946.0 868.5 14.0 Pedestrian
144 48 19 946.0 868.5 14.0 Pedestrian
145 60 19 946.0 868.5 14.0 Pedestrian
146 72 19 946.0 868.5 14.0 Pedestrian
147 84 19 946.0 868.5 14.0 Pedestrian
148 96 19 946.0 868.5 14.0 Pedestrian
149 108 19 946.0 868.5 14.0 Pedestrian
150 120 19 946.0 868.5 14.0 Pedestrian
151 132 19 946.0 868.5 14.0 Pedestrian
152 144 19 946.0 868.5 14.0 Pedestrian
153 156 19 946.0 868.5 14.0 Pedestrian
154 168 19 946.0 868.5 14.0 Pedestrian
155 180 19 946.0 868.5 14.0 Pedestrian
156 192 19 946.0 868.5 14.0 Pedestrian
157 204 19 946.0 868.5 14.0 Pedestrian
158 216 19 946.0 868.5 14.0 Pedestrian
159 228 19 946.0 868.5 14.0 Pedestrian
160 0 21 671.0 805.5 17.0 Pedestrian
161 12 21 669.0 818.0 17.0 Pedestrian
162 24 21 667.0 830.5 17.0 Pedestrian
163 36 21 665.0 844.5 17.0 Pedestrian
164 48 21 665.0 858.5 17.0 Pedestrian
165 60 21 663.0 872.5 17.0 Pedestrian
166 72 21 663.0 884.5 17.0 Pedestrian
167 84 21 669.0 888.5 17.0 Pedestrian
168 96 21 677.0 896.5 17.0 Pedestrian
169 108 21 683.0 904.5 17.0 Pedestrian
170 120 21 685.0 921.0 17.0 Pedestrian
171 132 21 689.0 937.5 17.0 Pedestrian
172 144 21 689.0 953.5 17.0 Pedestrian
173 156 21 687.0 961.5 17.0 Pedestrian
174 168 21 681.0 977.5 17.0 Pedestrian
175 180 21 675.0 989.5 17.0 Pedestrian
176 192 21 671.0 1005.5 17.0 Pedestrian
177 204 21 665.0 1022.5 17.0 Pedestrian
178 216 21 659.0 1038.5 17.0 Pedestrian
179 228 21 657.0 1050.5 17.0 Pedestrian
180 0 24 1215.0 824.0 19.0 Pedestrian
181 12 24 1201.0 820.0 19.0 Pedestrian
182 24 24 1187.0 820.0 19.0 Pedestrian
183 36 24 1174.5 820.0 19.0 Pedestrian
184 48 24 1160.5 820.0 19.0 Pedestrian
185 60 24 1146.5 820.0 19.0 Pedestrian
186 72 24 1134.0 820.0 19.0 Pedestrian
187 84 24 1120.0 820.0 19.0 Pedestrian
188 96 24 1106.0 816.0 19.0 Pedestrian
189 108 24 1094.0 816.0 19.0 Pedestrian
190 120 24 1080.0 816.0 19.0 Pedestrian
191 132 24 1066.0 816.0 19.0 Pedestrian
192 144 24 1054.0 816.0 19.0 Pedestrian
193 156 24 1040.0 816.0 19.0 Pedestrian
194 168 24 1027.5 816.0 19.0 Pedestrian
195 180 24 1013.5 816.0 19.0 Pedestrian
196 192 24 999.5 812.0 19.0 Pedestrian
197 204 24 987.0 812.0 19.0 Pedestrian
198 216 24 973.0 812.0 19.0 Pedestrian
199 228 24 959.0 812.0 19.0 Pedestrian
200 0 26 1212.0 787.5 20.0 Pedestrian
201 12 26 1198.0 787.5 20.0 Pedestrian
202 24 26 1184.0 787.5 20.0 Pedestrian
203 36 26 1169.5 787.5 20.0 Pedestrian
204 48 26 1157.5 787.5 20.0 Pedestrian
205 60 26 1143.5 787.5 20.0 Pedestrian
206 72 26 1129.0 787.5 20.0 Pedestrian
207 84 26 1117.0 787.5 20.0 Pedestrian
208 96 26 1103.0 787.5 20.0 Pedestrian
209 108 26 1089.0 787.5 20.0 Pedestrian
210 120 26 1077.0 787.5 20.0 Pedestrian
211 132 26 1063.0 787.5 20.0 Pedestrian
212 144 26 1049.0 787.5 20.0 Pedestrian
213 156 26 1037.0 787.5 20.0 Pedestrian
214 168 26 1022.5 787.5 20.0 Pedestrian
215 180 26 1008.5 787.5 20.0 Pedestrian
216 192 26 996.5 787.5 20.0 Pedestrian
217 204 26 982.0 787.5 20.0 Pedestrian
218 216 26 968.0 787.5 20.0 Pedestrian
219 228 26 956.0 787.5 20.0 Pedestrian
220 0 28 137.5 834.0 23.0 Pedestrian
221 12 28 151.5 834.0 23.0 Pedestrian
222 24 28 168.0 834.0 23.0 Pedestrian
223 36 28 184.0 836.5 23.0 Pedestrian
224 48 28 200.0 838.5 23.0 Pedestrian
225 60 28 216.0 840.5 23.0 Pedestrian
226 72 28 232.0 840.5 23.0 Pedestrian
227 84 28 248.0 840.5 23.0 Pedestrian
228 96 28 264.0 844.5 23.0 Pedestrian
229 108 28 280.5 844.5 23.0 Pedestrian
230 120 28 296.5 844.5 23.0 Pedestrian
231 132 28 313.0 844.5 23.0 Pedestrian
232 144 28 329.0 844.5 23.0 Pedestrian
233 156 28 347.0 844.5 23.0 Pedestrian
234 168 28 363.0 844.5 23.0 Pedestrian
235 180 28 381.0 844.5 23.0 Pedestrian
236 192 28 397.0 848.5 23.0 Pedestrian
237 204 28 413.0 848.5 23.0 Pedestrian
238 216 28 431.5 848.5 23.0 Pedestrian
239 228 28 445.5 852.5 23.0 Pedestrian
240 0 30 135.5 808.0 24.0 Pedestrian
241 12 30 149.5 808.0 24.0 Pedestrian
242 24 30 166.0 808.0 24.0 Pedestrian
243 36 30 182.0 808.0 24.0 Pedestrian
244 48 30 198.0 812.0 24.0 Pedestrian
245 60 30 214.0 812.0 24.0 Pedestrian
246 72 30 228.0 812.0 24.0 Pedestrian
247 84 30 244.0 816.0 24.0 Pedestrian
248 96 30 260.0 816.0 24.0 Pedestrian
249 108 30 276.5 816.0 24.0 Pedestrian
250 120 30 291.5 820.0 24.0 Pedestrian
251 132 30 308.0 820.0 24.0 Pedestrian
252 144 30 323.0 820.0 24.0 Pedestrian
253 156 30 339.0 824.0 24.0 Pedestrian
254 168 30 354.0 824.0 24.0 Pedestrian
255 180 30 370.0 824.0 24.0 Pedestrian
256 192 30 386.0 828.0 24.0 Pedestrian
257 204 30 400.0 828.0 24.0 Pedestrian
258 216 30 412.0 828.0 24.0 Pedestrian
259 228 30 426.5 828.0 24.0 Pedestrian
260 0 32 984.0 852.5 27.0 Pedestrian
261 12 32 984.0 852.5 27.0 Pedestrian
262 24 32 984.0 852.5 27.0 Pedestrian
263 36 32 984.0 852.5 27.0 Pedestrian
264 48 32 984.0 852.5 27.0 Pedestrian
265 60 32 984.0 852.5 27.0 Pedestrian
266 72 32 984.0 852.5 27.0 Pedestrian
267 84 32 984.0 852.5 27.0 Pedestrian
268 96 32 984.0 852.5 27.0 Pedestrian
269 108 32 984.0 852.5 27.0 Pedestrian
270 120 32 984.0 852.5 27.0 Pedestrian
271 132 32 984.0 852.5 27.0 Pedestrian
272 144 32 984.0 852.5 27.0 Pedestrian
273 156 32 984.0 852.5 27.0 Pedestrian
274 168 32 984.0 852.5 27.0 Pedestrian
275 180 32 984.0 852.5 27.0 Pedestrian
276 192 32 984.0 852.5 27.0 Pedestrian
277 204 32 984.0 852.5 27.0 Pedestrian
278 216 32 984.0 852.5 27.0 Pedestrian
279 228 32 984.0 852.5 27.0 Pedestrian
280 0 34 1202.0 452.5 28.0 Pedestrian
281 12 34 1192.0 448.5 28.0 Pedestrian
282 24 34 1184.0 448.5 28.0 Pedestrian
283 36 34 1175.5 444.5 28.0 Pedestrian
284 48 34 1165.5 444.5 28.0 Pedestrian
285 60 34 1157.5 444.5 28.0 Pedestrian
286 72 34 1149.5 440.0 28.0 Pedestrian
287 84 34 1141.5 440.0 28.0 Pedestrian
288 96 34 1131.0 440.0 28.0 Pedestrian
289 108 34 1123.0 436.0 28.0 Pedestrian
290 120 34 1115.0 436.0 28.0 Pedestrian
291 132 34 1107.0 436.0 28.0 Pedestrian
292 144 34 1097.0 432.0 28.0 Pedestrian
293 156 34 1089.0 432.0 28.0 Pedestrian
294 168 34 1081.0 432.0 28.0 Pedestrian
295 180 34 1073.0 428.0 28.0 Pedestrian
296 192 34 1063.0 428.0 28.0 Pedestrian
297 204 34 1053.0 428.0 28.0 Pedestrian
298 216 34 1043.0 428.0 28.0 Pedestrian
299 228 34 1035.0 425.5 28.0 Pedestrian
300 0 36 761.0 510.5 29.0 Pedestrian
301 12 36 761.0 510.5 29.0 Pedestrian
302 24 36 761.0 510.5 29.0 Pedestrian
303 36 36 761.0 510.5 29.0 Pedestrian
304 48 36 761.0 510.5 29.0 Pedestrian
305 60 36 761.0 510.5 29.0 Pedestrian
306 72 36 761.0 510.5 29.0 Pedestrian
307 84 36 761.0 510.5 29.0 Pedestrian
308 96 36 763.0 510.5 29.0 Pedestrian
309 108 36 763.0 510.5 29.0 Pedestrian
310 120 36 763.0 510.5 29.0 Pedestrian
311 132 36 763.0 510.5 29.0 Pedestrian
312 144 36 763.0 510.5 29.0 Pedestrian
313 156 36 763.0 510.5 29.0 Pedestrian
314 168 36 763.0 510.5 29.0 Pedestrian
315 180 36 763.0 510.5 29.0 Pedestrian
316 192 36 765.0 510.5 29.0 Pedestrian
317 204 36 765.0 510.5 29.0 Pedestrian
318 216 36 765.0 510.5 29.0 Pedestrian
319 228 36 765.0 510.5 29.0 Pedestrian
320 0 38 746.0 896.5 31.0 Pedestrian
321 12 38 744.0 880.5 31.0 Pedestrian
322 24 38 744.0 864.5 31.0 Pedestrian
323 36 38 742.0 848.5 31.0 Pedestrian
324 48 38 742.0 832.0 31.0 Pedestrian
325 60 38 740.5 816.0 31.0 Pedestrian
326 72 38 739.5 799.5 31.0 Pedestrian
327 84 38 738.5 783.5 31.0 Pedestrian
328 96 38 738.5 767.5 31.0 Pedestrian
329 108 38 737.5 755.5 31.0 Pedestrian
330 120 38 736.5 739.0 31.0 Pedestrian
331 132 38 736.5 723.0 31.0 Pedestrian
332 144 38 732.5 707.0 31.0 Pedestrian
333 156 38 727.5 686.5 31.0 Pedestrian
334 168 38 722.5 670.5 31.0 Pedestrian
335 180 38 717.5 654.5 31.0 Pedestrian
336 192 38 715.5 638.0 31.0 Pedestrian
337 204 38 714.5 618.0 31.0 Pedestrian
338 216 38 714.5 601.5 31.0 Pedestrian
339 228 38 712.5 585.5 31.0 Pedestrian
340 0 40 727.5 901.0 32.0 Pedestrian
341 12 40 725.5 884.5 32.0 Pedestrian
342 24 40 723.5 868.5 32.0 Pedestrian
343 36 40 721.5 852.5 32.0 Pedestrian
344 48 40 719.5 836.0 32.0 Pedestrian
345 60 40 717.5 820.0 32.0 Pedestrian
346 72 40 715.5 804.0 32.0 Pedestrian
347 84 40 713.5 787.5 32.0 Pedestrian
348 96 40 711.5 771.5 32.0 Pedestrian
349 108 40 709.5 755.5 32.0 Pedestrian
350 120 40 707.0 739.0 32.0 Pedestrian
351 132 40 703.0 723.0 32.0 Pedestrian
352 144 40 701.0 707.0 32.0 Pedestrian
353 156 40 699.0 690.5 32.0 Pedestrian
354 168 40 695.0 674.5 32.0 Pedestrian
355 180 40 693.0 658.5 32.0 Pedestrian
356 192 40 691.0 642.0 32.0 Pedestrian
357 204 40 687.0 626.0 32.0 Pedestrian
358 216 40 685.0 610.0 32.0 Pedestrian
359 228 40 683.0 593.5 32.0 Pedestrian
360 0 42 742.5 1292.5 33.0 Pedestrian
361 12 42 741.5 1276.5 33.0 Pedestrian
362 24 42 741.5 1260.5 33.0 Pedestrian
363 36 42 741.5 1248.5 33.0 Pedestrian
364 48 42 741.5 1232.5 33.0 Pedestrian
365 60 42 741.5 1220.5 33.0 Pedestrian
366 72 42 741.5 1203.5 33.0 Pedestrian
367 84 42 741.5 1191.5 33.0 Pedestrian
368 96 42 741.5 1175.5 33.0 Pedestrian
369 108 42 741.5 1163.5 33.0 Pedestrian
370 120 42 741.5 1147.5 33.0 Pedestrian
371 132 42 741.5 1135.5 33.0 Pedestrian
372 144 42 741.5 1119.5 33.0 Pedestrian
373 156 42 741.5 1106.5 33.0 Pedestrian
374 168 42 741.5 1090.5 33.0 Pedestrian
375 180 42 741.5 1078.5 33.0 Pedestrian
376 192 42 741.5 1062.5 33.0 Pedestrian
377 204 42 741.5 1050.5 33.0 Pedestrian
378 216 42 741.5 1034.5 33.0 Pedestrian
379 228 42 740.5 1022.5 33.0 Pedestrian
380 0 44 80.0 698.5 34.0 Pedestrian
381 12 44 96.0 698.5 34.0 Pedestrian
382 24 44 112.0 698.5 34.0 Pedestrian
383 36 44 128.5 698.5 34.0 Pedestrian
384 48 44 146.5 698.5 34.0 Pedestrian
385 60 44 162.5 698.5 34.0 Pedestrian
386 72 44 179.0 698.5 34.0 Pedestrian
387 84 44 197.0 698.5 34.0 Pedestrian
388 96 44 213.0 698.5 34.0 Pedestrian
389 108 44 229.0 698.5 34.0 Pedestrian
390 120 44 245.0 698.5 34.0 Pedestrian
391 132 44 263.0 698.5 34.0 Pedestrian
392 144 44 279.5 698.5 34.0 Pedestrian
393 156 44 295.5 698.5 34.0 Pedestrian
394 168 44 314.0 698.5 34.0 Pedestrian
395 180 44 330.0 698.5 34.0 Pedestrian
396 192 44 346.0 698.5 34.0 Pedestrian
397 204 44 364.0 698.5 34.0 Pedestrian
398 216 44 380.0 698.5 34.0 Pedestrian
399 228 44 396.0 698.5 34.0 Pedestrian
400 0 46 822.0 444.5 35.0 Pedestrian
401 12 46 822.0 444.5 35.0 Pedestrian
402 24 46 822.0 444.5 35.0 Pedestrian
403 36 46 822.0 444.5 35.0 Pedestrian
404 48 46 822.0 444.5 35.0 Pedestrian
405 60 46 822.0 444.5 35.0 Pedestrian
406 72 46 822.0 444.5 35.0 Pedestrian
407 84 46 822.0 444.5 35.0 Pedestrian
408 96 46 822.0 444.5 35.0 Pedestrian
409 108 46 822.0 444.5 35.0 Pedestrian
410 120 46 822.0 444.5 35.0 Pedestrian
411 132 46 822.0 444.5 35.0 Pedestrian
412 144 46 822.0 444.5 35.0 Pedestrian
413 156 46 822.0 444.5 35.0 Pedestrian
414 168 46 822.0 444.5 35.0 Pedestrian
415 180 46 822.0 444.5 35.0 Pedestrian
416 192 46 822.0 444.5 35.0 Pedestrian
417 204 46 822.0 444.5 35.0 Pedestrian
418 216 46 822.0 444.5 35.0 Pedestrian
419 228 46 822.0 444.5 35.0 Pedestrian
420 12 6 1264.0 1870.5 6.0 Pedestrian
421 24 6 1272.0 1866.5 6.0 Pedestrian
422 36 6 1278.5 1862.5 6.0 Pedestrian
423 48 6 1286.5 1858.5 6.0 Pedestrian
424 60 6 1294.5 1850.5 6.0 Pedestrian
425 72 6 1302.5 1838.5 6.0 Pedestrian
426 84 6 1312.5 1826.5 6.0 Pedestrian
427 96 6 1320.5 1814.5 6.0 Pedestrian
428 108 6 1330.5 1806.5 6.0 Pedestrian
429 120 6 1343.0 1802.5 6.0 Pedestrian
430 132 6 1355.0 1798.5 6.0 Pedestrian
431 144 6 1367.0 1794.0 6.0 Pedestrian
432 156 6 1377.0 1790.0 6.0 Pedestrian
433 168 6 1389.0 1785.5 6.0 Pedestrian
434 180 6 1401.0 1781.5 6.0 Pedestrian
435 192 6 1411.0 1781.5 6.0 Pedestrian
436 204 6 1417.0 1781.5 6.0 Pedestrian
437 216 6 1423.0 1781.5 6.0 Pedestrian
438 228 6 1434.0 1781.5 6.0 Pedestrian
439 240 6 1437.0 1781.5 6.0 Pedestrian
440 180 5 453.5 1911.0 5.0 Pedestrian
441 192 5 458.0 1909.0 5.0 Pedestrian
442 204 5 466.0 1905.0 5.0 Pedestrian
443 216 5 474.0 1903.0 5.0 Pedestrian
444 228 5 480.0 1897.0 5.0 Pedestrian
445 240 5 488.0 1893.0 5.0 Pedestrian
446 252 5 498.0 1887.0 5.0 Pedestrian
447 264 5 506.0 1879.0 5.0 Pedestrian
448 276 5 516.0 1874.5 5.0 Pedestrian
449 288 5 526.0 1866.5 5.0 Pedestrian
450 300 5 531.0 1862.5 5.0 Pedestrian
451 312 5 533.0 1858.5 5.0 Pedestrian
452 324 5 538.0 1850.5 5.0 Pedestrian
453 336 5 542.0 1842.5 5.0 Pedestrian
454 348 5 546.0 1834.5 5.0 Pedestrian
455 360 5 548.0 1826.5 5.0 Pedestrian
456 372 5 548.0 1826.5 5.0 Pedestrian
457 384 5 548.0 1826.5 5.0 Pedestrian
458 396 5 548.0 1826.5 5.0 Pedestrian
459 408 5 548.0 1826.5 5.0 Pedestrian
460 204 23 791.0 1915.0 18.0 Pedestrian
461 216 23 789.0 1905.0 18.0 Pedestrian
462 228 23 788.0 1897.0 18.0 Pedestrian
463 240 23 787.0 1889.0 18.0 Pedestrian
464 252 23 787.0 1881.0 18.0 Pedestrian
465 264 23 787.0 1868.5 18.0 Pedestrian
466 276 23 787.0 1856.5 18.0 Pedestrian
467 288 23 787.0 1844.5 18.0 Pedestrian
468 300 23 787.0 1832.5 18.0 Pedestrian
469 312 23 787.0 1820.5 18.0 Pedestrian
470 324 23 787.0 1804.5 18.0 Pedestrian
471 336 23 787.0 1792.0 18.0 Pedestrian
472 348 23 787.0 1779.5 18.0 Pedestrian
473 360 23 787.0 1767.5 18.0 Pedestrian
474 372 23 787.0 1755.5 18.0 Pedestrian
475 384 23 787.0 1743.5 18.0 Pedestrian
476 396 23 787.0 1731.5 18.0 Pedestrian
477 408 23 787.0 1719.5 18.0 Pedestrian
478 420 23 787.0 1703.0 18.0 Pedestrian
479 432 23 787.0 1691.0 18.0 Pedestrian
480 240 1 920.0 391.5 0.0 Pedestrian
481 252 1 932.0 391.5 0.0 Pedestrian
482 264 1 946.0 387.5 0.0 Pedestrian
483 276 1 958.0 387.5 0.0 Pedestrian
484 288 1 970.0 387.5 0.0 Pedestrian
485 300 1 982.0 383.5 0.0 Pedestrian
486 312 1 996.5 383.5 0.0 Pedestrian
487 324 1 1008.5 383.5 0.0 Pedestrian
488 336 1 1020.5 379.5 0.0 Pedestrian
489 348 1 1034.5 379.5 0.0 Pedestrian
490 360 1 1047.0 379.5 0.0 Pedestrian
491 372 1 1059.0 379.5 0.0 Pedestrian
492 384 1 1069.0 379.5 0.0 Pedestrian
493 396 1 1079.0 379.5 0.0 Pedestrian
494 408 1 1091.0 379.5 0.0 Pedestrian
495 420 1 1101.0 379.5 0.0 Pedestrian
496 432 1 1111.0 379.5 0.0 Pedestrian
497 444 1 1123.0 379.5 0.0 Pedestrian
498 456 1 1133.0 379.5 0.0 Pedestrian
499 468 1 1143.5 379.5 0.0 Pedestrian
500 240 9 615.0 925.0 7.0 Pedestrian
501 252 9 615.0 925.0 7.0 Pedestrian
502 264 9 615.0 925.0 7.0 Pedestrian
503 276 9 615.0 925.0 7.0 Pedestrian
504 288 9 615.0 925.0 7.0 Pedestrian
505 300 9 615.0 925.0 7.0 Pedestrian
506 312 9 615.0 925.0 7.0 Pedestrian
507 324 9 615.0 925.0 7.0 Pedestrian
508 336 9 615.0 925.0 7.0 Pedestrian
509 348 9 615.0 925.0 7.0 Pedestrian
510 360 9 615.0 925.0 7.0 Pedestrian
511 372 9 615.0 925.0 7.0 Pedestrian
512 384 9 615.0 925.0 7.0 Pedestrian
513 396 9 615.0 925.0 7.0 Pedestrian
514 408 9 615.0 925.0 7.0 Pedestrian
515 420 9 615.0 925.0 7.0 Pedestrian
516 432 9 615.0 925.0 7.0 Pedestrian
517 444 9 615.0 925.0 7.0 Pedestrian
518 456 9 615.0 925.0 7.0 Pedestrian
519 468 9 615.0 925.0 7.0 Pedestrian
520 240 11 639.0 925.0 8.0 Pedestrian
521 252 11 639.0 925.0 8.0 Pedestrian
522 264 11 639.0 925.0 8.0 Pedestrian
523 276 11 639.0 925.0 8.0 Pedestrian
524 288 11 639.0 925.0 8.0 Pedestrian
525 300 11 639.0 925.0 8.0 Pedestrian
526 312 11 639.0 925.0 8.0 Pedestrian
527 324 11 639.0 925.0 8.0 Pedestrian
528 336 11 639.0 925.0 8.0 Pedestrian
529 348 11 639.0 925.0 8.0 Pedestrian
530 360 11 639.0 925.0 8.0 Pedestrian
531 372 11 639.0 925.0 8.0 Pedestrian
532 384 11 639.0 925.0 8.0 Pedestrian
533 396 11 639.0 925.0 8.0 Pedestrian
534 408 11 639.0 925.0 8.0 Pedestrian
535 420 11 639.0 925.0 8.0 Pedestrian
536 432 11 639.0 925.0 8.0 Pedestrian
537 444 11 639.0 925.0 8.0 Pedestrian
538 456 11 639.0 925.0 8.0 Pedestrian
539 468 11 639.0 925.0 8.0 Pedestrian
540 240 13 666.0 933.0 9.0 Pedestrian
541 252 13 666.0 933.0 9.0 Pedestrian
542 264 13 666.0 933.0 9.0 Pedestrian
543 276 13 666.0 933.0 9.0 Pedestrian
544 288 13 666.0 933.0 9.0 Pedestrian
545 300 13 666.0 933.0 9.0 Pedestrian
546 312 13 666.0 933.0 9.0 Pedestrian
547 324 13 666.0 933.0 9.0 Pedestrian
548 336 13 666.0 933.0 9.0 Pedestrian
549 348 13 666.0 933.0 9.0 Pedestrian
550 360 13 666.0 933.0 9.0 Pedestrian
551 372 13 666.0 933.0 9.0 Pedestrian
552 384 13 666.0 933.0 9.0 Pedestrian
553 396 13 666.0 933.0 9.0 Pedestrian
554 408 13 666.0 933.0 9.0 Pedestrian
555 420 13 666.0 933.0 9.0 Pedestrian
556 432 13 666.0 933.0 9.0 Pedestrian
557 444 13 666.0 933.0 9.0 Pedestrian
558 456 13 666.0 933.0 9.0 Pedestrian
559 468 13 666.0 933.0 9.0 Pedestrian
560 240 15 663.0 959.5 10.0 Pedestrian
561 252 15 663.0 959.5 10.0 Pedestrian
562 264 15 663.0 959.5 10.0 Pedestrian
563 276 15 663.0 959.5 10.0 Pedestrian
564 288 15 663.0 959.5 10.0 Pedestrian
565 300 15 663.0 959.5 10.0 Pedestrian
566 312 15 663.0 959.5 10.0 Pedestrian
567 324 15 663.0 959.5 10.0 Pedestrian
568 336 15 663.0 959.5 10.0 Pedestrian
569 348 15 663.0 959.5 10.0 Pedestrian
570 360 15 663.0 959.5 10.0 Pedestrian
571 372 15 663.0 959.5 10.0 Pedestrian
572 384 15 663.0 959.5 10.0 Pedestrian
573 396 15 663.0 959.5 10.0 Pedestrian
574 408 15 663.0 959.5 10.0 Pedestrian
575 420 15 663.0 959.5 10.0 Pedestrian
576 432 15 663.0 959.5 10.0 Pedestrian
577 444 15 663.0 959.5 10.0 Pedestrian
578 456 15 663.0 959.5 10.0 Pedestrian
579 468 15 663.0 959.5 10.0 Pedestrian
580 240 18 731.5 262.5 13.0 Pedestrian
581 252 18 733.5 242.0 13.0 Pedestrian
582 264 18 735.5 217.5 13.0 Pedestrian
583 276 18 737.5 197.5 13.0 Pedestrian
584 288 18 739.5 177.5 13.0 Pedestrian
585 300 18 743.5 157.5 13.0 Pedestrian
586 312 18 743.5 132.5 13.0 Pedestrian
587 324 18 746.0 108.5 13.0 Pedestrian
588 336 18 748.0 84.5 13.0 Pedestrian
589 348 18 750.0 60.5 13.0 Pedestrian
590 360 18 752.0 46.0 13.0 Pedestrian
591 372 18 752.0 28.0 13.0 Pedestrian
592 384 18 752.0 22.0 13.0 Pedestrian
593 396 18 750.0 52.0 13.0 Pedestrian
594 408 18 746.0 98.5 13.0 Pedestrian
595 420 18 741.5 145.0 13.0 Pedestrian
596 432 18 737.5 187.5 13.0 Pedestrian
597 444 18 733.5 234.0 13.0 Pedestrian
598 456 18 729.5 280.5 13.0 Pedestrian
599 468 18 725.5 324.5 13.0 Pedestrian
600 240 20 946.0 868.5 14.0 Pedestrian
601 252 20 946.0 868.5 14.0 Pedestrian
602 264 20 946.0 868.5 14.0 Pedestrian
603 276 20 946.0 868.5 14.0 Pedestrian
604 288 20 946.0 868.5 14.0 Pedestrian
605 300 20 946.0 868.5 14.0 Pedestrian
606 312 20 946.0 868.5 14.0 Pedestrian
607 324 20 946.0 868.5 14.0 Pedestrian
608 336 20 946.0 868.5 14.0 Pedestrian
609 348 20 946.0 868.5 14.0 Pedestrian
610 360 20 946.0 868.5 14.0 Pedestrian
611 372 20 946.0 868.5 14.0 Pedestrian
612 384 20 946.0 868.5 14.0 Pedestrian
613 396 20 946.0 868.5 14.0 Pedestrian
614 408 20 946.0 868.5 14.0 Pedestrian
615 420 20 946.0 868.5 14.0 Pedestrian
616 432 20 946.0 868.5 14.0 Pedestrian
617 444 20 946.0 868.5 14.0 Pedestrian
618 456 20 946.0 868.5 14.0 Pedestrian
619 468 20 946.0 868.5 14.0 Pedestrian
620 240 22 657.0 1062.5 17.0 Pedestrian
621 252 22 655.0 1074.5 17.0 Pedestrian
622 264 22 655.0 1090.5 17.0 Pedestrian
623 276 22 653.0 1102.5 17.0 Pedestrian
624 288 22 653.0 1115.0 17.0 Pedestrian
625 300 22 651.0 1127.5 17.0 Pedestrian
626 312 22 651.0 1139.5 17.0 Pedestrian
627 324 22 649.0 1155.5 17.0 Pedestrian
628 336 22 647.0 1167.5 17.0 Pedestrian
629 348 22 647.0 1179.5 17.0 Pedestrian
630 360 22 647.0 1191.5 17.0 Pedestrian
631 372 22 647.0 1208.0 17.0 Pedestrian
632 384 22 647.0 1220.5 17.0 Pedestrian
633 396 22 647.0 1236.5 17.0 Pedestrian
634 408 22 647.0 1248.5 17.0 Pedestrian
635 420 22 647.0 1264.5 17.0 Pedestrian
636 432 22 649.0 1276.5 17.0 Pedestrian
637 444 22 649.0 1288.5 17.0 Pedestrian
638 456 22 649.0 1305.0 17.0 Pedestrian
639 468 22 649.0 1317.5 17.0 Pedestrian
640 240 25 947.0 812.0 19.0 Pedestrian
641 252 25 933.0 812.0 19.0 Pedestrian
642 264 25 919.0 812.0 19.0 Pedestrian
643 276 25 907.0 812.0 19.0 Pedestrian
644 288 25 895.0 812.0 19.0 Pedestrian
645 300 25 884.5 816.0 19.0 Pedestrian
646 312 25 872.5 820.0 19.0 Pedestrian
647 324 25 862.5 824.0 19.0 Pedestrian
648 336 25 852.5 828.0 19.0 Pedestrian
649 348 25 840.0 832.0 19.0 Pedestrian
650 360 25 830.0 836.5 19.0 Pedestrian
651 372 25 820.0 840.5 19.0 Pedestrian
652 384 25 808.0 844.5 19.0 Pedestrian
653 396 25 800.0 852.5 19.0 Pedestrian
654 408 25 792.0 864.5 19.0 Pedestrian
655 420 25 786.0 880.5 19.0 Pedestrian
656 432 25 778.0 892.5 19.0 Pedestrian
657 444 25 776.0 904.5 19.0 Pedestrian
658 456 25 774.0 913.0 19.0 Pedestrian
659 468 25 772.0 925.0 19.0 Pedestrian
660 240 27 942.0 787.5 20.0 Pedestrian
661 252 27 928.0 787.5 20.0 Pedestrian
662 264 27 916.0 787.5 20.0 Pedestrian
663 276 27 902.0 787.5 20.0 Pedestrian
664 288 27 888.0 787.5 20.0 Pedestrian
665 300 27 873.5 791.5 20.0 Pedestrian
666 312 27 859.5 795.5 20.0 Pedestrian
667 324 27 843.0 799.5 20.0 Pedestrian
668 336 27 829.0 803.5 20.0 Pedestrian
669 348 27 817.0 812.0 20.0 Pedestrian
670 360 27 809.0 820.0 20.0 Pedestrian
671 372 27 801.0 832.0 20.0 Pedestrian
672 384 27 793.0 840.5 20.0 Pedestrian
673 396 27 785.0 852.5 20.0 Pedestrian
674 408 27 775.0 860.5 20.0 Pedestrian
675 420 27 767.0 872.5 20.0 Pedestrian
676 432 27 759.0 880.5 20.0 Pedestrian
677 444 27 751.0 892.5 20.0 Pedestrian
678 456 27 749.0 905.0 20.0 Pedestrian
679 468 27 747.0 917.0 20.0 Pedestrian
680 240 29 458.0 852.5 23.0 Pedestrian
681 252 29 472.0 856.5 23.0 Pedestrian
682 264 29 484.0 856.5 23.0 Pedestrian
683 276 29 496.0 856.5 23.0 Pedestrian
684 288 29 506.0 860.5 23.0 Pedestrian
685 300 29 512.0 860.5 23.0 Pedestrian
686 312 29 518.0 864.5 23.0 Pedestrian
687 324 29 525.0 864.5 23.0 Pedestrian
688 336 29 533.0 868.5 23.0 Pedestrian
689 348 29 543.0 868.5 23.0 Pedestrian
690 360 29 555.0 868.5 23.0 Pedestrian
691 372 29 565.5 868.5 23.0 Pedestrian
692 384 29 575.5 868.5 23.0 Pedestrian
693 396 29 585.5 872.5 23.0 Pedestrian
694 408 29 595.5 876.5 23.0 Pedestrian
695 420 29 606.0 884.5 23.0 Pedestrian
696 432 29 614.0 888.5 23.0 Pedestrian
697 444 29 624.0 892.5 23.0 Pedestrian
698 456 29 634.0 896.5 23.0 Pedestrian
699 468 29 638.0 900.5 23.0 Pedestrian
700 240 31 440.5 832.0 24.0 Pedestrian
701 252 31 455.0 832.0 24.0 Pedestrian
702 264 31 469.0 832.0 24.0 Pedestrian
703 276 31 481.0 836.0 24.0 Pedestrian
704 288 31 489.0 836.0 24.0 Pedestrian
705 300 31 499.0 840.0 24.0 Pedestrian
706 312 31 507.0 844.5 24.0 Pedestrian
707 324 31 517.0 844.5 24.0 Pedestrian
708 336 31 525.0 848.5 24.0 Pedestrian
709 348 31 535.0 848.5 24.0 Pedestrian
710 360 31 543.0 852.5 24.0 Pedestrian
711 372 31 551.0 856.5 24.0 Pedestrian
712 384 31 563.5 856.5 24.0 Pedestrian
713 396 31 573.5 856.5 24.0 Pedestrian
714 408 31 585.5 856.5 24.0 Pedestrian
715 420 31 595.5 860.5 24.0 Pedestrian
716 432 31 606.0 864.5 24.0 Pedestrian
717 444 31 616.0 868.5 24.0 Pedestrian
718 456 31 626.0 872.5 24.0 Pedestrian
719 468 31 632.0 872.5 24.0 Pedestrian
720 240 33 984.0 852.5 27.0 Pedestrian
721 252 33 984.0 852.5 27.0 Pedestrian
722 264 33 984.0 852.5 27.0 Pedestrian
723 276 33 984.0 852.5 27.0 Pedestrian
724 288 33 984.0 852.5 27.0 Pedestrian
725 300 33 984.0 852.5 27.0 Pedestrian
726 312 33 984.0 852.5 27.0 Pedestrian
727 324 33 984.0 852.5 27.0 Pedestrian
728 336 33 984.0 852.5 27.0 Pedestrian
729 348 33 984.0 852.5 27.0 Pedestrian
730 360 33 984.0 852.5 27.0 Pedestrian
731 372 33 984.0 852.5 27.0 Pedestrian
732 384 33 984.0 852.5 27.0 Pedestrian
733 396 33 984.0 852.5 27.0 Pedestrian
734 408 33 984.0 852.5 27.0 Pedestrian
735 420 33 984.0 852.5 27.0 Pedestrian
736 432 33 984.0 852.5 27.0 Pedestrian
737 444 33 984.0 852.5 27.0 Pedestrian
738 456 33 984.0 852.5 27.0 Pedestrian
739 468 33 984.0 852.5 27.0 Pedestrian
740 240 35 1024.5 425.5 28.0 Pedestrian
741 252 35 1014.5 425.5 28.0 Pedestrian
742 264 35 1006.5 425.5 28.0 Pedestrian
743 276 35 994.0 421.5 28.0 Pedestrian
744 288 35 982.0 421.5 28.0 Pedestrian
745 300 35 970.0 417.5 28.0 Pedestrian
746 312 35 958.0 417.5 28.0 Pedestrian
747 324 35 946.0 413.5 28.0 Pedestrian
748 336 35 932.0 413.5 28.0 Pedestrian
749 348 35 916.0 413.5 28.0 Pedestrian
750 360 35 902.0 413.5 28.0 Pedestrian
751 372 35 885.5 413.5 28.0 Pedestrian
752 384 35 871.5 413.5 28.0 Pedestrian
753 396 35 855.5 415.5 28.0 Pedestrian
754 408 35 843.0 415.5 28.0 Pedestrian
755 420 35 829.0 419.5 28.0 Pedestrian
756 432 35 815.0 423.5 28.0 Pedestrian
757 444 35 803.0 423.5 28.0 Pedestrian
758 456 35 789.0 427.5 28.0 Pedestrian
759 468 35 775.0 432.0 28.0 Pedestrian
760 240 37 765.0 510.5 29.0 Pedestrian
761 252 37 765.0 510.5 29.0 Pedestrian
762 264 37 765.0 510.5 29.0 Pedestrian
763 276 37 765.0 510.5 29.0 Pedestrian
764 288 37 767.0 506.5 29.0 Pedestrian
765 300 37 769.0 506.5 29.0 Pedestrian
766 312 37 769.0 506.5 29.0 Pedestrian
767 324 37 771.0 506.5 29.0 Pedestrian
768 336 37 771.0 506.5 29.0 Pedestrian
769 348 37 767.0 506.5 29.0 Pedestrian
770 360 37 765.0 506.5 29.0 Pedestrian
771 372 37 763.0 506.5 29.0 Pedestrian
772 384 37 759.0 506.5 29.0 Pedestrian
773 396 37 757.0 506.5 29.0 Pedestrian
774 408 37 757.0 510.5 29.0 Pedestrian
775 420 37 757.0 510.5 29.0 Pedestrian
776 432 37 757.0 510.5 29.0 Pedestrian
777 444 37 757.0 510.5 29.0 Pedestrian
778 456 37 757.0 510.5 29.0 Pedestrian
779 468 37 757.0 510.5 29.0 Pedestrian
780 240 39 710.5 569.5 31.0 Pedestrian
781 252 39 706.5 553.5 31.0 Pedestrian
782 264 39 704.0 541.0 31.0 Pedestrian
783 276 39 704.0 525.0 31.0 Pedestrian
784 288 39 704.0 513.0 31.0 Pedestrian
785 300 39 710.5 496.5 31.0 Pedestrian
786 312 39 718.5 480.5 31.0 Pedestrian
787 324 39 728.5 468.5 31.0 Pedestrian
788 336 39 740.5 460.5 31.0 Pedestrian
789 348 39 753.0 452.0 31.0 Pedestrian
790 360 39 767.0 444.0 31.0 Pedestrian
791 372 39 779.0 436.0 31.0 Pedestrian
792 384 39 791.0 428.0 31.0 Pedestrian
793 396 39 805.0 420.0 31.0 Pedestrian
794 408 39 819.0 416.0 31.0 Pedestrian
795 420 39 833.0 411.5 31.0 Pedestrian
796 432 39 847.0 407.5 31.0 Pedestrian
797 444 39 861.5 403.5 31.0 Pedestrian
798 456 39 875.5 403.5 31.0 Pedestrian
799 468 39 892.0 403.5 31.0 Pedestrian
800 240 41 683.0 577.5 32.0 Pedestrian
801 252 41 683.0 561.5 32.0 Pedestrian
802 264 41 683.0 545.0 32.0 Pedestrian
803 276 41 683.0 529.0 32.0 Pedestrian
804 288 41 684.0 517.0 32.0 Pedestrian
805 300 41 690.0 496.5 32.0 Pedestrian
806 312 41 696.0 476.5 32.0 Pedestrian
807 324 41 704.0 460.5 32.0 Pedestrian
808 336 41 715.5 452.0 32.0 Pedestrian
809 348 41 729.5 444.0 32.0 Pedestrian
810 360 41 744.0 432.0 32.0 Pedestrian
811 372 41 759.0 422.0 32.0 Pedestrian
812 384 41 773.0 411.5 32.0 Pedestrian
813 396 41 787.0 401.5 32.0 Pedestrian
814 408 41 802.0 393.5 32.0 Pedestrian
815 420 41 817.0 387.5 32.0 Pedestrian
816 432 41 831.0 387.5 32.0 Pedestrian
817 444 41 849.0 383.5 32.0 Pedestrian
818 456 41 867.5 379.5 32.0 Pedestrian
819 468 41 886.0 379.5 32.0 Pedestrian
820 240 43 738.5 1005.5 33.0 Pedestrian
821 252 43 736.5 993.5 33.0 Pedestrian
822 264 43 734.5 977.5 33.0 Pedestrian
823 276 43 732.5 965.5 33.0 Pedestrian
824 288 43 730.5 949.5 33.0 Pedestrian
825 300 43 728.5 937.5 33.0 Pedestrian
826 312 43 726.5 921.0 33.0 Pedestrian
827 324 43 726.5 904.5 33.0 Pedestrian
828 336 43 724.5 892.5 33.0 Pedestrian
829 348 43 722.5 876.5 33.0 Pedestrian
830 360 43 720.5 864.5 33.0 Pedestrian
831 372 43 718.5 848.5 33.0 Pedestrian
832 384 43 716.5 836.5 33.0 Pedestrian
833 396 43 714.5 824.0 33.0 Pedestrian
834 408 43 712.5 807.5 33.0 Pedestrian
835 420 43 710.5 795.5 33.0 Pedestrian
836 432 43 708.5 779.5 33.0 Pedestrian
837 444 43 706.5 767.5 33.0 Pedestrian
838 456 43 704.5 751.5 33.0 Pedestrian
839 468 43 702.5 739.5 33.0 Pedestrian
840 240 45 412.5 698.5 34.0 Pedestrian
841 252 45 430.5 698.5 34.0 Pedestrian
842 264 45 446.5 698.5 34.0 Pedestrian
843 276 45 463.0 698.5 34.0 Pedestrian
844 288 45 481.0 698.5 34.0 Pedestrian
845 300 45 497.0 698.5 34.0 Pedestrian
846 312 45 513.0 698.5 34.0 Pedestrian
847 324 45 531.0 698.5 34.0 Pedestrian
848 336 45 547.0 702.5 34.0 Pedestrian
849 348 45 565.5 702.5 34.0 Pedestrian
850 360 45 581.5 702.5 34.0 Pedestrian
851 372 45 599.5 706.5 34.0 Pedestrian
852 384 45 618.0 706.5 34.0 Pedestrian
853 396 45 636.0 706.5 34.0 Pedestrian
854 408 45 652.0 710.5 34.0 Pedestrian
855 420 45 670.0 710.5 34.0 Pedestrian
856 432 45 688.0 710.5 34.0 Pedestrian
857 444 45 706.5 714.5 34.0 Pedestrian
858 456 45 722.5 714.5 34.0 Pedestrian
859 468 45 740.5 719.0 34.0 Pedestrian
860 240 47 822.0 444.5 35.0 Pedestrian
861 252 47 822.0 444.5 35.0 Pedestrian
862 264 47 822.0 444.5 35.0 Pedestrian
863 276 47 822.0 444.5 35.0 Pedestrian
864 288 47 822.0 444.5 35.0 Pedestrian
865 300 47 822.0 444.5 35.0 Pedestrian
866 312 47 822.0 444.5 35.0 Pedestrian
867 324 47 822.0 444.5 35.0 Pedestrian
868 336 47 822.0 444.5 35.0 Pedestrian
869 348 47 822.0 444.5 35.0 Pedestrian
870 360 47 822.0 444.5 35.0 Pedestrian
871 372 47 822.0 444.5 35.0 Pedestrian
872 384 47 822.0 444.5 35.0 Pedestrian
873 396 47 822.0 444.5 35.0 Pedestrian
874 408 47 822.0 444.5 35.0 Pedestrian
875 420 47 822.0 444.5 35.0 Pedestrian
876 432 47 822.0 444.5 35.0 Pedestrian
877 444 47 822.0 444.5 35.0 Pedestrian
878 456 47 822.0 444.5 35.0 Pedestrian
879 468 47 822.0 444.5 35.0 Pedestrian
880 252 7 1424.91 1786.15 6.0 Pedestrian
881 264 7 1419.64 1788.57 6.0 Pedestrian
882 276 7 1414.38 1790.99 6.0 Pedestrian
883 288 7 1409.11 1793.42 6.0 Pedestrian
884 300 7 1403.85 1795.84 6.0 Pedestrian
885 312 7 1398.58 1798.26 6.0 Pedestrian
886 324 7 1393.32 1800.69 6.0 Pedestrian
887 336 7 1388.05 1803.11 6.0 Pedestrian
888 348 7 1382.79 1805.54 6.0 Pedestrian
889 360 7 1377.52 1807.96 6.0 Pedestrian
890 372 7 1372.26 1810.38 6.0 Pedestrian
891 384 7 1367.0 1812.81 6.0 Pedestrian
892 396 7 1361.73 1815.23 6.0 Pedestrian
893 408 7 1356.47 1817.66 6.0 Pedestrian
894 420 7 1351.2 1820.08 6.0 Pedestrian
895 432 7 1345.94 1822.5 6.0 Pedestrian
896 444 7 1340.67 1824.93 6.0 Pedestrian
897 456 7 1335.41 1827.35 6.0 Pedestrian
898 468 7 1330.14 1829.77 6.0 Pedestrian
899 480 7 1324.88 1832.2 6.0 Pedestrian
